date,elevation,temperature_2m_max,temperature_2m_min,temperature_2m_mean,apparent_temperature_max,apparent_temperature_min,apparent_temperature_mean,daylight_duration,sunshine_duration,precipitation_sum,rain_sum,precipitation_hours,wind_speed_10m_max,wind_gusts_10m_max,wind_direction_10m_dominant,shortwave_radiation_sum,et0_fao_evapotranspiration,cumulative_temperature_2m_mean,cumulative_apparent_temperature_mean,cumulative_daylight_duration,cumulative_sunshine_duration,cumulative_precipitation_sum,cumulative_rain_sum,cumulative_precipitation_hours,cumulative_shortwave_radiation_sum,cumulative_et0_fao_evapotranspiration,day
2025-01-01 16:00:00+00:00,2254.0,10.281,8.581,9.431001,8.574623,6.505128,7.6455207,38748.566,990.56445,10.4,10.4,24.0,13.432632,28.44,44.646,2.95,0.50121486,9.431001,7.6455207,38748.566,990.56445,10.4,10.4,24.0,2.95,0.50121486,1
2025-01-02 16:00:00+00:00,2254.0,9.381,6.3809996,8.297667,6.977455,2.6529732,5.5880566,38770.88,0.0,12.699998,12.699998,24.0,18.589739,42.839996,42.915203,2.15,0.3920767,17.728668,13.233578,77519.445,990.56445,23.099998,23.099998,48.0,5.1000004,0.8932916,2
2025-01-03 16:00:00+00:00,2254.0,10.481,4.331,6.9226665,6.8192215,0.46606207,3.335539,38794.832,35874.24,4.3999996,4.3999996,19.0,17.356705,45.36,45.97686,12.87,1.6433089,24.651335,16.569117,116314.28,36864.805,27.499998,27.499998,67.0,17.970001,2.5366006,3
2025-01-04 16:00:00+00:00,2254.0,10.231,5.3809996,7.3455834,8.155418,2.4001122,5.2128215,38820.406,35704.65,2.4,2.4,15.0,11.212135,34.56,52.648727,9.9,1.467531,31.996918,21.781939,155134.69,72569.45,29.899998,29.899998,82.0,27.87,4.0041313,4
2025-01-05 16:00:00+00:00,2254.0,11.631,3.6809998,7.164333,9.439278,0.46725798,4.154392,38847.57,33285.645,4.799999,4.799999,20.0,15.531193,37.44,50.914936,13.01,1.8268166,39.16125,25.93633,193982.25,105855.09,34.699997,34.699997,102.0,40.88,5.830948,5
2025-01-06 16:00:00+00:00,2254.0,9.531,3.481,6.3205833,6.945595,-0.26822925,3.1683037,38876.312,26207.771,2.6000004,2.6000004,19.0,15.156384,36.719997,54.028423,9.42,1.3116324,45.481834,29.104635,232858.56,132062.86,37.299995,37.299995,121.0,50.300003,7.14258,6
2025-01-07 16:00:00+00:00,2254.0,10.381,3.131,6.4184995,8.724324,0.060618877,3.7973566,38906.92,35834.938,1.8000003,1.8000003,15.0,11.328566,25.199999,49.61503,14.81,2.0226734,51.900333,32.901993,271765.5,167897.8,39.099995,39.099995,136.0,65.11,9.165254,7
2025-01-08 16:00:00+00:00,2254.0,9.831,2.481,5.956001,6.3161097,-1.8434901,2.3653548,38939.5,25028.975,4.6000004,4.6000004,11.0,17.31746,37.44,42.854618,11.23,1.5467536,57.856335,35.26735,310705.0,192926.77,43.699997,43.699997,147.0,76.34,10.7120075,8
2025-01-09 16:00:00+00:00,2254.0,6.1309996,3.231,4.222667,2.338851,-0.9522991,0.2962173,38973.977,7988.5776,7.2000003,7.2000003,24.0,17.23964,40.32,46.52206,4.23,0.5385487,62.079002,35.56357,349678.97,200915.34,50.899998,50.899998,171.0,80.57,11.250556,9
2025-01-10 16:00:00+00:00,2254.0,5.8809996,2.7810001,3.98725,3.0783787,-1.0367756,0.6174654,39010.293,2044.5819,7.199999,7.199999,24.0,14.892213,36.36,48.94955,4.65,0.6187064,66.06625,36.181034,388689.25,202959.92,58.1,58.1,195.0,85.22,11.869263,10
2025-01-11 16:00:00+00:00,2254.0,8.281,0.83099985,4.3664165,4.596594,-3.4466856,0.64073366,39048.36,33272.266,3.7999995,3.7999995,23.0,15.072783,37.8,48.863354,12.77,1.5508792,70.43267,36.821766,427737.62,236232.19,61.899998,61.899998,218.0,97.990005,13.420142,11
2025-01-12 16:00:00+00:00,2254.0,10.081,0.7809999,5.224749,6.9860506,-3.173891,1.7141118,39088.117,31426.973,1.1000001,1.1000001,11.0,15.476859,37.8,54.044598,14.54,1.8291193,75.65742,38.535877,466825.75,267659.16,62.999996,62.999996,229.0,112.53001,15.249262,12
2025-01-13 16:00:00+00:00,2254.0,11.981,1.9309998,7.070583,10.05479,-1.421725,4.6668577,39129.49,35818.785,1.3,1.3,6.0,12.483748,27.0,46.88432,13.44,1.950483,82.728,43.202736,505955.25,303477.94,64.299995,64.299995,235.0,125.97001,17.199745,13
2025-01-14 16:00:00+00:00,2254.0,8.581,4.781,7.36225,6.361864,0.9408932,4.9133058,39172.402,0.0,20.399998,20.399998,24.0,17.220835,39.239998,46.759544,1.86,0.3493192,90.09025,48.116043,545127.6,303477.94,84.7,84.7,259.0,127.83001,17.549065,14
2025-01-15 16:00:00+00:00,2254.0,6.781,3.481,4.695583,3.8290224,-0.33045292,1.2821072,39216.793,24690.154,4.6,4.6,24.0,16.616642,33.48,55.02689,7.34,0.91661686,94.78583,49.39815,584344.44,328168.1,89.299995,89.299995,283.0,135.17001,18.465681,15
2025-01-16 16:00:00+00:00,2254.0,8.731,0.931,5.083083,5.3930655,-2.9944758,1.5566944,39262.586,31579.355,1.8000002,1.8000002,11.0,15.426535,39.239998,53.934387,12.39,1.5068686,99.86891,50.954845,623607.0,359747.44,91.1,91.1,294.0,147.56001,19.97255,16
2025-01-17 16:00:00+00:00,2254.0,7.281,2.981,5.464334,4.6428566,-0.8403263,2.4068968,39309.715,13659.889,3.3,3.3,18.0,14.000713,34.92,49.653442,6.14,0.88546926,105.333244,53.361744,662916.7,373407.3,94.4,94.4,312.0,153.70001,20.858019,17
2025-01-18 16:00:00+00:00,2254.0,11.531,5.3809996,7.84975,9.865403,3.486969,5.9576116,39358.11,35841.637,5.600001,5.600001,19.0,10.626099,25.919998,58.21473,11.98,1.7535282,113.18299,59.319355,702274.8,409248.94,100.0,100.0,331.0,165.68001,22.611547,18
2025-01-19 16:00:00+00:00,2254.0,11.331,3.3309999,6.8435,10.281906,-0.08756065,4.076281,39407.7,35850.234,2.9,2.9,16.0,13.5012,28.8,52.04162,15.53,2.1412148,120.02649,63.395638,741682.5,445099.2,102.9,102.9,347.0,181.21,24.752762,19
2025-01-20 16:00:00+00:00,2254.0,9.881,3.5809999,6.339334,6.999545,0.15267181,3.238981,39458.414,35860.176,1.9000003,1.9000003,19.0,13.896187,38.519997,51.572887,14.12,1.8036743,126.36582,66.63462,781140.94,480959.38,104.8,104.8,366.0,195.33,26.556437,20
2025-01-21 16:00:00+00:00,2254.0,9.281,4.531,6.335167,7.668401,1.0685406,3.9503438,39510.195,15395.188,2.9999998,2.9999998,19.0,12.708815,30.599998,48.270588,6.06,0.95680416,132.70099,70.58496,820651.1,496354.56,107.8,107.8,385.0,201.39,27.51324,21
2025-01-22 16:00:00+00:00,2254.0,12.881,4.331,8.241417,10.849896,2.0656986,6.405749,39562.977,35892.95,1.9000001,1.9000001,6.0,11.782784,31.68,147.68753,15.65,2.2507784,140.94241,76.99071,860214.1,532247.5,109.700005,109.700005,391.0,217.04,29.764019,22
2025-01-23 16:00:00+00:00,2254.0,13.031,5.981,8.856,11.907288,3.3015432,6.6816554,39616.684,33489.957,3.0000002,3.0000002,16.0,10.583326,26.28,56.872433,12.95,1.9807142,149.79842,83.67236,899830.8,565737.44,112.700005,112.700005,407.0,229.98999,31.744734,23
2025-01-24 16:00:00+00:00,2254.0,12.131,5.6809998,8.216416,10.456757,3.0139437,5.7277083,39671.26,35913.652,3.2,3.2,20.0,11.246759,28.08,47.561985,15.18,2.1688986,158.01483,89.40007,939502.06,601651.06,115.9,115.9,427.0,245.16998,33.91363,24
2025-01-25 16:00:00+00:00,2254.0,10.281,4.981,7.0539165,7.864643,2.1788368,4.4554048,39726.637,32613.184,8.500001,8.500001,24.0,11.480557,27.359999,45.560658,12.11,1.6896348,165.06874,93.85548,979228.7,634264.25,124.4,124.4,451.0,257.27997,35.603268,25
2025-01-26 16:00:00+00:00,2254.0,5.9309998,2.0809999,4.0976667,2.5002632,-1.9942741,0.5729651,39782.77,5214.172,13.200001,13.200001,24.0,16.341381,36.0,52.279102,4.59,0.5525304,169.16641,94.428444,1019011.44,639478.44,137.6,137.6,475.0,261.86996,36.1558,26
2025-01-27 16:00:00+00:00,2254.0,5.531,1.631,3.231,2.028583,-2.7604637,-0.80477804,39840.145,15155.946,2.7000003,2.7000003,15.0,16.560978,37.079998,54.195026,7.37,0.9219056,172.39742,93.623665,1058851.6,654634.4,140.3,140.3,490.0,269.23996,37.077705,27
2025-01-28 16:00:00+00:00,2254.0,6.031,2.0809999,3.608083,2.6153412,-2.1180665,-0.26327583,39898.99,15050.471,3.3000004,3.3000004,23.0,15.683774,37.8,57.272095,7.82,0.9604395,176.0055,93.36039,1098750.6,669684.9,143.6,143.6,513.0,277.05997,38.038143,28
2025-01-29 16:00:00+00:00,2254.0,9.281,0.5309999,4.997667,6.132085,-3.3671181,1.5920148,39959.215,36130.305,0.70000005,0.70000005,6.0,13.752047,36.0,53.333275,14.71,1.8536278,181.00316,94.95241,1138709.9,705815.2,144.3,144.3,519.0,291.76996,39.89177,29
2025-01-30 16:00:00+00:00,2254.0,9.931,4.6809998,6.953916,8.338192,1.3652468,4.484135,40020.746,15090.031,32.800003,32.800003,24.0,12.768586,33.48,43.559875,5.3,0.7722165,187.95708,99.43655,1178730.6,720905.25,177.1,177.1,543.0,297.06995,40.663986,30
2025-01-31 16:00:00+00:00,2254.0,13.431001,7.8809996,10.245583,12.713373,5.8365583,8.974351,40083.48,25351.033,21.300003,21.300003,24.0,10.739832,29.519999,62.108646,9.66,1.4451739,198.20267,108.4109,1218814.1,746256.3,198.40001,198.40001,567.0,306.72995,42.10916,31
2025-02-01 16:00:00+00:00,2254.0,14.081,8.131,10.401833,13.010864,6.367444,8.960124,40147.35,30663.477,5.8999996,5.8999996,21.0,9.178235,37.079998,59.271236,12.52,1.9310048,208.60449,117.37102,1258961.5,776919.8,204.3,204.3,588.0,319.24994,44.040165,32
2025-02-02 16:00:00+00:00,2254.0,11.081,4.731,7.881,8.733879,1.1908779,5.48443,40212.273,33952.188,13.400001,13.400001,24.0,15.631007,33.839996,50.86386,12.48,1.7360792,216.48549,122.855446,1299173.8,810872.0,217.7,217.7,612.0,331.72995,45.776245,33
2025-02-03 16:00:00+00:00,2254.0,4.981,2.7810001,3.9226663,1.5615168,-1.1696045,0.23857814,40278.164,11335.084,7.1999993,7.1999993,23.0,16.204998,40.32,51.349514,5.38,0.6429535,220.40816,123.094025,1339451.9,822207.06,224.9,224.9,635.0,337.10995,46.419197,34
2025-02-04 16:00:00+00:00,2254.0,6.531,1.7810001,4.085167,3.5869083,-2.2303689,0.6374889,40344.95,18843.271,3.1000004,3.1000004,22.0,15.146761,35.64,59.664806,8.63,1.0904993,224.49332,123.731514,1379796.9,841050.3,228.0,228.0,657.0,345.73996,47.509697,35
2025-02-05 16:00:00+00:00,2254.0,10.281,3.981,6.5184994,8.004521,1.1215034,4.128124,40412.54,24720.303,3.5000005,3.5000005,24.0,9.446141,25.919998,72.96599,9.66,1.3848453,231.01181,127.859634,1420209.4,865770.6,231.5,231.5,681.0,355.39996,48.894543,36
2025-02-06 16:00:00+00:00,2254.0,12.081,4.131,7.531,9.270829,0.14157343,4.5711846,40480.875,29196.072,4.2000003,4.2000003,17.0,18.372349,41.039997,47.41542,13.96,1.941201,238.54282,132.43082,1460690.2,894966.7,235.7,235.7,698.0,369.35995,50.835743,37
2025-02-07 16:00:00+00:00,2254.0,6.3809996,2.5809999,4.1976666,2.6774206,-1.7589314,0.098590635,40549.867,10902.918,7.4,7.4,24.0,18.59845,41.399998,51.20984,7.12,0.81241554,242.74048,132.5294,1501240.1,905869.6,243.09999,243.09999,722.0,376.47995,51.64816,38
2025-02-08 16:00:00+00:00,2254.0,6.731,2.5809999,4.2872496,3.2243109,-1.2728043,0.5077686,40619.45,20933.84,4.8999996,4.8999996,22.0,16.08761,41.399998,51.942894,8.91,1.0503758,247.02773,133.03717,1541859.6,926803.44,247.99998,247.99998,744.0,385.38995,52.698536,39
2025-02-09 16:00:00+00:00,2254.0,11.031,1.381,6.035167,8.451135,-2.5230932,2.890268,40689.543,36000.0,1.3000002,1.3000002,11.0,15.053425,37.44,54.528873,14.27,1.9154582,253.0629,135.92744,1582549.1,962803.44,249.29999,249.29999,755.0,399.65994,54.613995,40
2025-02-10 16:00:00+00:00,2254.0,12.381,3.631,8.110167,10.44466,0.26796627,5.690092,40760.082,30892.203,6.1000004,6.1000004,21.0,12.768586,34.92,59.02114,11.35,1.6814275,261.17307,141.61754,1623309.2,993695.6,255.4,255.4,776.0,411.00995,56.29542,41
2025-02-11 16:00:00+00:00,2254.0,10.531,8.631,9.751834,9.702396,6.9901247,8.729774,40830.99,0.0,43.199997,43.199997,24.0,8.431228,24.48,78.32007,2.49,0.49804872,270.9249,150.34732,1664140.2,993695.6,298.59998,298.59998,800.0,413.49994,56.79347,42
2025-02-12 16:00:00+00:00,2254.0,11.481,8.381,9.756,9.526178,5.5845814,7.533628,40902.195,0.0,59.499992,59.499992,24.0,17.441433,44.28,47.962124,3.38,0.5136949,280.6809,157.88095,1705042.5,993695.6,358.09998,358.09998,824.0,416.87994,57.307163,43
2025-02-13 16:00:00+00:00,2254.0,10.151,6.201,7.978083,9.537783,3.992838,6.894297,40976.812,750.7974,21.1,21.1,11.0,9.3669195,40.68,38.991013,2.58,0.5445219,288.659,164.77525,1746019.2,994446.44,379.19998,379.19998,835.0,419.45993,57.851685,44
2025-02-14 16:00:00+00:00,2254.0,14.901001,7.2510004,10.707252,14.980438,5.4600906,9.483479,41048.332,36860.57,0.0,0.0,0.0,10.137692,51.839996,309.6926,18.65,2.811357,299.36624,174.25873,1787067.6,1031307.0,379.19998,379.19998,835.0,438.10992,60.66304,45
2025-02-15 16:00:00+00:00,2254.0,16.551,6.851,10.825999,15.816896,3.127201,8.536824,41119.953,37432.188,0.0,0.0,0.0,9.746631,51.12,309.03848,22.31,3.738367,310.19223,182.79555,1828187.6,1068739.2,379.19998,379.19998,835.0,460.41992,64.401405,46
2025-02-16 16:00:00+00:00,2254.0,13.401001,5.5010004,8.640583,13.639725,2.5957704,6.9016404,41192.227,37202.03,0.0,0.0,0.0,7.9036193,46.079998,304.6811,19.05,2.8547995,318.83282,189.69719,1869379.9,1105941.2,379.19998,379.19998,835.0,479.4699,67.2562,47
2025-02-17 16:00:00+00:00,2254.0,10.701,4.101,6.7385,8.864016,1.2399836,4.58488,41265.395,36079.79,0.0,0.0,0.0,8.311245,43.199997,315.00012,15.21,2.1563435,325.57132,194.28207,1910645.2,1142021.0,379.19998,379.19998,835.0,494.6799,69.412544,48
2025-02-18 16:00:00+00:00,2254.0,10.901,3.5010002,6.2885003,8.623397,0.9832964,4.17699,41339.387,36344.867,0.0,0.0,0.0,7.5170207,40.68,121.65713,15.11,2.1518273,331.85983,198.45906,1951984.6,1178365.9,379.19998,379.19998,835.0,509.7899,71.56437,49
2025-02-19 16:00:00+00:00,2254.0,10.701,3.601,6.8051677,8.892824,0.99017143,4.855538,41414.133,36237.2,0.0,0.0,0.0,7.208994,34.2,130.48593,14.31,2.0443645,338.665,203.3146,1993398.8,1214603.1,379.19998,379.19998,835.0,524.0999,73.608734,50
2025-02-20 16:00:00+00:00,2254.0,10.901,5.151,7.4760003,9.105128,2.7697468,5.378777,41489.566,36088.598,0.1,0.0,1.0,9.178235,43.92,303.69022,13.26,1.9727905,346.14102,208.69339,2034888.4,1250691.8,379.3,379.19998,836.0,537.3599,75.58153,51
2025-02-21 16:00:00+00:00,2254.0,9.901,4.0010004,6.6405826,8.084547,1.2011456,4.5397058,41565.62,35801.76,0.0,0.0,0.0,9.826088,42.839996,106.13663,14.29,1.9469372,352.78162,213.2331,2076454.0,1286493.5,379.3,379.19998,836.0,551.6499,77.528465,52
2025-02-22 16:00:00+00:00,2254.0,11.151,4.451,7.4093328,9.428783,2.3216867,5.797519,41642.223,36694.0,0.3,0.0,3.0,6.3690495,37.44,267.66266,13.2,1.952386,360.19095,219.03061,2118096.2,1323187.5,379.59998,379.19998,839.0,564.8499,79.48085,53
2025-02-23 16:00:00+00:00,2254.0,7.101,1.8009999,4.7530837,5.3412647,-1.222775,2.4158103,41719.312,37229.473,0.3,0.0,3.0,10.446206,46.8,99.18201,11.75,1.5219529,364.94403,221.44643,2159815.5,1360417.0,379.89996,379.19998,842.0,576.5999,81.0028,54
2025-02-24 16:00:00+00:00,2254.0,8.801001,0.40100002,4.561417,7.825261,-2.1291091,2.501648,41796.82,37931.53,0.0,0.0,0.0,7.928178,38.519997,103.15761,14.75,2.0086596,369.50546,223.94807,2201612.2,1398348.5,379.89996,379.19998,842.0,591.3499,83.01146,55
2025-02-25 16:00:00+00:00,2254.0,8.801001,2.201,5.4947505,7.117422,-0.46788454,3.1764812,41874.684,27742.422,0.0,0.0,0.0,8.707238,23.759998,108.48253,12.07,1.6552644,375.0002,227.12456,2243487.0,1426090.9,379.89996,379.19998,842.0,603.4199,84.666725,56
2025-02-26 16:00:00+00:00,2254.0,12.61,4.951,8.40871,11.497695,2.6406956,6.8534074,41952.84,35171.676,0.6,0.0,6.0,8.209263,35.64,114.49392,11.91,1.8694801,383.40894,233.97797,2285439.8,1461262.5,380.49997,379.19998,848.0,615.3299,86.53621,57
2025-02-27 16:00:00+00:00,2254.0,13.06,6.41,9.326666,11.960882,4.8544054,8.028827,42031.22,39385.426,0.0,0.0,0.0,8.161764,8.64,104.18117,16.1,2.3950512,392.7356,242.00679,2327471.0,1500647.9,380.49997,379.19998,848.0,631.4299,88.93126,58
2025-02-28 16:00:00+00:00,2254.0,14.96,6.41,9.466249,14.218319,4.4684715,8.270698,42109.766,35529.605,2.1000001,0.9000001,12.0,8.209263,9.0,70.559875,12.77,2.0008044,402.20184,250.27748,2369580.8,1536177.5,382.59998,380.09998,860.0,644.1999,90.93206,59
2025-03-01 16:00:00+00:00,2254.0,13.71,8.26,10.674583,13.309961,6.2694235,9.455334,42188.414,39220.438,3.0000005,1.2,12.0,10.495713,9.0,288.79422,14.67,2.322513,412.87643,259.73282,2411769.2,1575398.0,385.59998,381.3,872.0,658.8699,93.25457,60
2025-03-02 16:00:00+00:00,2254.0,15.009999,7.71,10.493333,16.007395,5.115671,9.421809,42267.105,39629.92,0.0,0.0,0.0,10.685391,11.159999,248.83864,22.89,3.475778,423.36978,269.15463,2454036.2,1615027.9,385.59998,381.3,872.0,681.7599,96.73035,61
2025-03-03 16:00:00+00:00,2254.0,7.71,5.01,6.918333,6.686102,2.9610434,5.5538535,42345.777,0.0,0.0,0.0,0.0,5.506941,7.2,140.90614,3.01,0.5783225,430.28812,274.7085,2496382.0,1615027.9,385.59998,381.3,872.0,684.7699,97.30867,62
2025-03-04 16:00:00+00:00,2254.0,4.8100004,2.96,3.9766672,2.7280579,0.48168755,1.5443621,42424.37,13408.004,0.0,0.0,0.0,8.4042845,6.8399997,101.11544,5.36,0.7501512,434.26477,276.25287,2538806.2,1628435.9,385.59998,381.3,872.0,690.1299,98.05882,63
2025-03-05 16:00:00+00:00,2254.0,3.56,2.06,2.5787504,1.2102938,-0.45942998,0.110437244,42502.824,0.0,2.1,2.1,9.0,5.8048253,6.4799995,94.53216,1.87,0.3770527,436.8435,276.3633,2581309.0,1628435.9,387.69998,383.4,881.0,691.9999,98.435875,64
2025-03-06 16:00:00+00:00,2254.0,4.16,1.8600001,3.0287502,2.1369276,-0.6656673,0.79751325,42581.08,0.0,0.0,0.0,0.0,4.68,4.68,94.64195,2.41,0.4751888,439.87225,277.16083,2623890.0,1628435.9,387.69998,383.4,881.0,694.40985,98.911064,65
