date,elevation,temperature_2m_max,temperature_2m_min,temperature_2m_mean,apparent_temperature_max,apparent_temperature_min,apparent_temperature_mean,daylight_duration,sunshine_duration,precipitation_sum,rain_sum,precipitation_hours,wind_speed_10m_max,wind_gusts_10m_max,wind_direction_10m_dominant,shortwave_radiation_sum,et0_fao_evapotranspiration,cumulative_temperature_2m_mean,cumulative_apparent_temperature_mean,cumulative_daylight_duration,cumulative_sunshine_duration,cumulative_precipitation_sum,cumulative_rain_sum,cumulative_precipitation_hours,cumulative_shortwave_radiation_sum,cumulative_et0_fao_evapotranspiration,day
2025-01-01 16:00:00+00:00,20.0,17.739,16.289,16.936918,18.113977,16.307556,17.136969,38532.484,0.0,9.1,9.1,14.0,13.523978,23.759998,352.18646,2.58,0.73002106,16.936918,17.136969,38532.484,0.0,9.1,9.1,14.0,2.58,0.73002106,1
2025-01-02 16:00:00+00:00,20.0,18.239,14.938999,16.536917,16.62709,14.378166,15.463262,38555.824,28340.293,0.0,0.0,0.0,19.64063,41.399998,358.231,7.97,1.7176511,33.473835,32.60023,77088.31,28340.293,9.1,9.1,14.0,10.549999,2.4476721,2
2025-01-03 16:00:00+00:00,20.0,21.389,13.589,17.12025,22.155201,13.750553,17.61021,38580.883,35634.684,0.70000005,0.70000005,3.0,9.906544,23.4,339.77505,14.84,2.4713717,50.594086,50.21044,115669.195,63974.977,9.8,9.8,17.0,25.39,4.9190435,3
2025-01-04 16:00:00+00:00,20.0,19.789,14.589,16.559835,20.207832,14.819572,16.721054,38607.633,32675.38,8.400002,8.400002,14.0,16.011908,34.56,0.99586004,10.08,1.6954486,67.15392,66.931496,154276.83,96650.36,18.2,18.2,31.0,35.47,6.6144924,4
2025-01-05 16:00:00+00:00,20.0,19.389,13.188999,16.536919,18.217619,13.319462,15.61766,38636.047,35612.773,0.0,0.0,0.0,19.460823,41.760002,12.884706,17.41,2.8319771,83.69084,82.54916,192912.88,132263.12,18.2,18.2,31.0,52.88,9.446469,5
2025-01-06 16:00:00+00:00,20.0,18.939,12.039,15.068169,18.35424,12.001368,14.856175,38666.11,35162.562,3.7,3.7,14.0,9.676569,23.039999,347.96762,12.67,2.087491,98.75901,97.405334,231578.98,167425.69,21.900002,21.900002,45.0,65.55,11.53396,6
2025-01-07 16:00:00+00:00,20.0,19.838999,13.039,15.914001,20.13523,12.784256,15.690022,38698.12,35598.1,0.1,0.1,1.0,14.4415655,28.8,4.715977,15.41,2.5225167,114.67301,113.09536,270277.1,203023.78,22.000002,22.000002,46.0,80.96001,14.056477,7
2025-01-08 16:00:00+00:00,20.0,18.289,14.339,16.014,17.046204,12.218121,14.959179,38732.195,35066.926,0.0,0.0,0.0,16.584438,34.2,5.989534,11.44,2.185452,130.68701,128.05453,309009.28,238090.7,22.000002,22.000002,46.0,92.40001,16.241928,8
2025-01-09 16:00:00+00:00,20.0,15.589,12.889,13.997333,12.162186,10.01641,11.252664,38768.258,35589.1,0.5,0.5,5.0,22.245117,45.0,353.49567,12.34,2.428352,144.68434,139.3072,347777.53,273679.8,22.500002,22.500002,51.0,104.740005,18.67028,9
2025-01-10 16:00:00+00:00,20.0,16.939,12.738999,14.226499,15.253046,10.638115,12.318532,38806.24,35586.63,0.6,0.6,5.0,21.887583,44.639996,348.18488,14.4,2.386466,158.91084,151.62573,386583.78,309266.44,23.100002,23.100002,56.0,119.14001,21.056747,10
2025-01-11 16:00:00+00:00,20.0,16.838999,11.938999,13.847333,14.053169,9.299661,11.379944,38846.055,35585.508,0.0,0.0,0.0,21.495495,43.199997,354.48474,17.47,2.9029095,172.75818,163.00568,425429.84,344851.94,23.100002,23.100002,56.0,136.61,23.959658,11
2025-01-12 16:00:00+00:00,20.0,18.989,10.389,14.316085,18.425829,9.244579,13.577128,38887.633,35585.742,0.0,0.0,0.0,10.1902895,24.119999,334.74683,17.58,2.7430878,187.07426,176.58281,464317.47,380437.7,23.100002,23.100002,56.0,154.19,26.702745,12
2025-01-13 16:00:00+00:00,20.0,19.789,12.539,15.993168,20.033401,12.184774,15.788007,38930.895,35587.33,0.4,0.4,3.0,10.304114,22.68,345.15103,16.35,2.6374161,203.06743,192.37082,503248.38,416025.0,23.500002,23.500002,59.0,170.54001,29.340162,13
2025-01-14 16:00:00+00:00,20.0,16.039,13.039,14.903584,15.7931385,10.788223,13.647571,38975.777,5278.984,3.0,3.0,12.0,17.82,36.719997,1.0756776,3.86,0.99515206,217.97101,206.01839,542224.1,421303.97,26.500002,26.500002,71.0,174.40001,30.335314,14
2025-01-15 16:00:00+00:00,20.0,16.739,11.988999,13.589,14.64822,10.248349,11.521281,39022.2,35594.582,0.0,0.0,0.0,21.637466,45.36,347.93567,14.73,2.4049888,231.56001,217.53967,581246.3,456898.56,26.500002,26.500002,71.0,189.13,32.740303,15
2025-01-16 16:00:00+00:00,20.0,17.539,11.839,13.936916,16.255745,10.121077,12.342673,39070.086,35600.246,0.2,0.2,2.0,16.372087,35.28,343.05328,16.5,2.6033514,245.49693,229.88234,620316.4,492498.8,26.700003,26.700003,73.0,205.63,35.343655,16
2025-01-17 16:00:00+00:00,20.0,18.489,11.238999,14.936919,17.81319,10.320123,14.477698,39119.363,34925.14,5.0,5.0,16.0,11.431063,24.119999,350.83508,9.98,1.7796181,260.43384,244.36003,659435.75,527423.94,31.700003,31.700003,89.0,215.61,37.123272,17
2025-01-18 16:00:00+00:00,20.0,18.689,13.889,15.868167,17.989965,13.79431,15.393893,39169.965,35615.695,1.5000001,1.5000001,8.0,16.954432,36.719997,3.006531,13.85,2.085326,276.302,259.75394,698605.7,563039.6,33.200005,33.200005,97.0,229.46,39.2086,18
2025-01-19 16:00:00+00:00,20.0,20.088999,12.988999,15.799417,20.693584,12.847876,15.49764,39221.82,35643.07,0.1,0.1,1.0,14.584443,30.960001,352.11014,16.14,2.644368,292.1014,275.2516,737827.5,598682.7,33.300003,33.300003,98.0,245.6,41.852966,19
2025-01-20 16:00:00+00:00,20.0,20.588999,12.188999,16.016085,20.864283,11.740285,16.127272,39274.848,35636.64,2.0000002,2.0000002,9.0,10.233123,24.119999,342.81686,15.97,2.6268902,308.1175,291.37885,777102.4,634319.3,35.300003,35.300003,107.0,261.57,44.47986,20
2025-01-21 16:00:00+00:00,20.0,20.289,13.839,16.616083,20.658073,14.413719,17.077072,39328.99,35649.195,2.2,2.2,11.0,11.720751,24.84,334.10733,14.98,2.4120326,324.73358,308.45593,816431.4,669968.5,37.500004,37.500004,118.0,276.55002,46.89189,21
2025-01-22 16:00:00+00:00,20.0,20.689,14.789,16.864002,20.328455,15.042412,16.814024,39384.17,35086.12,0.70000005,0.70000005,5.0,17.878086,31.68,15.386111,15.52,2.4243968,341.5976,325.26996,855815.56,705054.6,38.200005,38.200005,123.0,292.07,49.316288,22
2025-01-23 16:00:00+00:00,20.0,21.389,14.789,17.334833,22.052084,14.761684,17.551,39440.324,35749.88,0.0,0.0,0.0,14.101021,29.519999,3.2349327,16.1,2.6702027,358.93243,342.82095,895255.9,740804.5,38.200005,38.200005,123.0,308.17,51.986492,23
2025-01-24 16:00:00+00:00,20.0,21.338999,13.988999,16.884834,22.13911,14.410593,17.015879,39497.38,35695.21,0.0,0.0,0.0,16.808569,34.92,357.9528,16.77,2.7318523,375.81726,359.83682,934753.25,776499.7,38.200005,38.200005,123.0,324.94,54.718346,24
2025-01-25 16:00:00+00:00,20.0,19.588999,13.688999,16.022333,19.409595,11.695007,15.2099,39555.273,35713.367,1.7000002,1.7000002,8.0,22.76911,46.44,356.2229,14.82,2.3955371,391.8396,375.04672,974308.5,812213.06,39.900005,39.900005,131.0,339.76,57.113884,25
2025-01-26 16:00:00+00:00,20.0,13.238999,11.039,11.891084,11.273279,7.0794926,8.492728,39613.953,14839.069,3.6000001,3.6000001,15.0,24.302666,47.88,358.13162,5.95,1.5620319,403.73068,383.53946,1013922.44,827052.1,43.500004,43.500004,146.0,345.71002,58.675915,26
2025-01-27 16:00:00+00:00,20.0,16.989,11.139,13.434834,14.233765,7.387903,10.3980665,39673.93,35979.715,0.0,0.0,0.0,20.907913,42.12,356.5565,16.79,3.2576168,417.16553,393.93753,1053596.4,863031.8,43.500004,43.500004,146.0,362.50003,61.933533,27
2025-01-28 16:00:00+00:00,20.0,18.588999,11.889,14.54525,17.460615,10.255883,13.29983,39735.45,36000.688,0.0,0.0,0.0,12.835653,25.919998,343.8677,16.47,2.7616308,431.7108,407.23737,1093331.9,899032.5,43.500004,43.500004,146.0,378.97003,64.69516,28
2025-01-29 16:00:00+00:00,20.0,20.088999,11.289,15.397335,20.291204,10.1434555,14.947548,39798.4,36298.21,0.3,0.3,3.0,11.892265,26.28,316.09924,18.43,2.99904,447.10812,422.1849,1133130.2,935330.7,43.800003,43.800003,149.0,397.40002,67.6942,29
2025-01-30 16:00:00+00:00,20.0,19.088999,13.688999,16.147333,18.921898,13.78343,16.085361,39862.71,18030.697,2.2,2.2,8.0,9.885262,16.56,0.14108926,6.79,1.4096171,463.25546,438.27026,1172993.0,953361.4,46.000004,46.000004,157.0,404.19003,69.10381,30
2025-01-31 16:00:00+00:00,20.0,21.489,14.889,17.730665,22.125038,15.117493,18.199781,39928.293,35683.785,7.3999996,7.3999996,16.0,13.084402,28.8,5.0452743,12.87,2.1849751,480.9861,456.47003,1212921.2,989045.2,53.4,53.4,173.0,417.06003,71.28879,31
2025-02-01 16:00:00+00:00,20.0,20.588999,15.389,17.172335,22.014624,15.514421,17.586359,39995.047,36094.41,0.9000001,0.9000001,6.0,14.934577,30.960001,356.14166,17.11,2.6347902,498.15845,474.0564,1252916.2,1025139.6,54.300003,54.300003,179.0,434.17004,73.92358,32
2025-02-02 16:00:00+00:00,20.0,16.389,12.639,14.643167,15.841557,9.971736,13.144966,40062.9,34701.574,1.1000001,1.1000001,11.0,24.216522,49.68,354.26514,12.74,1.9829465,512.80164,487.20135,1292979.1,1059841.2,55.4,55.4,190.0,446.91003,75.906525,33
2025-02-03 16:00:00+00:00,20.0,16.088999,12.238999,13.455667,13.284176,9.527445,10.876845,40131.76,33235.242,1.0,1.0,4.0,18.508516,38.519997,353.76306,10.88,2.2680857,526.2573,498.0782,1333110.9,1093076.5,56.4,56.4,194.0,457.79004,78.174614,34
2025-02-04 16:00:00+00:00,20.0,18.539,12.539,15.224415,18.471632,11.233214,14.6379595,40201.56,36380.99,1.1000001,1.1000001,8.0,10.399576,36.0,321.69882,16.49,2.6741576,541.48175,512.7161,1373312.4,1129457.5,57.5,57.5,202.0,474.28003,80.84877,35
2025-02-05 16:00:00+00:00,20.0,20.039,13.839,16.338999,20.21407,14.428827,16.452131,40272.203,34437.43,0.8000001,0.8000001,6.0,12.367716,28.8,341.45618,14.34,2.4650445,557.82074,529.1683,1413584.6,1163894.9,58.3,58.3,208.0,488.62003,83.31381,36
2025-02-06 16:00:00+00:00,20.0,18.588999,12.539,15.34942,17.817709,9.713117,13.818835,40343.61,36826.83,0.0,0.0,0.0,23.853226,49.68,358.42676,18.39,2.8465085,573.17017,542.9871,1453928.2,1200721.8,58.3,58.3,208.0,507.01,86.160324,37
2025-02-07 16:00:00+00:00,20.0,14.139,11.089,12.505666,10.731565,7.9330397,9.312949,40415.707,36287.875,0.0,0.0,0.0,23.177402,47.88,353.39774,15.45,2.6189585,585.67584,552.30005,1494344.0,1237009.6,58.3,58.3,208.0,522.46,88.77928,38
2025-02-08 16:00:00+00:00,20.0,16.889,11.039,13.128585,15.081419,8.928768,10.986497,40488.418,36502.953,0.4,0.4,4.0,19.434166,41.760002,348.3451,17.49,2.7535286,598.80444,563.28656,1534832.4,1273512.6,58.7,58.7,212.0,539.95,91.53281,39
2025-02-09 16:00:00+00:00,20.0,19.338999,10.688999,14.666084,19.363369,9.579901,14.015985,40561.66,37169.69,0.70000005,0.70000005,6.0,13.948548,28.08,343.83267,19.43,3.0714893,613.4705,577.30255,1575394.0,1310682.4,59.4,59.4,218.0,559.38,94.604294,40
2025-02-10 16:00:00+00:00,20.0,20.789,12.238999,16.33275,21.446035,11.944904,16.507593,40635.367,36723.832,0.0,0.0,0.0,14.178928,28.08,342.06265,19.98,3.2003663,629.8033,593.8101,1616029.4,1347406.2,59.4,59.4,218.0,579.36,97.80466,41
2025-02-11 16:00:00+00:00,20.0,18.039,15.188999,16.622334,19.654728,15.3405075,17.443644,40709.457,0.0,36.6,36.6,22.0,11.34,19.44,358.6951,2.22,0.57118654,646.4256,611.2538,1656738.9,1347406.2,96.0,96.0,240.0,581.57996,98.37585,42
2025-02-12 16:00:00+00:00,20.0,16.689,15.039,15.532749,16.933418,14.109877,15.205783,40783.86,129.7435,31.600002,31.600002,21.0,16.394829,30.599998,353.36758,3.14,0.6973513,661.9584,626.4596,1697522.8,1347536.0,127.600006,127.600006,261.0,584.72,99.0732,43
2025-02-13 16:00:00+00:00,20.0,18.789,15.238999,16.782751,19.277481,15.395245,17.320131,40858.5,15370.382,1.6,1.6,10.0,10.564942,21.24,343.81067,7.1,1.3227009,678.74115,643.7797,1738381.2,1362906.4,129.20001,129.20001,271.0,591.81995,100.3959,44
2025-02-14 16:00:00+00:00,20.0,21.389,14.289,17.730665,23.871586,15.235394,19.06095,40933.312,37547.215,0.0,0.0,0.0,9.600937,22.319998,4.28909,19.09,3.027953,696.4718,662.8407,1779314.5,1400453.6,129.20001,129.20001,271.0,610.91,103.42385,45
2025-02-15 16:00:00+00:00,20.0,21.838999,13.539,17.314001,23.69359,13.811401,17.873013,41008.24,37905.773,0.0,0.0,0.0,15.129638,32.399998,16.04778,20.44,3.194937,713.7858,680.7137,1820322.8,1438359.4,129.20001,129.20001,271.0,631.35,106.61879,46
2025-02-16 16:00:00+00:00,20.0,21.289,15.188999,17.549417,22.53183,14.421753,17.690035,41083.832,37679.816,0.4,0.4,2.0,12.134992,26.28,354.23422,21.16,3.4978616,731.33527,698.40375,1861406.6,1476039.2,129.6,129.6,273.0,652.50995,110.11665,47
2025-02-17 16:00:00+00:00,20.0,20.587,14.037001,16.564081,18.63698,13.180151,14.811444,41166.074,35223.797,0.0,0.0,0.0,28.802248,50.039997,0.7307531,15.69,2.7824593,747.89935,713.2152,1902572.8,1511263.0,129.6,129.6,273.0,668.19995,112.89911,48
2025-02-18 16:00:00+00:00,20.0,21.987,13.637,16.607832,23.755531,13.475092,16.194529,41243.285,36000.0,0.0,0.0,0.0,21.96,38.88,349.26947,18.74,3.1769118,764.5072,729.4097,1943816.0,1547263.0,129.6,129.6,273.0,686.93994,116.07602,49
2025-02-19 16:00:00+00:00,20.0,19.737,14.687,16.714083,19.443197,13.693069,16.29538,41321.28,23735.826,0.0,0.0,0.0,22.782625,38.88,356.70703,12.78,2.1045718,781.2213,745.7051,1985137.2,1570998.9,129.6,129.6,273.0,699.72,118.18059,50
2025-02-20 16:00:00+00:00,20.0,20.837,14.487,16.466167,19.131393,12.1880245,14.1397505,41399.984,30796.26,0.0,0.0,0.0,34.201893,60.479996,4.5157843,17.59,2.9015174,797.6875,759.84485,2026537.2,1601795.1,129.6,129.6,273.0,717.31,121.08211,51
2025-02-21 16:00:00+00:00,20.0,22.737,13.737,16.872417,23.7845,12.804228,16.076113,41479.34,35131.34,0.0,0.0,0.0,24.442911,43.56,358.91797,18.48,3.1527617,814.55994,775.92096,2068016.6,1636926.5,129.6,129.6,273.0,735.79,124.23487,52
2025-02-22 16:00:00+00:00,20.0,16.687,13.437,15.289083,14.204548,9.8181095,12.595119,41559.26,1008.6449,0.1,0.0,1.0,32.6411,57.239998,8.050667,4.8,1.3364265,829.849,788.51605,2109576.0,1637935.1,129.70001,129.6,274.0,740.58997,125.5713,53
2025-02-23 16:00:00+00:00,20.0,18.587,12.337001,14.664085,15.433758,8.93443,11.46938,41639.688,35494.824,0.0,0.0,0.0,29.88,52.92,6.691978,18.68,3.232165,844.51306,799.9854,2151215.8,1673430.0,129.70001,129.6,274.0,759.26996,128.80347,54
2025-02-24 16:00:00+00:00,20.0,20.786999,11.337001,15.0807495,21.546268,10.541399,14.404454,41720.555,35175.332,0.0,0.0,0.0,19.296133,33.48,350.8377,19.67,3.179164,859.5938,814.3899,2192936.2,1708605.4,129.70001,129.6,274.0,778.93994,131.98264,55
2025-02-25 16:00:00+00:00,20.0,19.837,13.487,16.249502,20.06359,13.803289,16.207611,41801.785,19088.863,0.0,0.0,0.0,18.129137,31.68,356.82025,12.02,2.0317664,875.8433,830.59753,2234738.0,1727694.2,129.70001,129.6,274.0,790.95996,134.0144,56
2025-02-26 16:00:00+00:00,20.0,21.687,14.387,17.134916,21.540129,14.889906,17.334822,41883.32,21107.387,0.0,0.0,0.0,15.941944,27.72,354.9398,11.1,1.9795972,892.9782,847.9324,2276621.2,1748801.6,129.70001,129.6,274.0,802.05994,135.994,57
2025-02-27 16:00:00+00:00,20.0,24.637,13.237,17.66825,25.97277,13.504145,18.253939,41965.09,33365.023,0.0,0.0,0.0,17.208603,29.519999,354.7011,18.49,3.2194374,910.6465,866.18634,2318586.2,1782166.6,129.70001,129.6,274.0,820.5499,139.21344,58
2025-02-28 16:00:00+00:00,20.0,24.387,14.687,18.29325,25.627728,15.504072,19.326422,42047.03,26300.844,0.0,0.0,0.0,17.072504,29.88,355.02554,15.17,2.6654782,928.93976,885.51276,2360633.2,1808467.5,129.70001,129.6,274.0,835.7199,141.87892,59
2025-03-01 16:00:00+00:00,20.0,26.687,15.437,19.841166,30.092075,16.571173,21.46213,42129.08,36363.637,0.0,0.0,0.0,13.70839,23.759998,340.93732,19.45,3.5958607,948.78094,906.9749,2402762.2,1844831.1,129.70001,129.6,274.0,855.1699,145.47478,60
2025-03-02 16:00:00+00:00,20.0,29.948,16.487,21.99179,31.910748,18.331459,23.367508,42211.16,39560.29,0.0,0.0,0.0,22.68,20.519999,312.0376,22.12,4.5097566,970.7727,930.3424,2444973.5,1884391.4,129.70001,129.6,274.0,877.2899,149.98453,61
2025-03-03 16:00:00+00:00,20.0,23.398,17.798,19.812584,24.250444,16.187117,18.605919,42293.23,39182.0,0.0,0.0,0.0,27.77838,15.119999,3.5464165,21.47,4.1524277,990.58527,948.9483,2487266.8,1923573.4,129.70001,129.6,274.0,898.7599,154.13696,62
2025-03-04 16:00:00+00:00,20.0,18.698,16.298,17.02925,15.509779,11.50448,13.291503,42375.21,20698.154,0.3,0.0,3.0,39.47708,27.0,10.173257,6.49,2.6062958,1007.6145,962.2398,2529642.0,1944271.5,130.00002,129.6,277.0,905.2499,156.74326,63
2025-03-05 16:00:00+00:00,20.0,19.698,16.298,17.675081,18.69091,13.16243,16.187641,42457.05,34869.938,0.0,0.0,0.0,21.479666,16.199999,351.98743,14.13,3.0846493,1025.2896,978.4274,2572099.0,1979141.5,130.00002,129.6,277.0,919.3799,159.82791,64
2025-03-06 16:00:00+00:00,20.0,18.848,16.498,17.537582,16.53378,13.691364,15.256901,42538.676,32620.033,0.0,0.0,0.0,31.956972,26.28,12.444855,12.22,2.6263816,1042.8271,993.6843,2614637.8,2011761.5,130.00002,129.6,277.0,931.59985,162.4543,65
2025-03-07 16:00:00+00:00,20.0,20.898,16.398,18.335499,19.082333,14.335094,16.024103,42620.043,39973.04,0.0,0.0,0.0,31.682047,15.119999,7.2373686,22.67,4.2698593,1061.1626,1009.70844,2657257.8,2051734.5,130.00002,129.6,277.0,954.26984,166.72415,66
2025-03-08 16:00:00+00:00,20.0,22.198,16.748,18.91675,22.088953,14.762127,17.528025,42701.668,40056.656,0.0,0.0,0.0,25.223133,17.64,6.0547075,23.35,4.2254725,1080.0793,1027.2365,2699959.5,2091791.1,130.00002,129.6,277.0,977.6198,170.94963,67
2025-03-09 16:00:00+00:00,20.0,22.598,17.998,19.989668,23.459738,18.407557,20.097082,42783.805,40130.613,0.0,0.0,0.0,14.386494,17.64,348.64264,18.95,3.6244385,1100.069,1047.3335,2742743.2,2131921.8,130.00002,129.6,277.0,996.5698,174.57407,68
2025-03-10 16:00:00+00:00,20.0,26.998,20.498,,26.698164,20.207888,,42866.4,,,,0.0,23.177402,18.72,,,,,,2785609.8,,,,277.0,,,69
