date,elevation,temperature_2m_max,temperature_2m_min,temperature_2m_mean,apparent_temperature_max,apparent_temperature_min,apparent_temperature_mean,daylight_duration,sunshine_duration,precipitation_sum,rain_sum,precipitation_hours,wind_speed_10m_max,wind_gusts_10m_max,wind_direction_10m_dominant,shortwave_radiation_sum,et0_fao_evapotranspiration,cumulative_temperature_2m_mean,cumulative_apparent_temperature_mean,cumulative_daylight_duration,cumulative_sunshine_duration,cumulative_precipitation_sum,cumulative_rain_sum,cumulative_precipitation_hours,cumulative_shortwave_radiation_sum,cumulative_et0_fao_evapotranspiration,day
2025-01-01 16:00:00+00:00,1575.0,11.241,10.591,10.95975,11.258774,10.242888,10.736335,38386.67,0.0,14.199999,14.199999,24.0,3.3092594,23.759998,16.238901,1.33,0.38417587,10.95975,10.736335,38386.67,0.0,14.199999,14.199999,24.0,1.33,0.38417587,1
2025-01-02 16:00:00+00:00,1575.0,10.341,7.5410004,8.882668,9.854467,5.845278,7.6659923,38410.707,0.0,3.8999999,3.8999999,21.0,6.3639607,31.319998,17.111828,3.08,0.613173,19.842419,18.402327,76797.375,0.0,18.099998,18.099998,45.0,4.41,0.9973489,2
2025-01-03 16:00:00+00:00,1575.0,10.841,6.041,8.197249,9.328705,4.53174,6.6162,38436.51,28498.424,2.8,2.8,16.0,7.458606,32.760002,95.0161,11.96,1.6616008,28.039669,25.018526,115233.89,28498.424,20.899998,20.899998,61.0,16.369999,2.6589499,3
2025-01-04 16:00:00+00:00,1575.0,12.141,7.441,9.616001,11.591629,5.9331093,8.61433,38464.06,32576.959,5.999999,5.999999,16.0,5.7204895,29.16,198.3099,10.5,1.5896745,37.65567,33.63286,153697.95,61075.383,26.899998,26.899998,77.0,26.869999,4.2486243,4
2025-01-05 16:00:00+00:00,1575.0,11.141,6.491,8.39725,9.629782,4.1900797,6.767876,38493.316,31344.238,0.9000001,0.9000001,7.0,7.596341,34.92,351.3066,11.2,1.5970249,46.05292,40.400734,192191.27,92419.625,27.799997,27.799997,84.0,38.07,5.8456492,5
2025-01-06 16:00:00+00:00,1575.0,8.691,5.541,6.703499,6.988983,3.9038,5.025033,38524.27,14234.06,4.7,4.7,23.0,4.942631,32.399998,100.95402,5.6,0.8766004,52.75642,45.425766,230715.53,106653.69,32.499996,32.499996,107.0,43.67,6.7222495,6
2025-01-07 16:00:00+00:00,1575.0,10.341,5.291,7.5160007,8.895025,3.28472,6.103245,38557.234,19083.14,4.299999,4.299999,22.0,5.4656014,32.399998,235.95406,8.15,1.1803601,60.272423,51.52901,269272.75,125736.83,36.799995,36.799995,129.0,51.82,7.90261,7
2025-01-08 16:00:00+00:00,1575.0,8.241,4.191,5.9409995,6.667369,2.3046346,4.252434,38592.32,14202.354,10.799999,10.799999,18.0,4.8633323,31.319998,10.885482,6.05,0.87091994,66.213425,55.781445,307865.06,139939.19,47.599995,47.599995,147.0,57.87,8.77353,8
2025-01-09 16:00:00+00:00,1575.0,5.541,3.441,4.0764165,3.4316635,1.1114731,1.8277721,38629.453,0.0,12.399999,9.900001,24.0,4.514377,34.2,28.44781,3.88,0.6359655,70.28984,57.609215,346494.5,139939.19,59.999992,57.499996,171.0,61.75,9.409495,9
2025-01-10 16:00:00+00:00,1575.0,4.891,3.341,4.1451664,3.1578789,1.210432,2.2424388,38668.555,0.0,20.300001,11.700001,24.0,2.8001428,33.839996,1.8595784,3.55,0.5790457,74.435005,59.851654,385163.06,139939.19,80.299995,69.2,195.0,65.3,9.988541,10
2025-01-11 16:00:00+00:00,1575.0,7.391,4.241,5.426417,5.5342646,2.068161,3.3629262,38709.555,8877.166,6.799999,6.799999,21.0,4.669604,34.92,334.11703,5.6,0.90121716,79.86142,63.21458,423872.62,148816.36,87.09999,76.0,216.0,70.9,10.889758,11
2025-01-12 16:00:00+00:00,1575.0,9.291,3.841,6.5847497,7.367634,1.7485042,4.533879,38752.363,21794.096,1.7000002,1.7000002,14.0,4.991553,33.48,168.38145,6.9,1.0658922,86.44617,67.74846,462625.0,170610.45,88.79999,77.7,230.0,77.8,11.95565,12
2025-01-13 16:00:00+00:00,1575.0,12.991,4.741,9.136834,11.681846,2.6443667,7.615465,38796.914,25611.469,2.4,2.4,14.0,6.269067,34.2,200.40363,12.15,1.815158,95.583,75.36392,501421.9,196221.92,91.19999,80.1,244.0,89.950005,13.770808,13
2025-01-14 16:00:00+00:00,1575.0,9.341,4.391,7.3368325,8.544648,2.0849895,5.7011566,38843.12,3812.3467,10.8,10.8,24.0,6.361415,34.56,352.34946,3.15,0.56512684,102.91983,81.06508,540265.0,200034.27,101.99999,90.9,268.0,93.100006,14.335935,14
2025-01-15 16:00:00+00:00,1575.0,6.541,4.191,5.1201673,4.6706448,2.0055022,3.1234472,38890.914,341.71188,6.5000005,6.5000005,24.0,4.278551,31.68,35.720047,4.05,0.68490654,108.04,84.18852,579155.94,200375.98,108.49999,97.4,292.0,97.15001,15.020842,15
2025-01-16 16:00:00+00:00,1575.0,7.891,4.491,5.8014164,5.910306,2.3824196,3.8848941,38940.215,5629.811,5.7,5.7,19.0,4.8633323,30.239998,40.219067,5.35,0.8537637,113.841415,88.07342,618096.1,206005.8,114.19999,103.1,311.0,102.50001,15.874605,16
2025-01-17 16:00:00+00:00,1575.0,10.441,5.391,7.549333,8.482025,3.5122185,5.966067,38990.95,14804.885,5.9000006,5.9000006,24.0,6.489992,26.28,160.48064,6.02,0.974086,121.39075,94.03948,657087.06,220810.69,120.09999,109.0,335.0,108.520004,16.848692,17
2025-01-18 16:00:00+00:00,1575.0,11.441,7.641,9.076417,10.970781,6.1576395,8.051831,39043.047,23592.424,6.0999994,6.0999994,23.0,4.5,29.519999,261.4955,8.77,1.3375144,130.46716,102.09132,696130.1,244403.11,126.19999,115.1,358.0,117.29001,18.186207,18
2025-01-19 16:00:00+00:00,1575.0,11.291,5.791,8.055584,9.622382,3.7084055,6.3367352,39096.43,20550.143,4.8,4.8,21.0,6.162207,28.08,5.99243,7.3,1.1654571,138.52275,108.428055,735226.56,264953.25,130.99998,119.9,379.0,124.59001,19.351664,19
2025-01-20 16:00:00+00:00,1575.0,10.591,6.291,8.276417,8.701752,4.8887014,6.620608,39151.023,20201.646,3.8000002,3.8000002,22.0,6.320538,25.199999,111.33696,7.35,1.1572232,146.79916,115.04866,774377.56,285154.9,134.79999,123.700005,401.0,131.94002,20.508886,20
2025-01-21 16:00:00+00:00,1575.0,11.341,6.391,8.688917,10.095752,4.671914,7.358301,39206.76,33464.86,4.5999994,4.5999994,17.0,6.444905,31.68,188.97252,10.67,1.537486,155.48808,122.40696,813584.3,318619.75,139.4,128.3,418.0,142.61002,22.046371,21
2025-01-22 16:00:00+00:00,1575.0,12.891,6.091,9.77225,12.853548,4.2514706,8.8012905,39263.562,33913.73,2.4999995,2.4999995,16.0,6.638072,30.960001,259.1918,12.74,1.9098659,165.26033,131.20825,852847.9,352533.47,141.9,130.8,434.0,155.35002,23.956238,22
2025-01-23 16:00:00+00:00,1575.0,13.791,8.091,10.559751,13.694567,6.462945,9.524368,39321.37,31252.621,3.2,3.2,14.0,5.720489,28.8,345.4209,13.38,2.0389664,175.82008,140.73262,892169.25,383786.1,145.09999,134.0,448.0,168.73003,25.995205,23
2025-01-24 16:00:00+00:00,1575.0,12.241,8.041,9.899332,11.281125,6.684268,8.866134,39380.105,28716.568,4.6000004,4.6000004,16.0,6.384293,27.0,6.6324186,10.65,1.5762646,185.71942,149.59875,931549.4,412502.66,149.7,138.6,464.0,179.38002,27.57147,24
2025-01-25 16:00:00+00:00,1575.0,10.841,6.791,8.711833,9.991517,4.839878,7.5104413,39439.695,28019.451,9.1,9.1,24.0,5.6521144,33.12,19.685839,9.64,1.4143679,194.43126,157.10919,970989.06,440522.1,158.8,147.70001,488.0,189.02002,28.985838,25
2025-01-26 16:00:00+00:00,1575.0,6.341,2.691,3.991,4.286499,0.020364761,1.5258635,39500.098,0.0,25.699999,18.3,24.0,5.815978,38.519997,347.7795,2.52,0.46322128,198.42226,158.63506,1010489.2,440522.1,184.5,166.00002,512.0,191.54002,29.449059,26
2025-01-27 16:00:00+00:00,1575.0,7.5410004,1.391,3.7743337,5.6953382,-1.8039975,1.238206,39561.836,28460.19,2.5,2.1,13.0,5.5829024,27.359999,18.67344,13.74,1.7730163,202.1966,159.87326,1050051.0,468982.28,187.0,168.10002,525.0,205.28003,31.222075,27
2025-01-28 16:00:00+00:00,1575.0,6.541,2.091,4.05975,3.8903294,-0.5781982,1.6040236,39625.152,19164.205,3.6999996,3.6999996,24.0,6.1569467,28.8,107.5414,8.58,1.1568631,206.25635,161.47728,1089676.1,488146.5,190.7,171.80002,549.0,213.86003,32.378937,28
2025-01-29 16:00:00+00:00,1575.0,11.541,3.791,7.2305837,9.415799,1.6214719,5.1658597,39689.95,23247.145,3.8000002,3.8000002,20.0,7.9383874,31.319998,164.65903,9.36,1.4245565,213.48694,166.64314,1129366.1,511393.66,194.5,175.60002,569.0,223.22003,33.803493,29
2025-01-30 16:00:00+00:00,1575.0,11.541,4.941,8.863917,11.029408,2.820724,7.6438622,39756.145,5922.158,4.8,4.8,19.0,6.297428,34.56,222.28026,4.67,0.8235681,222.35086,174.287,1169122.2,517315.8,199.3,180.40002,588.0,227.89003,34.62706,30
2025-01-31 16:00:00+00:00,1575.0,14.891,10.341,11.963917,14.948236,9.527257,11.753358,39823.637,22695.85,12.700001,12.700001,20.0,5.072041,33.12,211.71289,7.89,1.3225405,234.31477,186.04036,1208945.9,540011.7,212.0,193.10002,608.0,235.78003,35.9496,31
2025-02-01 16:00:00+00:00,1575.0,11.591,7.991,10.051417,11.270029,6.976372,9.477497,39892.348,5.0247574,7.7000003,7.7000003,24.0,3.572898,36.36,330.9032,4.69,0.8498336,244.3662,195.51785,1248838.2,540016.7,219.7,200.80002,632.0,240.47003,36.799435,32
2025-02-02 16:00:00+00:00,1575.0,8.241,4.541,6.890999,7.2715597,2.3530898,5.387741,39962.18,33.784332,20.1,20.1,24.0,4.724786,35.28,359.38394,2.75,0.5412558,251.2572,200.9056,1288800.4,540050.5,239.8,220.90002,656.0,243.22003,37.34069,33
2025-02-03 16:00:00+00:00,1575.0,6.191,2.741,4.1805835,3.902794,0.12113094,1.8922085,40033.05,646.58923,16.4,10.6,24.0,5.8298883,32.399998,26.640541,5.2,0.82337564,255.43779,202.7978,1328833.4,540697.06,256.2,231.50003,680.0,248.42003,38.164066,34
2025-02-04 16:00:00+00:00,1575.0,6.091,3.441,4.6639166,3.9025412,1.1383123,2.4676988,40104.88,2415.0078,9.8,7.900001,24.0,4.6730714,36.719997,162.26167,4.84,0.76510733,260.1017,205.2655,1368938.2,543112.06,266.0,239.40002,704.0,253.26003,38.929173,35
2025-02-05 16:00:00+00:00,1575.0,9.191,4.841,7.1805825,8.391289,2.8144937,5.780056,40177.58,1944.3411,8.699999,8.699999,24.0,4.3573384,30.239998,200.26576,4.86,0.7965035,267.2823,211.04556,1409115.9,545056.4,274.7,248.10002,728.0,258.12003,39.725677,36
2025-02-06 16:00:00+00:00,1575.0,8.641,3.391,6.507666,6.9677277,0.9527893,4.724622,40251.066,14400.0,5.8,5.6000004,20.0,6.114703,33.839996,12.614667,5.61,0.84258884,273.78995,215.77019,1449367.0,559456.4,280.5,253.70003,748.0,263.73,40.568268,37
2025-02-07 16:00:00+00:00,1575.0,4.041,2.391,2.9014165,1.6595197,-0.1848855,0.47095385,40325.258,0.0,11.3,9.000003,24.0,4.471107,36.719997,30.51218,4.16,0.6442081,276.69138,216.24113,1489692.2,559456.4,291.8,262.70004,772.0,267.89,41.212475,38
2025-02-08 16:00:00+00:00,1575.0,6.391,2.841,4.405584,4.4461317,0.5922084,2.4108107,40400.086,0.0,4.499999,3.6999996,22.0,3.6402748,33.48,54.148758,4.7,0.74202514,281.09695,218.65195,1530092.4,559456.4,296.3,266.40005,794.0,272.59003,41.9545,39
2025-02-09 16:00:00+00:00,1575.0,9.991,4.241,6.8243337,8.199995,2.2480755,5.033401,40475.457,10961.044,2.3,2.3,20.0,5.414979,30.239998,166.77217,6.86,1.0706338,287.9213,223.68535,1570567.9,570417.44,298.59998,268.70004,814.0,279.45,43.02513,40
2025-02-10 16:00:00+00:00,1575.0,14.541,5.241,10.030583,13.666391,3.1662426,8.775329,40551.3,27730.41,1.8000001,1.8000001,9.0,8.161764,33.839996,185.91382,12.99,1.9792798,297.95187,232.46068,1611119.1,598147.9,300.39996,270.50003,823.0,292.44,45.00441,41
2025-02-11 16:00:00+00:00,1575.0,13.641,9.941,12.028501,14.240105,8.659177,11.923805,40627.535,0.0,29.199999,29.199999,23.0,6.618519,32.760002,230.01317,2.48,0.5744645,309.98038,244.38449,1651746.6,598147.9,329.59998,299.70004,846.0,294.92,45.578873,42
2025-02-12 16:00:00+00:00,1575.0,12.041,8.641,9.436833,12.125769,7.3737774,8.688153,40704.09,0.0,42.699997,42.699997,22.0,5.3999996,25.199999,26.983212,1.78,0.44667375,319.4172,253.07265,1692450.8,598147.9,372.3,342.40002,868.0,296.7,46.025547,43
2025-02-13 16:00:00+00:00,1575.0,13.341,9.091,11.034749,13.038542,8.207328,10.491094,40780.895,387.43286,2.0000002,2.0000002,15.0,6.090812,29.16,183.48318,5.23,0.94624937,330.45197,263.56375,1733231.6,598535.3,374.3,344.40002,883.0,301.93002,46.971798,44
2025-02-14 16:00:00+00:00,1575.0,16.291,10.541,12.980584,16.832296,9.667665,12.769017,40857.87,25459.57,2.3999999,2.3999999,7.0,6.279395,33.12,234.85117,13.69,2.2167628,343.43256,276.33276,1774089.5,623994.9,376.69998,346.80002,890.0,315.62003,49.18856,45
2025-02-15 16:00:00+00:00,1575.0,15.922999,7.523,11.314664,15.642572,3.9573565,9.789951,40938.027,36193.496,0.4,0.0,2.0,11.609651,48.239998,36.948265,17.16,2.641067,354.74722,286.1227,1815027.5,660188.4,377.09998,346.80002,892.0,332.78003,51.829628,46
2025-02-16 16:00:00+00:00,1575.0,10.573,5.073,7.545917,9.849657,3.29537,5.769671,41015.715,36199.035,0.0,0.0,0.0,10.931203,41.039997,69.53492,16.64,2.029948,362.29315,291.8924,1856043.2,696387.44,377.09998,346.80002,892.0,349.42004,53.859577,47
2025-02-17 16:00:00+00:00,1575.0,8.623,4.073,6.5729995,6.8337383,2.0804977,4.6952534,41094.363,20178.256,0.0,0.0,0.0,10.799999,39.96,75.45549,6.52,0.82903785,368.86615,296.58765,1897137.6,716565.7,377.09998,346.80002,892.0,355.94003,54.688614,48
2025-02-18 16:00:00+00:00,1575.0,8.473,6.123,7.287583,6.886113,4.370578,5.613369,41173.9,380.69962,0.0,0.0,0.0,9.826088,34.92,105.15148,3.64,0.55224186,376.15375,302.20102,1938311.5,716946.4,377.09998,346.80002,892.0,359.58005,55.240856,49
2025-02-19 16:00:00+00:00,1575.0,11.573,7.373,9.327167,10.213954,5.9909344,8.2681055,41254.234,24466.105,0.1,0.0,1.0,8.759178,32.399998,108.024826,8.52,1.2141261,385.48093,310.46912,1979565.8,741412.5,377.19998,346.80002,893.0,368.10004,56.454983,50
2025-02-20 16:00:00+00:00,1575.0,9.773,6.4230003,7.985499,8.975616,4.4385347,6.5330653,41335.316,16115.509,0.0,0.0,0.0,9.957108,36.0,43.57982,5.65,0.7771473,393.46643,317.00217,2020901.1,757528.0,377.19998,346.80002,893.0,373.75003,57.232132,51
2025-02-21 16:00:00+00:00,1575.0,8.672999,6.573,7.8125815,7.537204,4.6335173,6.302574,41417.047,0.0,0.0,0.0,0.0,8.854829,33.839996,110.794174,1.84,0.3665726,401.27902,323.30475,2062318.1,757528.0,377.19998,346.80002,893.0,375.59003,57.598705,52
2025-02-22 16:00:00+00:00,1575.0,8.473,5.023,7.183416,7.649332,2.9161901,5.464674,41499.37,332.9814,4.6,4.7,12.0,9.339208,35.64,23.629372,3.5,0.5501428,408.46243,328.7694,2103817.5,757861.0,381.8,351.50003,905.0,379.09003,58.14885,53
2025-02-23 16:00:00+00:00,1575.0,4.9230003,3.923,4.4354997,2.9750586,1.346096,2.0715563,41582.22,0.0,0.0,0.0,0.0,9.255571,43.199997,88.40151,2.26,0.37929425,412.89792,330.84097,2145399.8,757861.0,381.8,351.50003,905.0,381.35004,58.528145,54
2025-02-24 16:00:00+00:00,1575.0,10.373,3.973,7.545917,9.840464,1.5478582,6.0350456,41665.504,33199.54,0.0,0.0,0.0,6.924738,28.8,121.409,14.15,1.8357966,420.44385,336.876,2187065.2,791060.56,381.8,351.50003,905.0,395.50003,60.36394,55
2025-02-25 16:00:00+00:00,1575.0,11.223,7.373,9.277167,10.068699,5.6466494,8.061306,41749.17,5511.6675,0.3,0.3,3.0,8.287822,25.56,119.91587,6.53,0.992219,429.721,344.93732,2228814.5,796572.25,382.09998,351.80002,908.0,402.03003,61.35616,56
2025-02-26 16:00:00+00:00,1575.0,13.023,8.873,10.791749,12.149147,6.5016994,9.889318,41833.15,38027.836,0.0,0.0,0.0,9.360001,33.12,108.916466,10.79,1.5780008,440.51276,354.82663,2270647.8,834600.06,382.09998,351.80002,908.0,412.82004,62.93416,57
2025-02-27 16:00:00+00:00,1575.0,16.573,7.773,11.685498,17.19447,3.9461308,9.828653,41917.367,38781.07,0.0,0.0,0.0,10.829958,34.2,166.94695,21.27,3.3993337,452.19824,364.65527,2312565.0,873381.1,382.09998,351.80002,908.0,434.09003,66.33349,58
2025-02-28 16:00:00+00:00,1575.0,17.8965,8.422999,13.129355,18.120605,6.006486,12.327853,42001.758,34837.254,0.6,0.6,6.0,10.97262,32.399998,181.4528,13.89,2.2879026,465.3276,376.98312,2354566.8,908218.4,382.69998,352.40002,914.0,447.98004,68.62139,59
2025-03-01 16:00:00+00:00,1575.0,19.4465,11.8965,14.913167,20.109917,10.228968,14.927283,42086.26,30623.535,3.5999992,2.3999996,21.0,10.495713,26.28,288.94336,11.89,2.083357,480.24078,391.9104,2396653.0,938841.94,386.3,354.80002,935.0,459.87006,70.70475,60
2025-03-02 16:00:00+00:00,1575.0,15.946501,9.5965,12.763167,16.504951,9.174829,12.2966795,42170.805,39095.207,1.8000001,0.0,9.0,10.805998,9.0,149.99527,14.61,2.1329443,493.00394,404.2071,2438823.8,977937.1,388.09998,354.80002,944.0,474.48004,72.83769,61
2025-03-03 16:00:00+00:00,1575.0,10.2965,8.9965,9.567333,9.903135,8.398598,8.860766,42255.324,0.0,1.5000001,1.5000001,6.0,5.2416787,8.28,121.263695,1.93,0.4327789,502.57126,413.06787,2481079.0,977937.1,389.59998,356.30002,950.0,476.41003,73.27047,62
2025-03-04 16:00:00+00:00,1575.0,13.7465,8.4465,10.594417,12.734253,7.834749,9.9238825,42339.758,39213.71,0.0,0.0,0.0,10.30883,7.92,111.92185,13.52,1.903326,513.16565,422.99176,2523418.8,1017150.8,389.59998,356.30002,950.0,489.93002,75.1738,63
2025-03-05 16:00:00+00:00,1575.0,13.8965,8.3965,11.048584,13.328125,7.5066223,10.56174,42424.035,35489.49,0.6,0.0,6.0,8.891343,6.12,126.406265,12.78,1.8279257,524.21423,433.5535,2565842.8,1052640.2,390.19998,356.30002,956.0,502.71002,77.001724,64
2025-03-06 16:00:00+00:00,1575.0,11.0965,6.7965,9.219416,10.334431,5.49726,8.396956,42508.098,26772.053,0.3,0.0,3.0,5.3517847,7.92,151.38963,6.51,1.0184435,533.43365,441.95044,2608350.8,1079412.2,390.49997,356.30002,959.0,509.22003,78.020164,65
2025-03-07 16:00:00+00:00,1575.0,10.5965,5.8965,7.9610825,8.428139,4.371785,6.51662,42591.895,38644.227,0.0,0.0,0.0,11.298495,7.2,118.11534,12.52,1.6345154,541.3947,448.46707,2650942.8,1118056.5,390.49997,356.30002,959.0,521.74005,79.65468,66
2025-03-08 16:00:00+00:00,1575.0,16.4965,6.9465,11.4465,17.385345,5.907012,10.978752,42675.953,40034.895,0.0,0.0,0.0,11.435313,8.64,100.852425,22.52,3.309824,552.8412,459.44583,2693618.8,1158091.4,390.49997,356.30002,959.0,544.2601,82.9645,67
