date,elevation,temperature_2m_max,temperature_2m_min,temperature_2m_mean,apparent_temperature_max,apparent_temperature_min,apparent_temperature_mean,daylight_duration,sunshine_duration,precipitation_sum,rain_sum,precipitation_hours,wind_speed_10m_max,wind_gusts_10m_max,wind_direction_10m_dominant,shortwave_radiation_sum,et0_fao_evapotranspiration,cumulative_temperature_2m_mean,cumulative_apparent_temperature_mean,cumulative_daylight_duration,cumulative_sunshine_duration,cumulative_precipitation_sum,cumulative_rain_sum,cumulative_precipitation_hours,cumulative_shortwave_radiation_sum,cumulative_et0_fao_evapotranspiration,day
2025-01-01 16:00:00+00:00,2550.0,9.17,7.52,8.345,8.249175,6.2388535,7.2160087,38386.67,0.0,14.300003,14.300003,23.0,5.0432134,36.719997,180.98773,1.41,0.37865177,8.345,7.2160087,38386.67,0.0,14.300003,14.300003,23.0,1.41,0.37865177,1
2025-01-02 16:00:00+00:00,2550.0,8.87,4.67,6.76375,7.571493,2.1364532,5.102992,38410.707,11491.514,2.5999997,2.5999997,20.0,6.8423676,37.079998,121.29846,4.82,0.8469751,15.10875,12.319,76797.375,11491.514,16.900003,16.900003,43.0,6.23,1.2256268,2
2025-01-03 16:00:00+00:00,2550.0,10.87,3.12,6.442917,8.997514,0.47759295,4.0825458,38436.51,34453.062,0.6,0.6,6.0,6.198903,26.28,131.12134,12.44,1.8864473,21.551666,16.401546,115233.89,45944.58,17.500004,17.500004,49.0,18.67,3.1120741,3
2025-01-04 16:00:00+00:00,2550.0,7.87,4.0699997,5.624166,4.8357506,2.0785828,3.3394976,38464.06,31576.277,2.4999995,2.4999995,18.0,9.761578,46.8,241.82852,9.68,1.3448191,27.175833,19.741043,153697.95,77520.86,20.000004,20.000004,67.0,28.35,4.456893,4
2025-01-05 16:00:00+00:00,2550.0,9.7699995,1.62,5.4137497,7.032694,-0.69732714,2.9573631,38493.316,35436.094,1.1,1.1,6.0,5.402999,40.68,199.2012,12.43,1.8171028,32.589584,22.698406,192191.27,112956.95,21.100004,21.100004,73.0,40.78,6.273996,5
2025-01-06 16:00:00+00:00,2550.0,8.17,2.0700002,4.7825,5.655959,-0.9570956,2.0451884,38524.27,32447.492,2.1000001,2.1000001,18.0,8.53815,55.8,186.82521,6.98,1.1013758,37.372086,24.743595,230715.53,145404.44,23.200005,23.200005,91.0,47.76,7.375372,6
2025-01-07 16:00:00+00:00,2550.0,8.0199995,2.4699998,4.8179154,5.0478096,0.050836086,2.2486153,38557.234,34745.03,1.3000002,1.3000002,13.0,8.211235,48.6,209.27515,10.07,1.4300611,42.190002,26.99221,269272.75,180149.47,24.500004,24.500004,104.0,57.829998,8.805433,7
2025-01-08 16:00:00+00:00,2550.0,7.12,0.62,3.578333,3.9209518,-1.975807,0.97084266,38592.32,23795.4,4.1,4.1,15.0,9.109138,51.12,189.11261,7.37,1.0793749,45.768333,27.963053,307865.06,203944.88,28.600004,28.600004,119.0,65.2,9.884809,8
2025-01-09 16:00:00+00:00,2550.0,4.37,0.72,2.1929169,2.135027,-1.8782699,-0.3661369,38629.453,17519.006,6.3999996,6.3999996,24.0,6.5049515,42.12,119.55078,5.55,0.7997693,47.96125,27.596916,346494.5,221463.88,35.000004,35.000004,143.0,70.75,10.684578,9
2025-01-10 16:00:00+00:00,2550.0,3.52,1.12,1.9595836,0.828938,-1.6272721,-0.68888324,38668.555,26486.684,11.0,11.0,24.0,6.489992,49.68,188.21576,5.78,0.7662334,49.920834,26.908033,385163.06,247950.56,46.000004,46.000004,167.0,76.53,11.450811,10
2025-01-11 16:00:00+00:00,2550.0,6.37,0.37,2.8929167,3.7174258,-2.1033516,0.22055554,38709.555,32414.773,3.1999993,3.1999993,21.0,5.5596404,45.719997,177.67848,7.8,1.1476201,52.81375,27.12859,423872.62,280365.34,49.200005,49.200005,188.0,84.33,12.598432,11
2025-01-12 16:00:00+00:00,2550.0,9.62,-0.38,4.824166,7.0607824,-3.6256666,2.1194084,38752.363,35701.605,0.5,0.5,5.0,5.495161,41.760002,148.04776,9.11,1.4423202,57.637917,29.247997,462625.0,316066.94,49.700005,49.700005,193.0,93.44,14.040751,12
2025-01-13 16:00:00+00:00,2550.0,11.12,1.62,6.2637496,8.977091,-0.56639194,4.1196685,38796.914,35233.72,1.3000001,1.3000001,4.0,6.0721655,46.8,220.18933,13.19,1.9789686,63.901665,33.367664,501421.9,351300.66,51.000004,51.000004,197.0,106.630005,16.01972,13
2025-01-14 16:00:00+00:00,2550.0,6.22,1.87,4.5012503,4.7411184,-0.9067488,2.591347,38843.12,3658.8694,9.500002,9.500002,24.0,6.341009,41.399998,98.619705,3.29,0.55193096,68.402916,35.95901,540265.0,354959.53,60.500008,60.500008,221.0,109.920006,16.571651,14
2025-01-15 16:00:00+00:00,2550.0,7.27,1.77,3.5533333,4.813943,-0.743891,1.1037629,38890.914,31413.857,2.9,2.9,24.0,5.815978,45.0,167.25177,7.2,1.05367,71.95625,37.062775,579155.94,386373.38,63.40001,63.40001,245.0,117.12,17.625322,15
2025-01-16 16:00:00+00:00,2550.0,9.0199995,1.52,4.8929167,6.7785215,-1.3235893,2.4246933,38940.215,32897.234,2.8999991,2.8999991,18.0,5.3517847,38.519997,150.45506,7.94,1.2713104,76.84917,39.48747,618096.1,419270.62,66.30001,66.30001,263.0,125.060005,18.896633,16
2025-01-17 16:00:00+00:00,2550.0,8.0199995,3.77,5.074167,5.0940742,1.4523473,2.796539,38990.95,24019.168,2.6000001,2.6000001,15.0,7.689603,52.199997,221.41783,7.07,1.089814,81.92333,42.284008,657087.06,443289.78,68.90001,68.90001,278.0,132.13,19.986446,17
2025-01-18 16:00:00+00:00,2550.0,8.42,3.77,5.340833,6.079337,1.7560396,3.202964,39043.047,33824.418,4.5999994,4.5999994,22.0,7.5019197,47.519997,234.51163,9.38,1.3011472,87.26417,45.486973,696130.1,477114.2,73.50001,73.50001,300.0,141.51001,21.287594,18
2025-01-19 16:00:00+00:00,2550.0,9.2699995,1.67,4.834583,6.6419744,-0.9391868,2.3448114,39096.43,33680.387,2.1000001,2.1000001,16.0,7.44121,46.44,196.62921,8.97,1.3647218,92.09875,47.831783,735226.56,510794.56,75.600006,75.600006,316.0,150.48001,22.652315,19
2025-01-20 16:00:00+00:00,2550.0,10.17,1.87,5.7762504,7.851945,-1.0709171,3.2729142,39151.023,31712.305,0.90000004,0.90000004,8.0,5.2323985,29.519999,153.10703,9.19,1.4856473,97.875,51.1047,774377.56,542506.9,76.50001,76.50001,324.0,159.67001,24.137962,20
2025-01-21 16:00:00+00:00,2550.0,8.12,3.4699998,5.3324995,5.094224,1.4753451,3.0191145,39206.76,35771.95,1.1,1.1,10.0,9.0,49.32,222.42514,11.45,1.5900152,103.2075,54.123814,813584.3,578278.8,77.600006,77.600006,334.0,171.12001,25.727978,21
2025-01-22 16:00:00+00:00,2550.0,9.57,2.67,5.697084,7.233205,0.48034763,3.4635124,39263.562,35786.742,0.8000001,0.8000001,8.0,8.626865,57.239998,231.62743,13.62,1.9257003,108.90458,57.587326,852847.9,614065.56,78.40001,78.40001,342.0,184.74,27.653679,22
2025-01-23 16:00:00+00:00,2550.0,11.12,2.9699998,6.5033326,8.988146,0.30866194,4.22718,39321.37,35487.832,1.4000001,1.4000001,11.0,8.604301,51.12,207.39226,14.09,2.0880635,115.40791,61.814507,892169.25,649553.4,79.80001,79.80001,353.0,198.83,29.741743,23
2025-01-24 16:00:00+00:00,2550.0,10.47,3.17,6.524166,8.351256,0.89606476,4.492967,39380.105,35708.527,1.5000002,1.5000002,10.0,4.613762,38.16,172.28825,12.43,1.8656734,121.93208,66.30747,931549.4,685261.9,81.30001,81.30001,363.0,211.26001,31.607416,24
2025-01-25 16:00:00+00:00,2550.0,8.67,1.82,5.22,6.0363035,-0.5161426,3.0407684,39439.695,33651.047,4.0000005,4.0000005,21.0,6.2613096,39.96,237.887,11.39,1.6292455,127.152084,69.34824,970989.06,718912.94,85.30001,85.30001,384.0,222.65001,33.23666,25
2025-01-26 16:00:00+00:00,2550.0,1.52,-1.83,-0.16125,-0.9191036,-5.2673626,-2.8236647,39500.098,8591.349,17.300001,12.9,24.0,5.506941,40.32,39.625565,3.07,0.46460453,126.99084,66.52458,1010489.2,727504.3,102.60001,98.20001,408.0,225.72002,33.701263,26
2025-01-27 16:00:00+00:00,2550.0,5.77,-4.08,0.2741666,3.2080512,-7.9046497,-3.0084622,39561.836,35882.156,1.3000001,1.3000001,12.0,5.5887027,34.92,112.71842,14.46,1.8897133,127.26501,63.51612,1050051.0,763386.5,103.90002,99.500015,420.0,240.18002,35.590977,27
2025-01-28 16:00:00+00:00,2550.0,5.72,-2.38,1.4137498,2.4415116,-5.869661,-1.7620249,39625.152,35905.87,1.4000002,1.4000002,13.0,5.815978,41.760002,165.96368,10.44,1.4372284,128.67876,61.754097,1089676.1,799292.4,105.30002,100.90002,433.0,250.62003,37.028206,28
2025-01-29 16:00:00+00:00,2550.0,8.92,0.42000002,4.0429163,6.3355083,-2.1500971,1.4977146,39689.95,35253.617,0.4,0.4,4.0,5.020677,37.44,154.82648,11.25,1.6536053,132.72168,63.251812,1129366.1,834546.0,105.70002,101.30002,437.0,261.87003,38.681812,29
2025-01-30 16:00:00+00:00,2550.0,8.42,1.62,5.1595836,7.034522,-0.8268533,3.3616893,39756.145,7601.1426,4.7000003,4.7000003,17.0,3.2846913,43.56,121.11874,4.83,0.8550621,137.88126,66.6135,1169122.2,842147.1,110.40002,106.000015,454.0,266.7,39.536873,30
2025-01-31 16:00:00+00:00,2550.0,11.22,6.17,8.490832,10.58204,4.9725533,7.593498,39823.637,26514.633,11.299999,11.299999,23.0,3.536439,49.32,178.6361,7.86,1.3274268,146.37209,74.207,1208945.9,868661.75,121.70001,117.30002,477.0,274.56,40.8643,31
2025-02-01 16:00:00+00:00,2550.0,9.87,5.62,7.947084,7.527542,3.5497422,6.1332664,39892.348,19573.871,4.0,4.0,23.0,8.893166,64.799995,230.17412,6.4,1.081867,154.31917,80.34027,1248838.2,888235.6,125.70001,121.30002,500.0,280.96,41.946167,32
2025-02-02 16:00:00+00:00,2550.0,6.02,1.92,4.134583,4.1349926,-0.5000317,2.1046975,39962.18,10779.656,11.599999,11.599999,24.0,5.441838,46.079998,212.77031,4.83,0.7418925,158.45375,82.44497,1288800.4,899015.25,137.30002,132.90002,524.0,285.78998,42.68806,33
2025-02-03 16:00:00+00:00,2550.0,4.62,-0.22999999,1.995,2.709643,-3.2054887,-0.5717854,40033.05,12468.462,7.799999,7.799999,24.0,6.3231,35.28,125.676476,5.49,0.8310637,160.44875,81.873184,1328833.4,911483.7,145.10002,140.70003,548.0,291.27997,43.519123,34
2025-02-04 16:00:00+00:00,2550.0,4.62,0.91999996,2.5804164,1.7359776,-1.8161886,-0.23613138,40104.88,30160.863,5.9999995,5.9999995,24.0,8.958504,61.56,216.55252,7.12,0.94963837,163.02916,81.637054,1368938.2,941644.56,151.10002,146.70003,572.0,298.39996,44.46876,35
2025-02-05 16:00:00+00:00,2550.0,7.17,1.87,4.4054165,4.5637646,-0.6959908,2.0953429,40177.58,14665.586,4.1,4.1,23.0,7.823272,50.399998,224.99986,5.83,0.9003182,167.43457,83.7324,1409115.9,956310.1,155.20003,150.80003,595.0,304.22995,45.36908,36
2025-02-06 16:00:00+00:00,2550.0,8.72,2.37,5.0575,6.427556,-0.1986041,2.9577892,40251.066,34216.55,1.8000002,1.8000002,13.0,6.9480934,49.32,186.47939,8.31,1.2340001,172.49207,86.690186,1449367.0,990526.7,157.00003,152.60004,608.0,312.53995,46.60308,37
2025-02-07 16:00:00+00:00,2550.0,5.62,1.77,3.1616662,3.7448058,-0.74362564,0.8384376,40325.258,10479.338,3.8999996,3.8999996,24.0,6.048107,46.8,135.15657,5.68,0.84011066,175.65373,87.528625,1489692.2,1001006.0,160.90002,156.50003,632.0,318.21994,47.44319,38
2025-02-08 16:00:00+00:00,2550.0,8.17,2.17,4.5283337,6.147702,-0.27933216,2.1318636,40400.086,23796.186,2.7999995,2.7999995,22.0,6.8777895,48.6,166.82935,7.28,1.1287637,180.18207,89.66049,1530092.4,1024802.2,163.70003,159.30003,654.0,325.49994,48.571957,39
2025-02-09 16:00:00+00:00,2550.0,9.72,3.3200002,5.9741664,7.203265,1.2391052,3.7923563,40475.457,36000.0,0.6,0.6,6.0,6.601363,51.48,190.76904,9.71,1.4955872,186.15623,93.45285,1570567.9,1060802.2,164.30003,159.90004,660.0,335.20993,50.067543,40
2025-02-10 16:00:00+00:00,2550.0,12.72,2.87,7.728332,11.29703,0.840703,5.984146,40551.3,36000.0,0.0,0.0,0.0,5.223103,42.839996,175.14699,14.58,2.3042915,193.88457,99.437,1611119.1,1096802.2,164.30003,159.90004,660.0,349.78992,52.371834,41
2025-02-11 16:00:00+00:00,2550.0,10.97,6.92,8.965833,11.011236,5.53399,8.36935,40627.535,0.0,34.7,34.7,23.0,3.438895,38.519997,91.648315,2.22,0.5351718,202.8504,107.80635,1651746.6,1096802.2,199.00003,194.60004,683.0,352.00992,52.907005,42
2025-02-12 16:00:00+00:00,2550.0,9.47,6.77,8.036666,8.75745,5.193842,6.789599,40704.09,0.0,47.399998,47.399998,21.0,5.720489,38.519997,122.81376,2.14,0.47138044,210.88707,114.59595,1692450.8,1096802.2,246.40002,242.00003,704.0,354.14993,53.378387,43
2025-02-13 16:00:00+00:00,2550.0,11.17,7.22,9.024167,10.279953,5.8812065,7.882211,40780.895,451.39996,1.9000002,1.9000002,11.0,6.6405115,50.76,209.93478,5.05,0.9058056,219.91124,122.47816,1733231.6,1097253.6,248.30002,243.90002,715.0,359.19992,54.284195,44
2025-02-14 16:00:00+00:00,2550.0,13.707999,6.158,8.937167,11.062463,3.6736822,6.4777427,40861.03,37019.0,0.0,0.0,0.0,14.8257065,83.159996,230.30872,18.94,2.765713,228.8484,128.9559,1774092.6,1134272.6,248.30002,243.90002,715.0,378.13992,57.049908,45
2025-02-15 16:00:00+00:00,2550.0,14.058,5.758,8.985083,12.359524,2.9260774,6.268913,40938.027,37681.11,0.0,0.0,0.0,14.021525,76.32,242.61916,21.11,3.2437274,237.83348,135.22481,1815030.6,1171953.8,248.30002,243.90002,715.0,399.24994,60.293636,46
2025-02-16 16:00:00+00:00,2550.0,13.808,4.808,8.16425,12.197958,1.677113,5.4439006,41015.715,37584.64,0.0,0.0,0.0,13.202726,74.159996,255.86816,21.27,3.1518242,245.99773,140.6687,1856046.4,1209538.4,248.30002,243.90002,715.0,420.51993,63.44546,47
2025-02-17 16:00:00+00:00,2550.0,9.308,3.908,6.093416,6.111676,1.2693996,3.1951487,41094.363,35202.11,0.1,0.0,1.0,13.363711,76.67999,263.24527,12.95,1.7742301,252.09114,143.86385,1897140.8,1244740.5,248.40002,243.90002,716.0,433.46994,65.21969,48
2025-02-18 16:00:00+00:00,2550.0,9.457999,3.558,5.9267497,6.709221,0.9631381,3.208088,41173.9,36000.0,0.0,0.0,0.0,12.620554,67.32,265.19107,14.99,2.0080988,258.01788,147.07193,1938314.6,1280740.5,248.40002,243.90002,716.0,448.45993,67.22779,49
2025-02-19 16:00:00+00:00,2550.0,9.658,3.5080001,6.078833,6.63375,0.8149452,3.395715,41254.234,36132.727,0.0,0.0,0.0,11.928989,60.839996,260.98447,14.45,1.9740344,264.0967,150.46765,1979568.9,1316873.2,248.40002,243.90002,716.0,462.90994,69.20183,50
2025-02-20 16:00:00+00:00,2550.0,8.957999,4.158,6.0100837,6.1434965,1.778832,3.3791695,41335.316,33053.52,0.5,0.0,5.0,11.367109,66.24,261.65482,10.57,1.4569525,270.10678,153.84682,2020904.2,1349926.8,248.90002,243.90002,721.0,473.47995,70.65878,51
2025-02-21 16:00:00+00:00,2550.0,10.308,3.7080002,6.505916,7.1738462,1.0152626,3.8370159,41417.047,36279.95,0.0,0.0,0.0,13.627795,74.520004,251.7605,15.92,2.1539388,276.6127,157.68384,2062321.2,1386206.8,248.90002,243.90002,721.0,489.39996,72.81272,52
2025-02-22 16:00:00+00:00,2550.0,6.958,5.008,5.737167,4.6063433,2.608541,3.4058847,41499.37,0.0,2.3999999,2.0,11.0,9.47012,59.399998,262.50427,3.23,0.58493036,282.34985,161.08972,2103820.5,1386206.8,251.30002,245.90002,732.0,492.62997,73.39765,53
2025-02-23 16:00:00+00:00,2550.0,8.908,3.6080003,5.9434166,5.6618767,0.7873726,3.2486866,41582.22,37976.79,0.0,0.0,0.0,13.324863,68.4,259.52332,14.93,1.9306188,288.29327,164.33841,2145402.8,1424183.5,251.30002,245.90002,732.0,507.55997,75.32827,54
2025-02-24 16:00:00+00:00,2550.0,11.457999,2.7080002,6.516333,10.333768,-0.22231674,4.101472,41665.504,38981.145,0.0,0.0,0.0,10.182337,50.399998,253.72366,19.48,2.674084,294.8096,168.43988,2187068.2,1463164.6,251.30002,245.90002,732.0,527.04,78.00236,55
2025-02-25 16:00:00+00:00,2550.0,9.108,4.708,6.8038344,7.033622,1.5781779,4.5810437,41749.17,4709.1245,2.1,2.1,9.0,6.924738,50.039997,259.42416,8.49,1.3273224,301.61343,173.02092,2228817.5,1467873.8,253.40002,248.00003,741.0,535.52997,79.32968,56
2025-02-26 16:00:00+00:00,2550.0,10.257999,5.958,7.737166,8.084046,4.029825,5.9190884,41833.15,33750.668,0.0,0.0,0.0,9.746631,55.079998,244.67264,10.88,1.5857297,309.3506,178.94,2270650.8,1501624.4,253.40002,248.00003,741.0,546.41,80.91541,57
2025-02-27 16:00:00+00:00,2550.0,16.553001,6.158,10.436126,16.050785,4.2341614,8.940152,41917.367,34472.758,0.9000001,0.0,6.0,6.151683,43.92,212.85571,20.2,3.3427336,319.7867,187.88016,2312568.0,1536097.1,254.30002,248.00003,747.0,566.61,84.25815,58
2025-02-28 16:00:00+00:00,2550.0,16.103,6.703,10.263417,13.84738,3.9871798,7.9392524,42001.758,38674.652,0.0,0.0,0.0,12.979984,21.96,227.16109,18.07,3.01785,330.05014,195.81941,2354569.8,1574771.8,254.30002,248.00003,747.0,584.68,87.276,59
2025-03-01 16:00:00+00:00,2550.0,14.853,6.303,9.561333,14.149311,3.3885517,7.31563,42086.26,39423.543,2.4000003,0.0,12.0,13.684735,20.880001,240.11829,22.13,3.2303674,339.61148,203.13504,2396656.0,1614195.2,256.7,248.00003,759.0,606.81,90.50637,60
2025-03-02 16:00:00+00:00,2550.0,13.403,6.053,9.117582,13.545486,3.585431,7.29393,42170.805,39510.57,2.1,0.0,12.0,13.0447235,16.56,241.36276,23.64,3.2171812,348.72906,210.42897,2438826.8,1653705.9,258.80002,248.00003,771.0,630.45,93.72355,61
2025-03-03 16:00:00+00:00,2550.0,15.703,5.4030004,9.7196665,14.60894,2.9659839,7.3860574,42255.324,39597.457,0.0,0.0,0.0,11.298495,15.119999,245.40424,21.98,3.439432,358.44873,217.81503,2481082.0,1693303.4,258.80002,248.00003,771.0,652.43,97.16298,62
2025-03-04 16:00:00+00:00,2550.0,8.353,6.353,7.555083,6.1280327,3.9992943,5.283327,42339.758,0.0,3.3,3.3,15.0,13.104198,19.8,242.48651,1.58,0.37561494,366.0038,223.09836,2523421.8,1693303.4,262.1,251.30003,786.0,654.01,97.5386,63
2025-03-05 16:00:00+00:00,2550.0,7.253,1.6529999,5.0571666,3.975645,-1.6447663,2.0783343,42424.035,27141.625,0.0,0.0,0.0,14.332341,16.919998,251.6636,8.29,1.0463023,371.06097,225.1767,2565845.8,1720445.0,262.1,251.30003,786.0,662.3,98.5849,64
2025-03-06 16:00:00+00:00,2550.0,9.603,0.25299996,4.3092494,8.177125,-2.702891,1.5573663,42508.098,39856.523,0.0,0.0,0.0,10.966713,16.199999,237.81488,22.13,2.8347206,375.3702,226.73407,2608353.8,1760301.5,262.1,251.30003,786.0,684.43,101.41962,65
2025-03-07 16:00:00+00:00,2550.0,11.0529995,-0.747,4.6300836,10.188966,-4.021393,2.061897,42591.895,39942.13,0.0,0.0,0.0,8.854829,11.5199995,221.26039,21.85,3.009002,380.0003,228.79596,2650945.8,1800243.6,262.1,251.30003,786.0,706.27997,104.42862,66
