date,elevation,temperature_2m_max,temperature_2m_min,temperature_2m_mean,apparent_temperature_max,apparent_temperature_min,apparent_temperature_mean,daylight_duration,sunshine_duration,precipitation_sum,rain_sum,precipitation_hours,wind_speed_10m_max,wind_gusts_10m_max,wind_direction_10m_dominant,shortwave_radiation_sum,et0_fao_evapotranspiration,cumulative_temperature_2m_mean,cumulative_apparent_temperature_mean,cumulative_daylight_duration,cumulative_sunshine_duration,cumulative_precipitation_sum,cumulative_rain_sum,cumulative_precipitation_hours,cumulative_shortwave_radiation_sum,cumulative_et0_fao_evapotranspiration,day
2025-01-01 16:00:00+00:00,957.0,12.2325,10.882501,11.545001,11.481225,10.440998,11.018977,38264.03,0.0,12.400002,12.400002,24.0,7.570707,24.84,79.84417,1.77,0.45175022,11.545001,11.018977,38264.03,0.0,12.400002,12.400002,24.0,1.77,0.45175022,1
2025-01-02 16:00:00+00:00,957.0,11.0825,9.5325,9.905416,10.261641,7.2369432,8.197974,38288.656,0.0,6.2999997,6.2999997,22.0,9.97986,33.12,63.991894,3.05,0.68473315,21.450417,19.216951,76552.69,0.0,18.7,18.7,46.0,4.8199997,1.1364834,2
2025-01-03 16:00:00+00:00,957.0,12.632501,9.0325,10.807502,9.626343,6.319623,8.266259,38315.09,28575.992,0.0,0.0,0.0,15.281989,49.32,108.20857,10.79,1.7886791,32.25792,27.483212,114867.78,28575.992,18.7,18.7,46.0,15.61,2.9251626,3
2025-01-04 16:00:00+00:00,957.0,15.482501,10.382501,11.838749,15.141096,8.779805,11.143506,38343.305,28466.906,3.5999994,3.5999994,10.0,7.386582,27.72,281.0407,9.23,1.4673729,44.09667,38.626717,153211.1,57042.9,22.3,22.3,56.0,24.84,4.392535,4
2025-01-05 16:00:00+00:00,957.0,11.2825,7.9825,9.73875,9.463879,5.3332024,7.606854,38373.277,35444.18,0.5,0.5,4.0,10.650465,37.8,37.178253,12.52,1.7504776,53.83542,46.23357,191584.38,92487.08,22.8,22.8,60.0,37.36,6.143013,5
2025-01-06 16:00:00+00:00,957.0,10.132501,7.2825003,8.434584,7.020138,4.43871,5.676369,38404.984,28409.887,2.0,2.0,11.0,13.288341,38.519997,95.803825,10.02,1.5335062,62.270004,51.90994,229989.36,120896.97,24.8,24.8,71.0,47.38,7.6765194,6
2025-01-07 16:00:00+00:00,957.0,11.632501,7.6325006,9.709585,9.861296,5.6100836,8.029513,38438.75,17603.475,1.2,1.2,9.0,9.007196,28.08,101.24546,8.31,1.2373632,71.97959,59.939453,268428.12,138500.44,26.0,26.0,80.0,55.690002,8.913882,7
2025-01-08 16:00:00+00:00,957.0,9.632501,5.8325005,8.240835,8.550061,3.3647552,6.1452537,38474.688,7435.558,8.200001,8.200001,21.0,11.53265,32.039997,61.93538,3.6,0.73613185,80.22043,66.08471,306902.8,145936.0,34.2,34.2,101.0,59.29,9.650014,8
2025-01-09 16:00:00+00:00,957.0,5.7825003,4.9325,5.43875,3.210228,2.190391,2.790768,38512.723,0.0,6.0999985,6.0999985,24.0,9.187056,29.519999,60.18308,3.25,0.59957063,85.65918,68.87548,345415.53,145936.0,40.3,40.3,125.0,62.54,10.249584,9
2025-01-10 16:00:00+00:00,957.0,7.3325005,5.4325,6.3325005,4.5157413,3.080791,3.839217,38552.777,670.8316,6.1999993,6.1999993,24.0,11.230904,27.359999,74.35466,3.51,0.6905254,91.991684,72.7147,383968.3,146606.83,46.5,46.5,149.0,66.05,10.940109,10
2025-01-11 16:00:00+00:00,957.0,8.7325,3.4824998,6.397083,5.5802717,0.04122448,3.5939035,38594.77,30845.518,0.70000005,0.70000005,5.0,8.748075,28.08,45.92259,11.22,1.583701,98.38876,76.3086,422563.1,177452.34,47.2,47.2,154.0,77.270004,12.52381,11
2025-01-12 16:00:00+00:00,957.0,10.882501,3.4824998,7.642917,7.6509094,0.093138695,4.611591,38638.617,35736.66,0.0,0.0,0.0,13.202726,40.68,114.54618,13.66,1.8824661,106.03168,80.92019,461201.72,213189.0,47.2,47.2,154.0,90.93001,14.406277,12
2025-01-13 16:00:00+00:00,957.0,15.482501,6.6325006,10.734584,14.677557,4.9033766,9.432377,38684.246,34563.07,0.3,0.3,2.0,7.7043357,23.4,144.12369,13.74,2.06806,116.76626,90.35257,499885.97,247752.06,47.5,47.5,156.0,104.670006,16.474337,13
2025-01-14 16:00:00+00:00,957.0,10.7325,5.9825,8.561667,10.187065,3.570222,6.928905,38731.57,0.0,14.9000025,14.9000025,23.0,8.209263,28.08,21.186281,2.4,0.5053212,125.32793,97.28147,538617.56,247752.06,62.4,62.4,179.0,107.07001,16.979658,14
2025-01-15 16:00:00+00:00,957.0,7.8325005,5.6325006,6.5908356,4.5933895,3.0346208,3.795366,38780.52,11720.296,1.3000001,1.3000001,11.0,10.718693,32.039997,72.79979,6.54,1.0386815,131.91876,101.076836,577398.06,259472.36,63.7,63.7,190.0,113.61001,18.01834,15
2025-01-16 16:00:00+00:00,957.0,8.5825,6.6825,7.4012504,5.209347,3.9695997,4.448884,38831.016,16543.812,0.0,0.0,0.0,11.177405,33.48,85.05177,8.27,1.3480693,139.32,105.52572,616229.06,276016.2,63.7,63.7,190.0,121.880005,19.36641,16
2025-01-17 16:00:00+00:00,957.0,12.0325,6.7325,9.405417,10.097326,4.2158813,7.363705,38882.977,30997.04,0.9,0.9,6.0,11.351422,30.599998,115.992386,9.32,1.425491,148.72542,112.88943,655112.06,307013.22,64.6,64.6,196.0,131.20001,20.7919,17
2025-01-18 16:00:00+00:00,957.0,10.9325,8.7325,9.867917,9.874561,7.1348934,8.659663,38936.33,5171.3945,4.5,4.5,17.0,7.208994,23.039999,313.85104,4.13,0.7321698,158.59334,121.54909,694048.4,312184.62,69.1,69.1,213.0,135.33002,21.52407,18
2025-01-19 16:00:00+00:00,957.0,12.5825,6.1325006,9.411667,10.175749,3.3917456,7.1405168,38991.0,35806.773,0.8000001,0.8000001,7.0,10.819482,36.0,101.30989,13.19,1.9065651,168.005,128.6896,733039.4,347991.4,69.9,69.9,220.0,148.52002,23.430635,19
2025-01-20 16:00:00+00:00,957.0,12.6825,6.5825005,9.790834,9.945123,3.9335356,7.265024,39046.91,35819.46,0.0,0.0,0.0,13.797913,44.639996,111.19499,14.06,2.0082426,177.79584,135.95464,772086.3,383810.88,69.9,69.9,220.0,162.58002,25.438877,20
2025-01-21 16:00:00+00:00,957.0,15.0824995,9.382501,11.836667,14.629873,8.052944,10.875459,39103.99,34305.1,1.9000001,1.9000001,6.0,7.193247,27.359999,146.39876,10.61,1.6765624,189.6325,146.8301,811190.3,418115.97,71.8,71.8,226.0,173.19002,27.11544,21
2025-01-22 16:00:00+00:00,957.0,13.732501,9.382501,11.042918,12.638649,8.560456,10.18934,39162.164,27760.965,0.3,0.3,3.0,8.528657,31.68,293.25262,8.19,1.2370082,200.67543,157.01944,850352.5,445876.94,72.100006,72.100006,229.0,181.38002,28.35245,22
2025-01-23 16:00:00+00:00,957.0,14.232501,10.0325,12.017918,13.1850605,9.519829,11.44678,39221.355,26995.678,2.6,2.6,16.0,10.514218,31.68,60.945507,8.9,1.364616,212.69334,168.46622,889573.9,472872.62,74.700005,74.700005,245.0,190.28001,29.717066,23
2025-01-24 16:00:00+00:00,957.0,12.3325,10.5825,11.265834,11.109822,9.925015,10.445201,39281.504,16267.939,4.5,4.5,24.0,10.583326,32.039997,66.06271,6.31,0.9565157,223.95918,178.91142,928855.4,489140.56,79.200005,79.200005,269.0,196.59001,30.673582,24
2025-01-25 16:00:00+00:00,957.0,11.2825,7.4325,9.961667,10.078103,5.9931526,8.635972,39342.527,7791.797,12.900001,12.900001,24.0,10.373061,32.039997,37.030487,5.57,0.9123984,233.92085,187.5474,968197.9,496932.38,92.100006,92.100006,293.0,202.16002,31.585981,25
2025-01-26 16:00:00+00:00,957.0,7.1825,3.3325002,4.92,5.622551,0.36181068,2.1661022,39404.38,3191.625,13.8,13.4,16.0,9.605998,31.68,326.6893,3.61,0.6315088,238.84085,189.7135,1007602.25,500124.0,105.90001,105.50001,309.0,205.77002,32.21749,26
2025-01-27 16:00:00+00:00,957.0,8.5825,3.0825002,5.4429164,6.225416,0.05240631,2.478761,39467.598,33398.61,0.0,0.0,0.0,11.19189,36.36,89.35084,15.58,1.9249036,244.28377,192.19226,1047069.9,533522.6,105.90001,105.50001,309.0,221.35002,34.142395,27
2025-01-28 16:00:00+00:00,957.0,8.882501,2.7324998,6.1200004,5.4444456,-0.6879971,2.7580185,39532.43,35972.785,0.0,0.0,0.0,13.159711,38.519997,108.90467,14.4,1.9266241,250.40376,194.95029,1086602.2,569495.44,105.90001,105.50001,309.0,235.75002,36.06902,28
2025-01-29 16:00:00+00:00,957.0,13.4325,6.7825003,9.734584,11.720333,4.194804,7.5308843,39598.78,35998.918,0.0,0.0,0.0,9.54679,29.88,116.97486,15.05,2.165904,260.13834,202.48117,1126201.0,605494.4,105.90001,105.50001,309.0,250.80002,38.234924,29
2025-01-30 16:00:00+00:00,957.0,14.732501,9.0325,11.62,14.802958,7.353508,10.9756775,39666.56,19548.055,2.0,2.0,8.0,6.76618,26.64,140.01607,6.68,1.117189,271.75833,213.45685,1165867.5,625042.44,107.90001,107.50001,317.0,257.48,39.35211,30
2025-01-31 16:00:00+00:00,957.0,16.9825,11.0825,13.3845825,17.63294,10.3270035,13.484989,39735.668,26422.596,14.099999,14.099999,20.0,7.8954163,27.359999,57.129086,7.74,1.3095142,285.1429,226.94183,1205603.1,651465.06,122.00001,121.600006,337.0,265.22,40.661625,31
2025-02-01 16:00:00+00:00,957.0,11.9325,10.1825,10.842918,10.583495,9.533112,10.080272,39806.016,0.0,7.0,7.0,23.0,9.039514,28.44,34.710766,3.74,0.71339244,295.98584,237.02211,1245409.1,651465.06,129.0,128.6,360.0,268.96,41.37502,32
2025-02-02 16:00:00+00:00,957.0,10.0325,6.1825,8.101251,9.392489,4.6169777,6.6680675,39877.52,101.34327,17.099998,17.099998,24.0,6.6624317,24.84,6.4859385,2.03,0.46715194,304.0871,243.69017,1285286.6,651566.4,146.1,145.70001,384.0,270.99,41.84217,33
2025-02-03 16:00:00+00:00,957.0,7.8325005,3.8325002,5.7908344,4.6451874,0.7702217,2.951207,39950.08,26647.2,5.3,5.1,9.0,10.946013,32.039997,60.527527,10.6,1.4721236,309.87793,246.64137,1325236.8,678213.56,151.40001,150.80002,393.0,281.59,43.314293,34
2025-02-04 16:00:00+00:00,957.0,9.2825,3.9325001,7.003334,6.2154245,0.81940794,4.102365,40023.617,33347.14,0.9000001,0.9000001,9.0,12.399112,39.96,109.08504,10.68,1.5386648,316.88126,250.74374,1365260.4,711560.7,152.3,151.70001,402.0,292.27,44.85296,35
2025-02-05 16:00:00+00:00,957.0,11.2825,7.3825006,9.397083,9.794763,5.4503794,7.8372827,40098.05,15085.664,1.4000001,1.4000001,11.0,8.089993,27.0,106.15808,7.15,1.097659,326.27835,258.58102,1405358.4,726646.4,153.7,153.1,413.0,299.41998,45.95062,36
2025-02-06 16:00:00+00:00,957.0,9.8325,4.5825005,7.622084,9.250952,1.8856082,5.668694,40173.29,4087.0889,9.3,9.3,20.0,10.399576,29.88,68.342964,3.02,0.5755627,333.90042,264.24973,1445531.6,730733.44,163.0,162.40001,433.0,302.43997,46.52618,37
2025-02-07 16:00:00+00:00,957.0,4.2325,2.9824998,3.5449998,1.356524,-0.27477837,0.40271333,40249.242,487.57666,6.5,5.7000003,24.0,9.614426,32.039997,66.25469,3.72,0.629891,337.44543,264.65244,1485780.9,731221.0,169.5,168.1,457.0,306.15997,47.15607,38
2025-02-08 16:00:00+00:00,957.0,7.0825005,3.7825,5.5533338,3.7190456,0.91087294,2.5523872,40325.848,4862.799,0.9000001,0.9000001,9.0,10.435344,34.92,77.47121,6.52,1.0673414,342.99878,267.20483,1526106.8,736083.8,170.4,169.0,466.0,312.67996,48.22341,39
2025-02-09 16:00:00+00:00,957.0,11.5325,6.2325,8.655417,9.371856,3.4573073,6.171264,40403.004,36214.12,0.0,0.0,0.0,10.644379,32.760002,108.49212,13.18,1.8737781,351.6542,273.3761,1566509.8,772297.94,170.4,169.0,466.0,325.85995,50.09719,40
2025-02-10 16:00:00+00:00,957.0,16.7325,7.6825,11.874167,17.378908,6.1114483,11.129857,40480.65,36114.188,0.0,0.0,0.0,7.44121,24.119999,137.48305,16.8,2.5425005,363.52838,284.50595,1606990.4,808412.1,170.4,169.0,466.0,342.65994,52.63969,41
2025-02-11 16:00:00+00:00,957.0,14.9325,11.0825,12.895,16.0761,10.444916,13.1882715,40558.69,0.0,29.7,29.7,19.0,6.1226463,32.760002,255.14134,3.04,0.63606995,376.42337,297.6942,1647549.1,808412.1,200.09999,198.7,485.0,345.69995,53.27576,42
2025-02-12 16:00:00+00:00,957.0,10.5825,9.0825,9.603333,9.191931,7.3228035,7.952833,40637.066,0.0,35.399998,35.399998,19.0,10.703569,40.32,92.25137,3.07,0.5964256,386.0267,305.64703,1688186.2,808412.1,235.49998,234.09999,504.0,348.76996,53.872185,43
2025-02-13 16:00:00+00:00,957.0,14.4325,9.382501,11.501251,13.368908,7.722823,10.399537,40715.688,30750.91,0.1,0.1,1.0,9.867218,28.08,112.3016,10.41,1.5380325,397.52795,316.04657,1728902.0,839163.06,235.59999,234.2,505.0,359.17996,55.410217,44
2025-02-14 16:00:00+00:00,957.0,19.097,11.947,14.588666,19.524385,11.545342,14.691902,40797.66,36085.832,0.0,0.0,0.0,7.9932966,29.16,145.60252,14.36,2.3510132,412.1166,330.73846,1769699.6,875248.9,235.59999,234.2,505.0,373.53995,57.76123,45
2025-02-15 16:00:00+00:00,957.0,14.847,9.896999,12.194917,14.381855,8.544726,11.454842,40876.48,16547.275,0.0,0.0,0.0,8.4963045,33.48,352.65247,7.2,1.1778412,424.31152,342.1933,1810576.1,891796.1,235.59999,234.2,505.0,380.73996,58.93907,46
2025-02-16 16:00:00+00:00,957.0,12.447,7.6469994,10.163667,8.913931,4.920992,7.287079,40956.004,36000.0,0.0,0.0,0.0,19.05281,54.719997,102.758965,14.41,2.2086456,434.4752,349.48038,1851532.1,927796.1,235.59999,234.2,505.0,395.14996,61.147717,47
2025-02-17 16:00:00+00:00,957.0,10.646999,9.047,9.75325,8.818206,7.042344,8.013422,41036.516,0.0,0.1,0.0,1.0,9.178235,39.239998,84.191315,1.58,0.50420827,444.22845,357.4938,1892568.6,927796.1,235.7,234.2,506.0,396.72995,61.651924,48
2025-02-18 16:00:00+00:00,957.0,11.347,8.896999,10.294916,9.540758,6.535924,8.248376,41117.918,0.0,0.2,0.0,2.0,12.387348,48.96,118.12895,2.94,0.7152968,454.52338,365.7422,1933686.5,927796.1,235.9,234.2,508.0,399.66995,62.36722,49
2025-02-19 16:00:00+00:00,957.0,14.997,11.197,12.536583,14.334404,9.502573,11.80772,41200.16,20718.975,0.0,0.0,0.0,10.948973,43.199997,120.55236,8.5,1.4083409,467.05997,377.5499,1974886.6,948515.1,235.9,234.2,508.0,408.16995,63.775562,50
2025-02-20 16:00:00+00:00,957.0,11.797,8.847,9.692833,11.1961355,7.0934725,8.221251,41283.145,0.0,1.4000001,0.90000004,8.0,9.826088,31.68,22.82644,1.99,0.5070832,476.7528,385.77115,2016169.8,948515.1,237.29999,235.09999,516.0,410.15994,64.282646,51
2025-02-21 16:00:00+00:00,957.0,10.797,8.896999,9.872001,9.907019,6.8554554,8.046349,41366.805,0.0,0.3,0.3,1.0,13.363711,48.6,104.84548,2.37,0.57015294,486.62482,393.8175,2057536.5,948515.1,237.59999,235.4,517.0,412.52994,64.8528,52
2025-02-22 16:00:00+00:00,957.0,10.896999,8.847,10.0720005,10.165033,7.2891636,8.944219,41451.07,0.0,6.199999,5.6999993,19.0,9.605998,35.64,354.0291,1.3,0.3783713,496.6968,402.76172,2098987.5,948515.1,243.79999,241.09999,536.0,413.82993,65.23117,53
2025-02-23 16:00:00+00:00,957.0,8.747,6.4469995,7.8074164,7.0957146,3.2752466,5.3524976,41535.86,0.0,1.4000002,0.0,14.0,13.0447235,48.96,81.08329,2.61,0.59419495,504.5042,408.11423,2140523.2,948515.1,245.19998,241.09999,550.0,416.4399,65.82536,54
2025-02-24 16:00:00+00:00,957.0,12.247,6.9969997,9.674083,10.285856,3.8588877,7.6039224,41621.105,30801.627,0.0,0.0,0.0,12.904882,48.6,129.72885,11.52,1.5713632,514.1783,415.71814,2182144.2,979316.75,245.19998,241.09999,550.0,427.9599,67.39673,55
2025-02-25 16:00:00+00:00,957.0,15.847,9.547,12.238667,16.029413,8.857627,11.802699,41706.742,14681.94,0.0,0.0,0.0,6.6087217,24.119999,98.13005,9.61,1.593977,526.41693,427.52084,2223851.0,993998.7,245.19998,241.09999,550.0,437.5699,68.99071,56
2025-02-26 16:00:00+00:00,957.0,15.597,11.797,13.522,15.590832,11.54849,13.182945,41792.688,4407.47,0.0,0.0,0.0,11.480557,46.8,117.69675,4.31,0.8486284,539.9389,440.7038,2265643.8,998406.2,245.19998,241.09999,550.0,441.87988,69.83933,57
2025-02-27 16:00:00+00:00,957.0,18.2035,13.9470005,15.505229,18.549892,13.241217,15.356689,41878.883,34192.73,0.0,0.0,0.0,12.031756,46.44,125.42846,15.28,2.448492,555.44415,456.0605,2307522.8,1032598.94,245.19998,241.09999,550.0,457.15988,72.28783,58
2025-02-28 16:00:00+00:00,957.0,20.8535,13.703501,16.432669,21.43004,13.822527,17.138504,41965.26,34655.2,0.6,0.0,6.0,10.24578,7.2,81.99093,14.39,2.5348864,571.87683,473.19897,2349488.0,1067254.1,245.79999,241.09999,556.0,471.5499,74.822716,59
2025-03-01 16:00:00+00:00,957.0,22.1035,14.2535,17.634752,23.9919,14.363079,18.42412,42051.74,37045.777,0.6,0.0,6.0,9.504273,6.4799995,41.72944,19.28,3.3534462,589.5116,491.6231,2391539.8,1104299.9,246.4,241.09999,562.0,490.8299,78.17616,60
2025-03-02 16:00:00+00:00,957.0,15.5035,12.6535,13.836834,16.144394,12.286888,13.8716955,42138.266,0.0,5.6999984,4.499999,24.0,9.779817,11.879999,88.98602,1.86,0.4385068,603.34845,505.4948,2433678.0,1104299.9,252.09999,245.59999,586.0,492.68988,78.61467,61
2025-03-03 16:00:00+00:00,957.0,17.8535,12.8035,14.920167,18.48487,12.627426,15.296837,42224.766,34105.48,0.3,0.0,3.0,10.483357,10.08,119.32568,15.29,2.370826,618.2686,520.7916,2475902.8,1138405.4,252.4,245.59999,589.0,507.9799,80.9855,62
2025-03-04 16:00:00+00:00,957.0,14.6535,3.2535,7.174333,15.553274,-0.08239317,4.6723747,42311.17,0.0,5.3999987,3.8999996,21.0,13.138765,22.319998,3.468156,0.74,0.32339337,625.44293,525.464,2518214.0,1138405.4,257.8,249.49998,610.0,508.71988,81.30889,63
2025-03-05 16:00:00+00:00,957.0,4.1035,3.1035,3.5576668,1.4274397,-0.004302025,0.51905566,42397.43,0.0,0.3,0.3,3.0,9.3669195,15.119999,3.1095302,2.06,0.47863722,629.0006,525.98303,2560611.5,1138405.4,258.09998,249.79999,613.0,510.77988,81.78753,64
2025-03-06 16:00:00+00:00,957.0,6.0535,3.9035,5.207667,4.4242363,1.5378385,3.211485,42483.457,0.0,0.0,0.0,0.0,4.5536795,10.440001,338.49847,2.4,0.5040419,634.20825,529.1945,2603095.0,1138405.4,258.09998,249.79999,613.0,513.1799,82.29157,65
2025-03-07 16:00:00+00:00,957.0,8.2535,5.9535,7.2514167,7.3279276,4.2794104,5.879352,42569.21,0.0,1.2,1.2,9.0,3.219938,10.799999,117.45095,2.63,0.5542152,641.45966,535.07385,2645664.2,1138405.4,259.3,250.99998,622.0,515.8099,82.84579,66
