date,elevation,temperature_2m_max,temperature_2m_min,temperature_2m_mean,apparent_temperature_max,apparent_temperature_min,apparent_temperature_mean,daylight_duration,sunshine_duration,precipitation_sum,rain_sum,precipitation_hours,wind_speed_10m_max,wind_gusts_10m_max,wind_direction_10m_dominant,shortwave_radiation_sum,et0_fao_evapotranspiration,cumulative_temperature_2m_mean,cumulative_apparent_temperature_mean,cumulative_daylight_duration,cumulative_sunshine_duration,cumulative_precipitation_sum,cumulative_rain_sum,cumulative_precipitation_hours,cumulative_shortwave_radiation_sum,cumulative_et0_fao_evapotranspiration,day
2025-01-01 16:00:00+00:00,709.0,16.562,14.462,15.48075,18.357801,15.501308,16.777384,38508.28,0.0,10.700001,10.700001,17.0,4.6452556,16.56,287.9204,2.49,0.55234903,15.48075,16.777384,38508.28,0.0,10.700001,10.700001,17.0,2.49,0.55234903,1
2025-01-02 16:00:00+00:00,709.0,17.262001,10.962,14.784919,17.901985,10.326721,15.338721,38531.74,27670.889,0.1,0.1,1.0,7.029225,27.359999,315.4896,7.27,1.222226,30.265669,32.116104,77040.016,27670.889,10.800001,10.800001,18.0,9.76,1.774575,2
2025-01-03 16:00:00+00:00,709.0,18.712,10.311999,14.118252,19.04161,9.122671,13.918483,38556.92,35651.65,0.5,0.5,3.0,6.297428,23.039999,177.56915,13.98,2.2461364,44.38392,46.034588,115596.94,63322.54,11.300001,11.300001,21.0,23.74,4.0207114,3
2025-01-04 16:00:00+00:00,709.0,17.262001,13.3619995,14.620332,16.723677,13.106382,14.612523,38583.8,34593.207,6.2999988,6.2999988,13.0,9.67657,33.12,328.50146,10.44,1.6785265,59.00425,60.64711,154180.73,97915.75,17.6,17.6,34.0,34.18,5.699238,4
2025-01-05 16:00:00+00:00,709.0,17.962,10.162,14.545334,17.59926,8.734923,13.807336,38612.355,35712.57,0.0,0.0,0.0,9.734988,33.839996,16.628714,16.02,2.518208,73.54958,74.454445,192793.1,133628.31,17.6,17.6,34.0,50.2,8.217445,5
2025-01-06 16:00:00+00:00,709.0,15.512,8.6119995,12.461999,14.954311,7.2603445,11.772434,38642.566,33042.96,3.2,3.2,14.0,8.731391,29.519999,224.6936,10.44,1.6008545,86.01158,86.22688,231435.66,166671.28,20.800001,20.800001,48.0,60.64,9.8183,6
2025-01-07 16:00:00+00:00,709.0,17.062,11.012,13.762,17.014713,9.635552,13.088616,38674.734,35704.984,0.0,0.0,0.0,8.181589,29.519999,350.074,14.07,2.1967993,99.77358,99.3155,270110.38,202376.27,20.800001,20.800001,48.0,74.71,12.0151,7
2025-01-08 16:00:00+00:00,709.0,16.362001,8.061999,12.878667,15.762909,6.4402847,12.181728,38708.98,35049.086,0.3,0.3,3.0,7.6388745,27.72,337.35675,9.56,1.5960194,112.65225,111.49722,308819.34,237425.34,21.1,21.1,51.0,84.27,13.611119,8
2025-01-09 16:00:00+00:00,709.0,14.512,11.3619995,12.60575,13.4114,10.627302,12.019931,38745.22,35164.78,1.2,1.2,9.0,9.648067,31.68,301.87607,10.33,1.5007435,125.258,123.51715,347564.56,272590.12,22.300001,22.300001,60.0,94.6,15.111863,9
2025-01-10 16:00:00+00:00,709.0,13.962,9.912,11.5182495,13.463371,9.301129,10.761959,38783.383,35385.53,1.8000002,1.8000002,12.0,11.203464,34.56,281.91818,12.08,1.6745043,136.77625,134.27911,386347.94,307975.66,24.100002,24.100002,72.0,106.68,16.786367,10
2025-01-11 16:00:00+00:00,709.0,14.8619995,7.612,11.253666,13.928062,5.8891106,10.0425005,38823.4,35692.78,0.0,0.0,0.0,10.534229,34.56,323.05264,15.54,2.1739175,148.0299,144.32161,425171.34,343668.44,24.100002,24.100002,72.0,122.22,18.960285,11
2025-01-12 16:00:00+00:00,709.0,16.362001,5.362,10.8245,15.85726,3.356452,9.513365,38865.176,35693.117,0.0,0.0,0.0,7.8954163,27.0,207.70566,16.52,2.4421318,158.8544,153.83498,464036.53,379361.56,24.100002,24.100002,72.0,138.74,21.402416,12
2025-01-13 16:00:00+00:00,709.0,17.862001,5.662,12.703666,17.762646,3.6512804,11.935042,38908.656,35694.82,0.6,0.6,4.0,7.7879906,27.359999,304.95062,16.15,2.5163186,171.55806,165.77002,502945.2,415056.38,24.700003,24.700003,76.0,154.89,23.918736,13
2025-01-14 16:00:00+00:00,709.0,14.962,11.561999,13.532834,15.889429,11.20749,13.8662615,38953.758,4182.013,2.2,2.2,14.0,5.8769383,23.4,333.59665,3.45,0.6389363,185.0909,179.63628,541898.94,419238.38,26.900003,26.900003,90.0,158.34,24.557673,14
2025-01-15 16:00:00+00:00,709.0,15.162,10.262,11.972416,14.370707,9.261584,10.994214,39000.402,35702.31,0.0,0.0,0.0,11.328566,36.36,276.89087,12.86,1.8596683,197.06331,190.6305,580899.3,454940.7,26.900003,26.900003,90.0,171.2,26.417341,15
2025-01-16 16:00:00+00:00,709.0,15.262,8.462,11.724502,14.548351,6.9013205,10.596057,39048.527,35708.098,0.0,0.0,0.0,9.167638,28.44,281.7934,14.41,2.1227973,208.78781,201.22655,619947.8,490648.78,26.900003,26.900003,90.0,185.61,28.540138,16
2025-01-17 16:00:00+00:00,709.0,16.112001,8.061999,12.307832,15.581934,6.306978,11.693923,39098.047,34917.8,4.6,4.6,15.0,7.0015144,25.919998,255.39859,9.47,1.5457507,221.09564,212.92047,659045.9,525566.56,31.500004,31.500004,105.0,195.08,30.08589,17
2025-01-18 16:00:00+00:00,709.0,16.812,11.912,14.10575,16.489502,12.148689,14.198654,39148.9,35723.805,1.8000002,1.8000002,10.0,8.641874,31.68,338.6526,12.69,1.9292037,235.20139,227.11913,698194.75,561290.4,33.300003,33.300003,115.0,207.77,32.015095,18
2025-01-19 16:00:00+00:00,709.0,17.362001,9.3619995,13.457833,17.46956,7.8007927,12.868913,39201.004,35733.727,0.2,0.2,2.0,9.473541,33.12,240.01842,14.53,2.239446,248.65923,239.98804,737395.75,597024.1,33.500004,33.500004,117.0,222.3,34.25454,19
2025-01-20 16:00:00+00:00,709.0,17.962,8.412,13.628666,17.73081,7.008113,13.085354,39254.293,35745.023,1.5000001,1.5000001,9.0,8.373386,26.64,207.77951,14.26,2.2741866,262.2879,253.0734,776650.06,632769.1,35.000004,35.000004,126.0,236.56,36.528725,20
2025-01-21 16:00:00+00:00,709.0,18.112001,8.762,13.897418,17.799826,7.5581074,13.611866,39308.7,35757.71,1.9000002,1.9000002,12.0,9.335737,30.599998,261.5185,13.96,2.2123506,276.18533,266.68527,815958.75,668526.8,36.900005,36.900005,138.0,250.52,38.741074,21
2025-01-22 16:00:00+00:00,709.0,19.062,12.061999,15.253666,18.795292,11.180707,14.982376,39364.152,35678.58,0.4,0.4,4.0,10.484903,30.599998,20.601944,15.09,2.452147,291.439,281.66766,855322.9,704205.4,37.300007,37.300007,142.0,265.61002,41.193222,22
2025-01-23 16:00:00+00:00,709.0,20.262001,9.6119995,15.437003,20.402044,7.7474575,14.914397,39420.574,35867.94,0.0,0.0,0.0,9.139322,28.8,281.4695,15.85,2.6853456,306.876,296.58206,894743.44,740073.3,37.300007,37.300007,142.0,281.46002,43.878567,23
2025-01-24 16:00:00+00:00,709.0,19.312,11.462,15.345334,19.801638,10.754232,15.213065,39477.91,35804.164,0.0,0.0,0.0,9.54679,30.960001,302.00534,15.81,2.5763965,322.22134,311.79514,934221.4,775877.5,37.300007,37.300007,142.0,297.27002,46.454964,24
2025-01-25 16:00:00+00:00,709.0,17.212,11.162,14.007833,16.74486,10.893465,13.508615,39536.086,35822.47,2.0,2.0,12.0,11.808878,35.64,313.32822,13.33,2.111622,336.2292,325.30374,973757.44,811700.0,39.300007,39.300007,154.0,310.6,48.566586,25
2025-01-26 16:00:00+00:00,709.0,11.162,7.7620006,9.745333,11.063252,6.2974873,8.625549,39595.05,13283.396,3.3000002,3.3000002,14.0,10.315115,32.399998,323.33276,4.6,0.66868925,345.97452,333.9293,1013352.5,824983.4,42.600006,42.600006,168.0,315.2,49.235275,26
2025-01-27 16:00:00+00:00,709.0,14.912,4.412,9.972416,13.263735,2.4112902,8.256215,39655.324,36009.586,0.0,0.0,0.0,9.7565975,34.2,324.3003,15.31,2.277111,355.94693,342.18552,1053007.9,860992.94,42.600006,42.600006,168.0,330.51,51.512386,27
2025-01-28 16:00:00+00:00,709.0,15.212,6.8120003,11.009915,13.73918,4.9369144,9.528908,39717.137,35947.27,0.0,0.0,0.0,8.39657,29.16,239.98172,14.46,2.2091067,366.95685,351.71442,1092725.0,896940.2,42.600006,42.600006,168.0,344.97,53.721493,28
2025-01-29 16:00:00+00:00,709.0,17.512001,8.462,12.493249,17.295698,6.826071,11.48442,39780.4,36221.527,0.2,0.2,2.0,9.165871,30.960001,247.31349,16.96,2.629786,379.4501,363.19882,1132505.4,933161.7,42.800007,42.800007,170.0,361.93,56.35128,29
2025-01-30 16:00:00+00:00,709.0,17.362001,8.1119995,12.939084,18.365868,6.4472885,12.862957,39845.02,18000.0,3.0,3.0,16.0,6.015878,20.519999,115.4362,5.64,1.0678167,392.3892,376.06177,1172350.4,951161.7,45.800007,45.800007,186.0,367.57,57.419098,30
2025-01-31 16:00:00+00:00,709.0,19.962,12.762,16.46408,21.116861,12.466484,17.38999,39910.914,34523.027,3.8999996,3.8999996,14.0,7.7043357,28.44,352.60605,12.2,2.070529,408.85327,393.45175,1212261.2,985684.7,49.700005,49.700005,200.0,379.77002,59.489628,31
2025-02-01 16:00:00+00:00,709.0,19.712,14.712,16.74325,20.304674,15.246006,17.596928,39977.996,36121.5,0.8000001,0.8000001,6.0,8.777654,34.56,278.26434,15.17,2.4699745,425.59653,411.04868,1252239.2,1021806.2,50.500004,50.500004,206.0,394.94003,61.959602,32
2025-02-02 16:00:00+00:00,709.0,15.162,11.1119995,13.424499,14.760984,10.888759,13.227584,40046.18,34252.86,1.0,1.0,9.0,11.808878,38.16,295.48065,11.58,1.6702899,439.02103,424.27625,1292285.4,1056059.0,51.500004,51.500004,215.0,406.52002,63.62989,33
2025-02-03 16:00:00+00:00,709.0,13.3619995,10.512,11.445333,12.632614,9.962744,10.706672,40115.375,23727.574,0.9,0.9,5.0,8.528657,30.239998,292.25394,8.0,1.254552,450.46637,434.9829,1332400.8,1079786.6,52.400005,52.400005,220.0,414.52002,64.884445,34
2025-02-04 16:00:00+00:00,709.0,15.1119995,8.811999,12.357833,14.270979,7.8068285,11.696259,40185.508,36307.28,1.4000001,1.4000001,11.0,11.173057,43.56,252.93059,14.88,2.1564639,462.8242,446.67917,1372586.2,1116093.9,53.800007,53.800007,231.0,429.40002,67.04091,35
2025-02-05 16:00:00+00:00,709.0,16.812,10.762,13.695334,16.944824,10.118139,13.532544,40256.492,33469.9,0.6,0.6,4.0,9.021574,33.12,278.02057,12.83,2.0131166,476.51953,460.2117,1412842.8,1149563.8,54.400005,54.400005,235.0,442.23,69.05402,36
2025-02-06 16:00:00+00:00,709.0,17.912,11.912,14.507835,17.90837,10.979344,14.108688,40328.246,36707.344,0.3,0.3,3.0,10.855358,38.519997,321.23758,17.08,2.6539762,491.02737,474.32037,1453171.0,1186271.1,54.700005,54.700005,238.0,459.31,71.708,37
2025-02-07 16:00:00+00:00,709.0,14.1119995,9.512,12.020331,13.105709,8.467858,11.191132,40400.69,36195.41,0.6,0.6,5.0,10.44,36.719997,300.1959,13.9,1.9515786,503.0477,485.5115,1493571.8,1222466.5,55.300003,55.300003,243.0,473.21,73.65958,38
2025-02-08 16:00:00+00:00,709.0,14.962,8.762,11.180751,14.386919,7.7704983,10.077331,40473.754,36189.97,0.4,0.4,4.0,9.931042,32.399998,292.86337,15.19,2.1972225,514.22845,495.58884,1534045.5,1258656.5,55.700005,55.700005,247.0,488.4,75.8568,39
2025-02-09 16:00:00+00:00,709.0,17.012001,9.162,12.820334,16.813835,7.6813374,12.091891,40547.348,36928.938,0.70000005,0.70000005,6.0,9.387651,32.760002,287.69263,17.9,2.7155447,527.04877,507.68073,1574592.9,1295585.5,56.400005,56.400005,253.0,506.3,78.57234,40
2025-02-10 16:00:00+00:00,709.0,20.062,7.412,14.274501,20.785221,5.976527,14.03011,40621.41,36717.883,0.0,0.0,0.0,9.3340025,31.319998,291.94867,19.0,3.101516,541.32324,521.7108,1615214.2,1332303.4,56.400005,56.400005,253.0,525.3,81.67386,41
2025-02-11 16:00:00+00:00,709.0,17.012001,13.512,15.653664,19.17301,13.659443,16.953949,40695.855,0.0,30.400002,30.400002,23.0,3.381893,20.880001,6.911104,1.97,0.5064889,556.9769,538.6648,1655910.1,1332303.4,86.8,86.8,276.0,527.26996,82.18035,42
2025-02-12 16:00:00+00:00,709.0,17.062,15.162,16.14325,19.041092,16.26759,17.561335,40770.613,133.82378,40.699997,40.699997,21.0,4.724786,19.8,282.89368,2.92,0.65201217,573.1202,556.22614,1696680.8,1332437.2,127.5,127.5,297.0,530.18994,82.83237,43
2025-02-13 16:00:00+00:00,709.0,17.062,14.6119995,16.070333,18.6105,15.1348095,17.202227,40845.617,8743.33,2.4999998,2.4999998,10.0,6.5248446,21.96,241.56616,5.99,1.0675498,589.1905,573.42834,1737526.4,1341180.6,130.0,130.0,307.0,536.17993,83.89992,44
2025-02-14 16:00:00+00:00,709.0,21.462,13.162,17.361998,23.850988,12.937426,18.490438,40920.785,37174.04,0.0,0.0,0.0,7.970972,28.44,356.77548,18.75,3.1622717,606.5525,591.91876,1778447.1,1378354.6,130.0,130.0,307.0,554.92993,87.06219,45
2025-02-15 16:00:00+00:00,709.0,21.262001,10.212,16.762,22.88762,8.878096,16.98527,40996.07,37752.875,0.0,0.0,0.0,7.7043357,30.599998,29.433542,19.91,3.3876219,623.3145,608.90405,1819443.2,1416107.5,130.0,130.0,307.0,574.8399,90.44981,46
2025-02-16 16:00:00+00:00,709.0,20.439,14.339,17.245249,23.042395,13.181789,17.974468,41089.73,36000.0,0.3,0.0,3.0,8.699793,23.039999,241.32693,18.43,3.0786548,640.55975,626.87854,1860533.0,1452107.5,130.3,130.0,310.0,593.2699,93.52846,47
2025-02-17 16:00:00+00:00,709.0,19.239,14.089,15.961917,20.320768,14.59742,16.695004,41166.074,36000.0,0.1,0.0,1.0,8.217153,20.880001,286.49158,15.9,2.575577,656.52167,643.57355,1901699.1,1488107.5,130.40001,130.0,311.0,609.1699,96.104034,48
2025-02-18 16:00:00+00:00,709.0,19.139,12.839,15.541084,19.168993,12.173483,15.6576805,41243.285,34678.312,0.1,0.0,1.0,9.360001,24.119999,269.58484,15.69,2.6094842,672.06274,659.2312,1942942.4,1522785.8,130.50002,130.0,312.0,624.8599,98.71352,49
2025-02-19 16:00:00+00:00,709.0,17.539,12.438999,15.05775,18.058653,11.686325,15.206337,41321.28,36111.207,0.0,0.0,0.0,7.8954163,19.8,282.52872,14.66,2.3155441,687.1205,674.43756,1984263.6,1558897.0,130.50002,130.0,312.0,639.5199,101.02906,50
2025-02-20 16:00:00+00:00,709.0,19.338999,14.039,16.116083,20.464432,14.138014,16.946314,41399.984,33178.867,0.0,0.0,0.0,7.7879906,20.519999,293.658,15.63,2.5718243,703.2366,691.38385,2025663.6,1592075.9,130.50002,130.0,312.0,655.1499,103.60088,51
2025-02-21 16:00:00+00:00,709.0,19.789,13.188999,16.005667,20.617863,12.810623,16.45914,41479.34,33995.984,0.2,0.0,2.0,9.021574,23.4,277.92682,15.18,2.5414488,719.24225,707.843,2067143.0,1626071.9,130.70001,130.0,314.0,670.3299,106.142334,52
2025-02-22 16:00:00+00:00,709.0,16.989,12.589,14.7765,18.176401,12.855099,15.624844,41559.26,207.98035,0.0,0.0,0.0,5.4833565,14.759999,269.20978,4.96,0.93999606,734.01874,723.46783,2108702.2,1626279.9,130.70001,130.0,314.0,675.2899,107.08233,53
2025-02-23 16:00:00+00:00,709.0,16.389,11.639,13.630669,17.223314,11.767855,13.906291,41639.688,30814.133,0.0,0.0,0.0,7.8954163,20.16,270.27945,10.61,1.6630555,747.6494,737.37415,2150342.0,1657094.0,130.70001,130.0,314.0,685.8999,108.745384,54
2025-02-24 16:00:00+00:00,709.0,18.039,12.039,14.480668,18.692467,11.228684,14.487446,41720.555,36000.0,0.0,0.0,0.0,8.049845,21.96,264.40073,17.82,2.7738893,762.13007,751.8616,2192062.5,1693094.0,130.70001,130.0,314.0,703.7199,111.51927,55
2025-02-25 16:00:00+00:00,709.0,18.189,12.089,14.918168,18.27433,11.994078,15.2101555,41801.785,34999.086,0.0,0.0,0.0,8.891344,21.599998,288.32336,13.98,2.2258708,777.0482,767.0717,2233864.2,1728093.1,130.70001,130.0,314.0,717.6999,113.74514,56
2025-02-26 16:00:00+00:00,709.0,18.689,13.789,15.774415,19.126621,14.05625,16.666895,41883.32,19296.41,0.0,0.0,0.0,8.654987,21.599998,5.194336,8.97,1.5806365,792.82263,783.7386,2275747.5,1747389.5,130.70001,130.0,314.0,726.66986,115.325775,57
2025-02-27 16:00:00+00:00,709.0,21.939,12.889,17.278582,23.820568,11.761131,17.773157,41965.09,39303.895,0.0,0.0,0.0,8.714677,23.4,196.3896,19.72,3.351734,810.1012,801.5117,2317712.5,1786693.4,130.70001,130.0,314.0,746.38983,118.677505,58
2025-02-28 16:00:00+00:00,709.0,22.838999,14.238999,18.305666,25.220182,13.306194,19.259573,42047.03,38522.164,0.0,0.0,0.0,8.217153,21.24,303.2748,18.26,3.2312632,828.40686,820.7713,2359759.5,1825215.5,130.70001,130.0,314.0,764.64984,121.90877,59
2025-03-01 16:00:00+00:00,709.0,24.6045,17.1045,19.504934,25.300156,17.356499,20.583006,42129.08,27455.8,0.0,0.0,0.0,9.693296,11.159999,89.19306,12.34,2.4322631,847.9118,841.3543,2401888.5,1852671.2,130.70001,130.0,314.0,776.98987,124.341034,60
2025-03-02 16:00:00+00:00,709.0,26.9545,15.4545,20.529501,28.177376,14.857698,20.964466,42211.16,39540.785,0.0,0.0,0.0,11.792404,10.799999,291.22766,22.59,4.3966384,868.4413,862.3188,2444099.8,1892212.0,130.70001,130.0,314.0,799.5799,128.73767,61
2025-03-03 16:00:00+00:00,709.0,28.5545,17.1045,21.671165,30.794365,18.2203,22.754877,42293.23,39626.258,0.6,0.0,6.0,12.324414,20.16,235.30423,21.57,4.280255,890.1124,885.07367,2486393.0,1931838.2,131.30002,130.0,320.0,821.1499,133.01793,62
2025-03-04 16:00:00+00:00,709.0,26.4545,15.9045,19.831581,27.766315,16.268179,21.259993,42375.21,37880.15,4.5,0.0,18.0,11.090103,12.24,268.53104,16.87,3.2800128,909.94403,906.3337,2528768.2,1969718.4,135.80002,130.0,338.0,838.0199,136.29794,63
2025-03-05 16:00:00+00:00,709.0,18.904501,15.304501,16.8295,20.427914,16.364195,18.362051,42457.05,21480.979,7.1999993,5.3999996,12.0,6.618519,6.8399997,291.41302,6.91,1.2513802,926.77356,924.69574,2571225.2,1991199.4,143.00002,135.4,350.0,844.9299,137.54932,64
2025-03-06 16:00:00+00:00,709.0,15.1545,12.7045,13.814918,15.970461,12.816921,14.026284,42538.676,6047.8574,0.0,0.0,0.0,5.315336,6.8399997,284.33997,4.37,0.845663,940.5885,938.72205,2613764.0,1997247.2,143.00002,135.4,350.0,849.29987,138.39497,65
2025-03-07 16:00:00+00:00,709.0,14.1045,11.7045,12.539917,13.986504,11.878645,12.594312,42620.043,8002.7256,4.8000007,4.8000007,18.0,6.519877,6.12,270.24277,4.93,0.8740249,953.1284,951.31635,2656384.0,2005250.0,147.80002,140.2,368.0,854.22986,139.269,66
2025-03-08 16:00:00+00:00,709.0,20.8045,11.304501,14.756584,21.93224,9.157047,14.977021,42701.668,31630.352,2.9999995,2.9999995,6.0,7.2805495,7.2,295.2011,15.84,2.6864774,967.885,966.2934,2699085.8,2036880.4,150.80002,143.2,374.0,870.0699,141.95547,67
2025-03-09 16:00:00+00:00,709.0,22.0045,9.2045,,23.503315,6.264946,,42783.805,,,,0.0,8.209263,7.2,,,,,,2741869.5,,,,374.0,,,68
