date,elevation,temperature_2m_max,temperature_2m_min,temperature_2m_mean,apparent_temperature_max,apparent_temperature_min,apparent_temperature_mean,daylight_duration,sunshine_duration,precipitation_sum,rain_sum,precipitation_hours,wind_speed_10m_max,wind_gusts_10m_max,wind_direction_10m_dominant,shortwave_radiation_sum,et0_fao_evapotranspiration,cumulative_temperature_2m_mean,cumulative_apparent_temperature_mean,cumulative_daylight_duration,cumulative_sunshine_duration,cumulative_precipitation_sum,cumulative_rain_sum,cumulative_precipitation_hours,cumulative_shortwave_radiation_sum,cumulative_et0_fao_evapotranspiration,day
2025-01-01 16:00:00+00:00,1661.0,12.117499,10.2175,11.007083,11.952787,9.964767,10.87169,38337.74,0.0,14.199999,14.199999,24.0,3.3092594,23.759998,16.238901,1.33,0.3894963,11.007083,10.87169,38337.74,0.0,14.199999,14.199999,24.0,1.33,0.3894963,1
2025-01-02 16:00:00+00:00,1661.0,10.1675,7.4675,8.669582,9.816007,5.6585016,7.522274,38362.01,0.0,3.8999999,3.8999999,21.0,6.3639607,31.319998,17.111828,3.08,0.60219324,19.676666,18.393963,76699.75,0.0,18.099998,18.099998,45.0,4.41,0.99168956,2
2025-01-03 16:00:00+00:00,1661.0,13.4675,5.9675,9.267499,11.816515,4.444421,7.724137,38388.062,28484.367,2.8,2.8,16.0,7.458606,32.760002,95.0161,11.96,1.8379954,28.944164,26.1181,115087.81,28484.367,20.899998,20.899998,61.0,16.369999,2.829685,3
2025-01-04 16:00:00+00:00,1661.0,13.2675,7.6175003,9.54875,12.698542,5.9701433,8.527951,38415.875,32589.588,5.999999,5.999999,16.0,5.7204895,29.16,198.3099,10.5,1.6131288,38.492912,34.64605,153503.69,61073.953,26.899998,26.899998,77.0,26.869999,4.442814,4
2025-01-05 16:00:00+00:00,1661.0,12.0175,6.0175004,8.450833,10.536436,3.8838234,6.9191914,38445.42,31250.945,0.9000001,0.9000001,7.0,7.596341,34.92,351.3066,11.2,1.6371868,46.943745,41.56524,191949.11,92324.9,27.799997,27.799997,84.0,38.07,6.080001,5
2025-01-06 16:00:00+00:00,1661.0,11.2175,4.9175,7.3174996,9.60229,3.1277046,5.643648,38476.676,14276.829,4.7,4.7,23.0,4.942631,32.399998,100.95402,5.6,0.9647385,54.261246,47.208885,230425.78,106601.73,32.499996,32.499996,107.0,43.67,7.0447392,6
2025-01-07 16:00:00+00:00,1661.0,11.617499,4.9675,8.017499,10.030608,2.8678837,6.4499154,38509.96,19010.486,4.299999,4.299999,22.0,5.4656014,32.399998,235.95406,8.15,1.2696,62.278744,53.658802,268935.75,125612.21,36.799995,36.799995,129.0,51.82,8.31434,7
2025-01-08 16:00:00+00:00,1661.0,8.9175,4.0675,6.27375,7.395565,2.3114982,4.6060467,38545.387,14103.939,10.799999,10.799999,18.0,4.8633323,31.319998,10.885482,6.05,0.90599185,68.55249,58.264847,307481.12,139716.16,47.599995,47.599995,147.0,57.87,9.220331,8
2025-01-09 16:00:00+00:00,1661.0,5.2175,2.5674999,3.7883337,3.057095,0.34496593,1.6061832,38582.88,0.0,12.399999,9.900001,24.0,4.514377,34.2,28.44781,3.88,0.62576884,72.34082,59.87103,346064.0,139716.16,59.999992,57.499996,171.0,61.75,9.8461,9
2025-01-10 16:00:00+00:00,1661.0,6.6175003,3.3675,4.58625,4.861307,1.5212698,2.7680395,38622.36,0.0,20.300001,11.700001,24.0,2.8001428,33.839996,1.8595784,3.55,0.60931844,76.92707,62.63907,384686.38,139716.16,80.299995,69.2,195.0,65.3,10.455419,10
2025-01-11 16:00:00+00:00,1661.0,8.6675,3.2675,5.2612495,6.7716923,1.0256577,3.2073147,38663.754,8898.277,6.799999,6.799999,21.0,4.669604,34.92,334.11703,5.6,0.92575806,82.188324,65.84638,423350.12,148614.44,87.09999,76.0,216.0,70.9,11.381177,11
2025-01-12 16:00:00+00:00,1661.0,12.6675,2.2175,7.2487493,10.699686,-0.14414644,5.1657367,38706.98,21818.65,1.7000002,1.7000002,14.0,4.991553,33.48,168.38145,6.9,1.2154629,89.43707,71.012115,462057.1,170433.1,88.79999,77.7,230.0,77.8,12.59664,12
2025-01-13 16:00:00+00:00,1661.0,14.7175,4.1175003,9.238333,13.258661,1.874188,7.6089654,38751.957,25504.506,2.4,2.4,14.0,6.269067,34.2,200.40363,12.15,1.933913,98.67541,78.62108,500809.06,195937.6,91.19999,80.1,244.0,89.950005,14.530553,13
2025-01-14 16:00:00+00:00,1661.0,8.9675,3.8174999,6.9216676,8.244533,1.6046181,5.3482556,38798.613,3917.6807,10.8,10.8,24.0,6.361415,34.56,352.34946,3.15,0.5264518,105.59708,83.96934,539607.7,199855.28,101.99999,90.9,268.0,93.100006,15.057005,14
2025-01-15 16:00:00+00:00,1661.0,9.1675,3.6675,5.3404164,7.483656,1.637785,3.4849555,38846.867,362.36182,6.5000005,6.5000005,24.0,4.278551,31.68,35.720047,4.05,0.72260416,110.93749,87.45429,578454.56,200217.64,108.49999,97.4,292.0,97.15001,15.779609,15
2025-01-16 16:00:00+00:00,1661.0,10.1675,4.1675,6.525833,8.418619,2.026785,4.7304387,38896.645,5688.9126,5.7,5.7,19.0,4.8633323,30.239998,40.219067,5.35,0.92768854,117.463326,92.18473,617351.2,205906.55,114.19999,103.1,311.0,102.50001,16.707296,16
2025-01-17 16:00:00+00:00,1661.0,12.1675,4.8675003,8.061249,10.13682,3.0847683,6.503324,38947.87,14846.187,5.9000006,5.9000006,24.0,6.489992,26.28,160.48064,6.02,1.0591002,125.524574,98.68806,656299.06,220752.73,120.09999,109.0,335.0,108.520004,17.766396,17
2025-01-18 16:00:00+00:00,1661.0,10.617499,5.7175,8.457082,10.154722,4.1182585,7.441893,39000.47,23517.44,6.0999994,6.0999994,23.0,4.5,29.519999,261.4955,8.77,1.3073559,133.98166,106.12995,695299.5,244270.17,126.19999,115.1,358.0,117.29001,19.073751,18
2025-01-19 16:00:00+00:00,1661.0,12.7675,3.9675,7.4466667,11.117081,1.6830559,5.768776,39054.363,20557.96,4.8,4.8,21.0,6.162207,28.08,5.99243,7.3,1.2249978,141.42833,111.89873,734353.9,264828.12,130.99998,119.9,379.0,124.59001,20.29875,19
2025-01-20 16:00:00+00:00,1661.0,13.8175,4.6675,8.694583,11.979706,2.9909215,7.031237,39109.48,20122.133,3.8000002,3.8000002,22.0,6.320538,25.199999,111.33696,7.35,1.31359,150.12291,118.92996,773463.4,284950.25,134.79999,123.700005,401.0,131.94002,21.612339,20
2025-01-21 16:00:00+00:00,1661.0,12.7675,6.6175003,9.277916,11.375393,4.7415905,7.888128,39165.75,33418.348,4.5999994,4.5999994,17.0,6.444905,31.68,188.97252,10.67,1.6508871,159.40082,126.81809,812629.1,318368.6,139.4,128.3,418.0,142.61002,23.263226,21
2025-01-22 16:00:00+00:00,1661.0,13.2175,6.4675,9.477916,12.726728,4.516266,8.305804,39223.105,33778.51,2.4999995,2.4999995,16.0,6.638072,30.960001,259.1918,12.74,1.9414219,168.87874,135.1239,851852.25,352147.1,141.9,130.8,434.0,155.35002,25.204647,22
2025-01-23 16:00:00+00:00,1661.0,14.2675,7.7175,10.452916,14.244619,6.1730385,9.503888,39281.465,31154.102,3.2,3.2,14.0,5.720489,28.8,345.4209,13.38,2.0766037,179.33165,144.62779,891133.7,383301.2,145.09999,134.0,448.0,168.73003,27.28125,23
2025-01-24 16:00:00+00:00,1661.0,13.0175,7.8175,10.098749,12.202114,6.5152884,9.183814,39340.758,28622.172,4.6000004,4.6000004,16.0,6.384293,27.0,6.6324186,10.65,1.6090786,189.4304,153.8116,930474.44,411923.38,149.7,138.6,464.0,179.38002,28.89033,24
2025-01-25 16:00:00+00:00,1661.0,11.4175,5.3175,8.563333,10.363508,3.3930178,7.427815,39400.926,28007.885,9.1,9.1,24.0,5.6521144,33.12,19.685839,9.64,1.4283214,197.99374,161.23941,969875.4,439931.25,158.8,147.70001,488.0,189.02002,30.318651,25
2025-01-26 16:00:00+00:00,1661.0,4.8675003,0.9675,2.4987497,2.8495002,-1.8387475,-0.0061267316,39461.902,0.0,25.699999,18.3,24.0,5.815978,38.519997,347.7795,2.52,0.40805343,200.4925,161.23328,1009337.25,439931.25,184.5,166.00002,512.0,191.54002,30.726706,26
2025-01-27 16:00:00+00:00,1661.0,9.4175,-1.2825,3.4425,7.2560577,-4.654168,0.74040264,39524.23,28319.184,2.5,2.1,13.0,5.5829024,27.359999,18.67344,13.74,1.9135909,203.935,161.97368,1048861.5,468250.44,187.0,168.10002,525.0,205.28003,32.640297,27
2025-01-28 16:00:00+00:00,1661.0,9.7675,0.3675,4.6404166,7.0863724,-2.3116035,2.1623523,39588.152,19184.246,3.6999996,3.6999996,24.0,6.1569467,28.8,107.5414,8.58,1.3327494,208.57541,164.13603,1088449.6,487434.7,190.7,171.80002,549.0,213.86003,33.973045,28
2025-01-29 16:00:00+00:00,1661.0,13.367499,3.6175,7.7633343,11.169635,1.2649474,5.6783786,39653.57,23294.365,3.8000002,3.8000002,20.0,7.9383874,31.319998,164.65903,9.36,1.5626216,216.33875,169.8144,1128103.2,510729.06,194.5,175.60002,569.0,223.22003,35.535667,29
2025-01-30 16:00:00+00:00,1661.0,12.9175,5.6175003,9.23625,11.962755,3.2078009,7.7690034,39720.395,5972.0234,4.8,4.8,19.0,6.297428,34.56,222.28026,4.67,0.92563343,225.575,177.5834,1167823.6,516701.1,199.3,180.40002,588.0,227.89003,36.4613,30
2025-01-31 16:00:00+00:00,1661.0,15.617499,9.6675,12.113331,15.693214,8.828924,11.982441,39788.535,22745.973,12.700001,12.700001,20.0,5.072041,33.12,211.71289,7.89,1.3654637,237.68832,189.56584,1207612.1,539447.06,212.0,193.10002,608.0,235.78003,37.826763,31
2025-02-01 16:00:00+00:00,1661.0,12.117499,8.617499,10.332082,11.919708,7.8515825,9.933178,39857.895,0.0,7.7000003,7.7000003,24.0,3.572898,36.36,330.9032,4.69,0.8604506,248.0204,199.49902,1247470.0,539447.06,219.7,200.80002,632.0,240.47003,38.687214,32
2025-02-02 16:00:00+00:00,1661.0,8.5675,3.7175,6.4383335,7.731161,1.6013026,5.028991,39928.395,49.96914,20.1,20.1,24.0,4.724786,35.28,359.38394,2.75,0.5063234,254.45874,204.52802,1287398.4,539497.06,239.8,220.90002,656.0,243.22003,39.19354,33
2025-02-03 16:00:00+00:00,1661.0,7.2675004,1.8175,4.1737504,5.1584034,-0.64696026,1.9800426,39999.945,660.752,16.4,10.6,24.0,5.8298883,32.399998,26.640541,5.2,0.85194093,258.63248,206.50806,1327398.4,540157.8,256.2,231.50003,680.0,248.42003,40.04548,34
2025-02-04 16:00:00+00:00,1661.0,9.2675,3.3174999,5.982084,7.309263,1.0604792,3.970029,40072.453,2521.9553,9.8,7.900001,24.0,4.6730714,36.719997,162.26167,4.84,0.8690019,264.61456,210.47809,1367470.9,542679.75,266.0,239.40002,704.0,253.26003,40.914482,35
2025-02-05 16:00:00+00:00,1661.0,11.3175,5.2175,8.271666,10.31063,3.172482,6.845802,40145.844,1940.1538,8.699999,8.699999,24.0,4.3573384,30.239998,200.26576,4.86,0.8902518,272.88623,217.32388,1407616.8,544619.9,274.7,248.10002,728.0,258.12003,41.804733,36
2025-02-06 16:00:00+00:00,1661.0,9.3175,3.3675,6.8112493,7.842741,0.9425335,5.069078,40220.03,14400.0,5.8,5.6000004,20.0,6.114703,33.839996,12.614667,5.61,0.8657998,279.69748,222.39296,1447836.8,559019.9,280.5,253.70003,748.0,263.73,42.670532,37
2025-02-07 16:00:00+00:00,1661.0,4.4175,2.2675,3.08,2.0231051,-0.2350769,0.6623339,40294.926,0.0,11.3,9.000003,24.0,4.471107,36.719997,30.51218,4.16,0.65894306,282.77747,223.0553,1488131.6,559019.9,291.8,262.70004,772.0,267.89,43.329475,38
2025-02-08 16:00:00+00:00,1661.0,8.367499,3.1175,5.325834,6.5603285,0.9314122,3.4456673,40370.457,0.0,4.499999,3.6999996,22.0,3.6402748,33.48,54.148758,4.7,0.80485356,288.1033,226.50096,1528502.1,559019.9,296.3,266.40005,794.0,272.59003,44.13433,39
2025-02-09 16:00:00+00:00,1661.0,12.9675,4.2675004,7.96125,11.366596,2.32831,6.2791786,40446.543,11003.645,2.3,2.3,20.0,5.414979,30.239998,166.77217,6.86,1.1997309,296.06454,232.78014,1568948.6,570023.5,298.59998,268.70004,814.0,279.45,45.33406,40
2025-02-10 16:00:00+00:00,1661.0,16.7175,5.2675004,10.875834,15.593573,3.0044956,9.453535,40523.1,27716.646,1.8000001,1.8000001,9.0,8.161764,33.839996,185.91382,12.99,2.2090003,306.94037,242.23367,1609471.8,597740.1,300.39996,270.50003,823.0,292.44,47.54306,41
2025-02-11 16:00:00+00:00,1661.0,14.867499,10.0675,12.157083,15.600353,8.459906,12.071178,40600.066,0.0,29.199999,29.199999,23.0,6.618519,32.760002,230.01317,2.48,0.5789166,319.09744,254.30486,1650071.9,597740.1,329.59998,299.70004,846.0,294.92,48.12198,42
2025-02-12 16:00:00+00:00,1661.0,11.617499,8.5175,9.932082,11.663629,7.4076443,9.415329,40677.344,0.0,42.699997,42.699997,22.0,5.3999996,25.199999,26.983212,1.78,0.4486877,329.0295,263.72018,1690749.2,597740.1,372.3,342.40002,868.0,296.7,48.570667,43
2025-02-13 16:00:00+00:00,1661.0,15.4675,9.6675,12.127915,15.366026,8.897939,11.794183,40754.87,400.82245,2.0000002,2.0000002,15.0,6.090812,29.16,183.48318,5.23,1.0292484,341.15744,275.51437,1731504.1,598140.94,374.3,344.40002,883.0,301.93002,49.599915,44
2025-02-14 16:00:00+00:00,1661.0,17.2335,11.1335,13.616834,17.409101,9.530248,12.681367,40845.23,36205.793,0.0,0.0,0.0,10.685391,65.159996,257.9052,16.78,2.6812403,354.77426,288.19574,1772349.4,634346.75,374.3,344.40002,883.0,318.71002,52.281155,45
2025-02-15 16:00:00+00:00,1661.0,16.5835,10.4335,13.021,17.006634,7.8787975,11.623315,40922.684,36081.094,0.0,0.0,0.0,11.090103,63.0,269.03442,17.7,2.9201798,367.79526,299.81906,1813272.0,670427.9,374.3,344.40002,883.0,336.41003,55.201336,46
2025-02-16 16:00:00+00:00,1661.0,16.5335,9.7335005,12.350166,16.864208,8.183486,11.249528,41000.832,37416.69,0.0,0.0,0.0,9.1641035,59.399998,277.20596,20.62,3.1509523,380.14542,311.0686,1854272.9,707844.56,374.3,344.40002,883.0,357.03003,58.352287,47
2025-02-17 16:00:00+00:00,1661.0,12.4835005,9.0335,10.45225,11.192238,7.607478,9.287781,41079.94,24791.344,0.0,0.0,0.0,9.726664,63.36,281.82144,9.44,1.441714,390.59766,320.35638,1895352.9,732635.9,374.3,344.40002,883.0,366.47003,59.794003,48
2025-02-18 16:00:00+00:00,1661.0,14.1835,8.4835005,10.6293335,13.565655,7.241353,9.566838,41159.94,34430.207,0.0,0.0,0.0,10.691453,60.839996,286.8822,13.62,2.0169196,401.227,329.92322,1936512.9,767066.06,374.3,344.40002,883.0,380.09003,61.81092,49
2025-02-19 16:00:00+00:00,1661.0,13.5835,8.3835,10.791833,12.327976,6.804579,9.570189,41240.758,34181.43,0.0,0.0,0.0,10.514218,51.48,285.2711,13.38,1.9600327,412.01883,339.4934,1977753.6,801247.5,374.3,344.40002,883.0,393.47003,63.770954,50
2025-02-20 16:00:00+00:00,1661.0,12.6335,8.8835,10.1918335,11.571726,7.4666996,8.993743,41322.305,18243.047,0.2,0.0,2.0,9.0,65.520004,276.49924,7.67,1.2355992,422.21066,348.48715,2019075.9,819490.56,374.5,344.40002,885.0,401.14005,65.00655,51
2025-02-21 16:00:00+00:00,1661.0,15.3835,8.5335,11.104333,14.852798,6.6499624,10.112676,41404.523,31558.025,0.0,0.0,0.0,9.673221,59.76,251.96562,12.95,2.0419843,433.315,358.59982,2060480.4,851048.56,374.5,344.40002,885.0,414.09006,67.04854,52
2025-02-22 16:00:00+00:00,1661.0,11.4835005,8.2335005,9.6835,10.624683,7.3225307,8.7895,41487.332,0.0,3.9999995,3.1999998,14.0,6.9527545,53.28,300.25635,2.22,0.49750495,442.9985,367.3893,2101967.8,851048.56,378.5,347.60004,899.0,416.31006,67.54604,53
2025-02-23 16:00:00+00:00,1661.0,13.7335005,7.1835003,10.085584,12.707819,5.6228476,8.985648,41570.656,37309.062,1.1,0.0,7.0,6.9527545,51.12,164.82703,11.67,1.8239348,453.08408,376.37497,2143538.5,888357.6,379.6,347.60004,906.0,427.98007,69.36998,54
2025-02-24 16:00:00+00:00,1661.0,13.783501,8.1835,10.621001,13.699856,6.411541,9.28533,41654.438,35994.54,0.0,0.0,0.0,9.220499,45.36,269.5367,16.75,2.395826,463.70508,385.6603,2185193.0,924352.2,379.6,347.60004,906.0,444.73007,71.76581,55
2025-02-25 16:00:00+00:00,1661.0,13.5835,9.5335,11.341835,12.483049,6.9421225,10.205093,41738.594,13787.157,1.2,1.2,6.0,7.289445,44.28,263.9624,9.72,1.6690532,475.0469,395.86542,2226931.5,938139.4,380.80002,348.80005,912.0,454.45007,73.43486,56
2025-02-26 16:00:00+00:00,1661.0,14.6835,10.4835005,12.360584,14.119776,9.482476,11.886642,41823.062,35038.02,0.0,0.0,0.0,8.404285,48.239998,260.75394,10.82,1.6972532,487.4075,407.75208,2268754.5,973177.4,380.80002,348.80005,912.0,465.27008,75.13211,57
2025-02-27 16:00:00+00:00,1661.0,18.264502,11.9335,14.004959,18.1074,10.269722,13.301395,41907.773,33715.957,2.4,0.0,9.0,13.281023,34.56,90.54309,18.01,2.8726666,501.41248,421.05347,2310662.2,1006893.3,383.2,348.80005,921.0,483.2801,78.004776,58
2025-02-28 16:00:00+00:00,1661.0,18.664501,11.464499,14.041585,18.170195,9.198271,13.1966095,41992.656,38077.543,1.5,0.0,6.0,14.336861,10.799999,138.23978,16.47,2.7246966,515.45404,434.25006,2352655.0,1044970.9,384.7,348.80005,927.0,499.7501,80.72947,59
2025-03-01 16:00:00+00:00,1661.0,19.1145,10.9145,14.547833,19.81508,8.69993,13.796981,42077.652,39402.31,4.2,0.0,9.0,10.799999,13.32,250.95328,21.38,3.5111349,530.0019,448.04703,2394732.8,1084373.1,388.90002,348.80005,936.0,521.13007,84.2406,60
2025-03-02 16:00:00+00:00,1661.0,16.8145,10.3645,13.270749,18.339853,9.088321,12.950024,42162.69,39490.285,5.399999,0.3,15.0,10.195057,9.72,55.573483,19.17,2.876662,543.27264,460.99704,2436895.5,1123863.4,394.30002,349.10004,951.0,540.30005,87.11726,61
2025-03-03 16:00:00+00:00,1661.0,17.6145,10.1645,13.412417,18.324001,8.279524,12.966155,42247.703,39578.11,2.6999998,0.0,9.0,14.186923,7.5599995,26.361761,21.74,3.1931925,556.68506,473.9632,2479143.2,1163441.5,397.00003,349.10004,960.0,562.04004,90.310455,62
2025-03-04 16:00:00+00:00,1661.0,12.0145,-2.3855,4.1353335,11.604503,-6.265779,1.4592568,42332.625,0.0,3.8999999,3.8999999,18.0,12.475961,12.24,43.772514,0.99,0.22285579,560.8204,475.42245,2521476.0,1163441.5,400.90002,353.00003,978.0,563.03,90.53331,63
2025-03-05 16:00:00+00:00,1661.0,-2.3355,-3.1855,-2.8229997,-6.1428146,-7.1370063,-6.693441,42417.4,0.0,0.0,0.0,0.0,10.739832,9.0,57.410107,2.07,0.2558229,557.9974,468.729,2563893.5,1163441.5,400.90002,353.00003,978.0,565.10004,90.78913,64
2025-03-06 16:00:00+00:00,1661.0,2.3645,-2.3355,0.56658334,-1.0219445,-5.8686886,-2.772179,42501.953,3835.4097,0.0,0.0,0.0,12.074766,7.5599995,81.07935,4.2,0.4853631,558.56396,465.95682,2606395.5,1167276.9,400.90002,353.00003,978.0,569.30005,91.2745,65
2025-03-07 16:00:00+00:00,1661.0,5.2644997,1.4145,3.3915834,2.4043698,-1.671658,0.5841117,42586.234,3649.3203,0.0,0.0,0.0,11.013882,5.7599998,86.63364,4.12,0.5333634,561.95557,466.54092,2648981.8,1170926.2,400.90002,353.00003,978.0,573.42004,91.80786,66
