date,elevation,temperature_2m_max,temperature_2m_min,temperature_2m_mean,apparent_temperature_max,apparent_temperature_min,apparent_temperature_mean,daylight_duration,sunshine_duration,precipitation_sum,rain_sum,precipitation_hours,wind_speed_10m_max,wind_gusts_10m_max,wind_direction_10m_dominant,shortwave_radiation_sum,et0_fao_evapotranspiration,cumulative_temperature_2m_mean,cumulative_apparent_temperature_mean,cumulative_daylight_duration,cumulative_sunshine_duration,cumulative_precipitation_sum,cumulative_rain_sum,cumulative_precipitation_hours,cumulative_shortwave_radiation_sum,cumulative_et0_fao_evapotranspiration,day
2025-01-01 16:00:00+00:00,1158.0,13.08,11.4800005,12.150834,12.883915,11.425155,12.219726,38313.21,0.0,13.8,13.8,24.0,4.5891175,18.72,78.06443,1.45,0.407509,12.150834,12.219726,38313.21,0.0,13.8,13.8,24.0,1.45,0.407509,1
2025-01-02 16:00:00+00:00,1158.0,11.58,8.9800005,9.869584,11.588614,7.803796,8.9605055,38337.598,0.0,4.5999994,4.5999994,22.0,5.6492476,27.72,41.380856,2.97,0.59257877,22.020418,21.180231,76650.81,0.0,18.4,18.4,46.0,4.42,1.0000877,2
2025-01-03 16:00:00+00:00,1158.0,13.93,7.58,10.454999,12.104759,5.9312983,9.026617,38363.777,28743.86,0.8000001,0.8000001,8.0,8.641874,35.64,114.61694,11.46,1.7517667,32.475418,30.206848,115014.59,28743.86,19.199999,19.199999,54.0,15.88,2.7518544,3
2025-01-04 16:00:00+00:00,1158.0,15.78,8.93,11.388335,16.011469,7.618168,10.97258,38391.727,31852.25,6.0,6.0,12.0,5.2939587,25.919998,235.42062,9.85,1.6092975,43.863754,41.17943,153406.31,60596.11,25.199999,25.199999,66.0,25.73,4.3611517,4
2025-01-05 16:00:00+00:00,1158.0,12.88,7.78,9.9175005,11.325629,6.121746,8.569888,38421.41,34441.67,0.70000005,0.70000005,5.0,6.7853074,33.48,351.43338,12.12,1.732362,53.781254,49.749317,191827.72,95037.78,25.9,25.9,71.0,37.85,6.0935135,5
2025-01-06 16:00:00+00:00,1158.0,11.83,6.73,8.596666,10.209369,4.865283,6.993259,38452.816,23259.832,4.3999996,4.3999996,19.0,6.0077944,28.44,109.96091,7.63,1.1942174,62.377922,56.742577,230280.53,118297.61,30.3,30.3,90.0,45.48,7.287731,6
2025-01-07 16:00:00+00:00,1158.0,13.08,6.53,9.659167,11.919682,4.8073187,8.585435,38486.26,18707.951,2.2999997,2.2999997,14.0,5.5829024,27.359999,135.67793,8.46,1.3121645,72.03709,65.32801,268766.78,137005.56,32.6,32.6,104.0,53.94,8.5998955,7
2025-01-08 16:00:00+00:00,1158.0,9.63,5.28,7.7591667,8.07129,3.5567002,6.3678117,38521.855,14114.683,11.499999,11.499999,22.0,6.489992,26.64,47.50166,4.99,0.7852205,79.79625,71.69582,307288.62,151120.25,44.1,44.1,126.0,58.93,9.385116,8
2025-01-09 16:00:00+00:00,1158.0,5.78,4.28,4.940417,3.6518087,2.152032,2.863438,38559.53,0.0,6.4999995,5.3999987,24.0,5.0911684,25.56,36.520958,3.52,0.58807695,84.736664,74.559265,345848.16,151120.25,50.6,49.499996,150.0,62.45,9.973192,9
2025-01-10 16:00:00+00:00,1158.0,7.4300003,4.53,5.825833,5.3078585,2.91787,4.0847564,38599.203,0.0,11.6,8.000001,24.0,5.3939967,24.119999,52.96667,3.44,0.59493566,90.5625,78.64402,384447.38,151120.25,62.199997,57.499996,174.0,65.89,10.568128,10
2025-01-11 16:00:00+00:00,1158.0,9.68,4.6800003,6.6175003,7.571638,2.507515,4.6264253,38640.797,27295.088,2.0000002,2.0000002,11.0,4.7928696,28.08,349.61823,8.24,1.2332253,97.18,83.27045,423088.2,178415.34,64.2,59.499996,185.0,74.13,11.801353,11
2025-01-12 16:00:00+00:00,1158.0,13.08,3.63,8.107083,11.407965,1.174685,6.137776,38684.227,35711.168,0.1,0.1,1.0,6.5049515,29.16,138.66791,9.76,1.5223033,105.28709,89.408226,461772.4,214126.52,64.299995,59.599995,186.0,83.89,13.323657,12
2025-01-13 16:00:00+00:00,1158.0,16.429998,5.03,10.5925,16.046227,3.0468192,9.482873,38729.42,30473.758,1.1,1.1,5.0,5.1826253,29.16,185.12808,12.67,2.045375,115.879585,98.8911,500501.8,244600.28,65.399994,60.699993,191.0,96.56,15.369032,13
2025-01-14 16:00:00+00:00,1158.0,10.18,5.28,8.334167,9.700665,3.3474932,7.124567,38776.3,1265.3159,14.400002,14.400002,24.0,5.8769383,28.8,351.07367,2.79,0.5007903,124.21375,106.01566,539278.1,245865.6,79.799995,75.09999,215.0,99.35,15.8698225,14
2025-01-15 16:00:00+00:00,1158.0,9.13,4.98,6.37375,7.2089214,3.2128448,4.581821,38824.79,4509.345,2.7,2.7,20.0,5.6060677,24.84,54.81922,5.1,0.83570665,130.58751,110.59748,578102.94,250374.94,82.49999,77.79999,235.0,104.45,16.705528,15
2025-01-16 16:00:00+00:00,1158.0,10.18,5.9300003,7.4508324,8.24748,4.2400475,5.6717057,38874.805,11123.003,1.2000002,1.2000002,12.0,5.896202,22.68,86.50841,6.69,1.0704948,138.03835,116.26919,616977.75,261497.94,83.69999,78.999985,247.0,111.14,17.776024,16
2025-01-17 16:00:00+00:00,1158.0,13.43,5.78,9.444585,11.842115,4.1533566,8.138665,38926.273,23732.293,2.0000002,2.0000002,15.0,6.302571,24.119999,131.4919,7.46,1.2289983,147.48293,124.40785,655904.0,285230.22,85.69999,80.999985,262.0,118.6,19.005022,17
2025-01-18 16:00:00+00:00,1158.0,11.83,7.48,10.096666,11.578499,6.4130783,9.415771,38979.12,18947.352,3.1,3.1,15.0,4.86,25.919998,293.24728,6.75,1.0634296,157.57959,133.82362,694883.1,304177.56,88.79999,84.09998,277.0,125.35,20.06845,18
2025-01-19 16:00:00+00:00,1158.0,13.88,5.28,8.863334,12.411032,3.282958,7.453331,39033.277,32486.994,1.8000002,1.8000002,11.0,6.198903,26.64,69.71068,9.89,1.5596565,166.44292,141.27695,733916.4,336664.56,90.59999,85.89999,288.0,135.24,21.628107,19
2025-01-20 16:00:00+00:00,1158.0,14.4800005,6.33,9.963333,12.903669,4.4887705,8.46471,39088.66,35073.25,1.2000002,1.2000002,12.0,7.689603,30.960001,120.49326,10.43,1.6522701,176.40625,149.74165,773005.06,371737.8,91.79999,87.09998,300.0,145.67001,23.280376,20
2025-01-21 16:00:00+00:00,1158.0,14.88,7.78,11.013333,14.484211,6.303524,10.161241,39145.195,34495.367,4.2,4.2,9.0,5.293959,26.64,173.34567,11.0,1.7723122,187.41959,159.9029,812150.25,406233.2,95.999985,91.29998,309.0,156.67001,25.052689,21
2025-01-22 16:00:00+00:00,1158.0,14.9800005,8.43,11.294583,14.804491,7.078926,10.661134,39202.824,34396.89,0.3,0.3,3.0,5.8603754,32.039997,280.2426,10.69,1.6764704,198.71417,170.56403,851353.06,440630.06,96.29999,91.59998,312.0,167.36002,26.729158,22
2025-01-23 16:00:00+00:00,1158.0,15.4800005,9.88,12.192498,15.110376,9.14138,11.934315,39261.46,30265.82,2.6,2.6,10.0,6.6624317,26.64,9.993541,11.4,1.7977153,210.90668,182.49834,890614.5,470895.88,98.89999,94.19998,322.0,178.76001,28.526875,23
2025-01-24 16:00:00+00:00,1158.0,13.58,10.28,11.6466675,12.994362,10.171963,11.3707,39321.04,26229.082,4.3999996,4.3999996,24.0,7.9077177,28.44,37.239834,8.73,1.3202001,222.55334,193.86903,929935.56,497124.97,103.29999,98.59998,346.0,187.49,29.847075,24
2025-01-25 16:00:00+00:00,1158.0,12.18,7.48,10.150834,11.436841,6.062168,9.427043,39381.492,23659.56,9.1,9.1,23.0,6.8423676,29.88,10.426848,8.05,1.2126974,232.70418,203.29608,969317.06,520784.53,112.39999,107.69998,369.0,195.54001,31.059772,25
2025-01-26 16:00:00+00:00,1158.0,7.13,2.98,4.4466667,5.6397667,0.5693455,2.1462224,39442.758,767.19336,11.4,7.9999995,18.0,6.522361,35.28,322.44775,2.8,0.46185264,237.15085,205.4423,1008759.8,521551.72,123.79999,115.69998,387.0,198.34001,31.521626,26
2025-01-27 16:00:00+00:00,1158.0,10.4800005,1.23,5.363333,9.019778,-1.6933746,3.1014557,39505.383,33461.92,0.3,0.1,3.0,6.489992,23.039999,45.666126,15.06,2.0513422,242.51418,208.54376,1048265.2,555013.6,124.09999,115.79998,390.0,213.40001,33.572968,27
2025-01-28 16:00:00+00:00,1158.0,10.68,2.58,6.19875,8.331688,0.04814768,3.8778722,39569.605,35598.78,0.6,0.6,6.0,7.0568266,25.919998,125.49062,11.35,1.6225802,248.71292,212.42163,1087834.8,590612.4,124.69999,116.39998,396.0,224.75002,35.19555,28
2025-01-29 16:00:00+00:00,1158.0,15.28,4.53,9.3445835,13.777,2.185358,7.602609,39635.34,35095.355,1.3000002,1.3000002,13.0,6.424764,27.72,145.31166,12.06,1.9307995,258.0575,220.02425,1127470.1,625707.75,125.99999,117.69998,409.0,236.81001,37.12635,29
2025-01-30 16:00:00+00:00,1158.0,14.9800005,7.13,10.88,14.949678,5.092924,10.041633,39702.477,13642.166,4.5000005,4.5000005,16.0,6.151683,29.16,188.53069,5.54,1.0507256,268.9375,230.06587,1167172.6,639349.94,130.5,122.19998,425.0,242.35,38.177074,30
2025-01-31 16:00:00+00:00,1158.0,17.779999,10.93,13.554999,18.54428,10.7862215,13.9566,39770.94,24427.47,21.499998,21.499998,20.0,4.39436,22.319998,41.78438,8.0,1.411211,282.4925,244.02248,1206943.6,663777.44,152.0,143.69998,445.0,250.35,39.588287,31
2025-02-01 16:00:00+00:00,1158.0,13.03,10.18,11.432083,12.987383,9.840707,11.274859,39840.633,0.0,7.0000005,7.0000005,18.0,4.3832865,29.16,344.36493,4.22,0.7870694,293.92456,255.29733,1246784.2,663777.44,159.0,150.69998,463.0,254.57,40.37536,32
2025-02-02 16:00:00+00:00,1158.0,10.03,5.28,7.857083,9.784446,3.6097827,6.7302012,39911.46,213.27782,13.000001,13.000001,24.0,5.5916004,30.239998,347.84506,2.37,0.44873396,301.78165,262.02753,1286695.8,663990.7,172.0,163.69998,487.0,256.94,40.824093,33
2025-02-03 16:00:00+00:00,1158.0,8.38,3.4299998,5.4445834,5.9990788,1.6421256,3.3150434,39983.348,13869.458,6.9999986,4.499999,20.0,6.1305785,26.28,19.297678,7.53,1.1319764,307.22623,265.34256,1326679.1,677860.1,179.0,168.19998,507.0,264.47,41.95607,34
2025-02-04 16:00:00+00:00,1158.0,10.38,4.33,7.1425,8.529166,2.0839849,5.192591,40056.2,25015.887,4.2,3.3999999,23.0,6.151683,30.960001,128.65984,7.32,1.16991,314.3687,270.53516,1366735.4,702876.0,183.2,171.59998,530.0,271.79,43.12598,35
2025-02-05 16:00:00+00:00,1158.0,12.7300005,6.73,9.790417,12.143866,5.1246185,8.835318,40129.938,8914.952,4.0999994,4.0999994,22.0,5.004518,25.56,132.54242,6.07,1.0470691,324.15912,279.37048,1406865.2,711790.94,187.3,175.69998,552.0,277.86002,44.17305,36
2025-02-06 16:00:00+00:00,1158.0,9.83,4.28,7.7112503,9.318792,2.1882577,6.3360047,40204.473,13775.647,6.700001,6.600001,22.0,7.458606,26.64,46.195644,4.47,0.69270766,331.87036,285.70648,1447069.8,725566.56,194.0,182.29999,574.0,282.33002,44.865757,37
2025-02-07 16:00:00+00:00,1158.0,4.33,2.98,3.5112498,1.7687664,0.40967417,1.1612511,40279.72,0.0,6.399999,4.2,24.0,5.004518,29.16,40.548775,3.77,0.59660923,335.38162,286.86774,1487349.5,725566.56,200.4,186.49998,598.0,286.1,45.462368,38
2025-02-08 16:00:00+00:00,1158.0,8.13,3.7800002,5.788334,6.1800957,1.7764726,3.8033447,40355.61,201.18095,1.3000002,1.2000002,12.0,4.8899083,26.64,74.81879,5.5,0.8760529,341.16995,290.67108,1527705.1,725767.75,201.7,187.69998,610.0,291.6,46.33842,39
2025-02-09 16:00:00+00:00,1158.0,13.93,5.13,8.8966675,12.746574,3.004508,7.261905,40432.055,32153.314,0.6,0.6,6.0,5.0911684,26.28,137.1086,9.71,1.5514269,350.06662,297.93298,1568137.1,757921.06,202.3,188.29999,616.0,301.31,47.889847,40
2025-02-10 16:00:00+00:00,1158.0,18.48,5.83,11.973747,18.633123,3.953576,11.171275,40508.973,35329.977,0.6,0.6,4.0,6.489992,27.359999,162.73239,14.89,2.486879,362.04037,309.10425,1608646.1,793251.06,202.90001,188.9,620.0,316.2,50.376724,41
2025-02-11 16:00:00+00:00,1158.0,17.23,10.63,13.500833,18.68448,9.75618,13.998582,40586.293,0.0,31.900002,31.900002,21.0,5.1197267,25.199999,251.69577,2.78,0.64557993,375.5412,323.10284,1649232.4,793251.06,234.80002,220.79999,641.0,318.98,51.022305,42
2025-02-12 16:00:00+00:00,1158.0,12.58,9.63,10.621667,12.464359,9.135304,10.124035,40663.938,0.0,39.299988,39.299988,22.0,6.444905,27.72,87.024506,2.28,0.5159807,386.16287,333.22687,1689896.2,793251.06,274.1,260.09998,663.0,321.26,51.538284,43
2025-02-13 16:00:00+00:00,1158.0,16.779999,10.28,13.034167,17.111073,9.630779,12.838969,40741.83,17585.078,0.5,0.5,5.0,6.050785,26.28,142.98479,7.72,1.3782037,399.19705,346.06583,1730638.1,810836.1,274.6,260.59998,668.0,328.98,52.91649,44
2025-02-14 16:00:00+00:00,1158.0,20.029999,9.38,14.298752,21.586746,8.3687315,14.49668,40819.895,32036.926,0.8000001,0.8000001,5.0,5.854844,25.56,224.5936,14.55,2.5294492,413.4958,360.5625,1771458.0,842873.06,275.4,261.39996,673.0,343.53,55.44594,45
2025-02-15 16:00:00+00:00,1158.0,17.3885,10.738501,13.686416,18.182667,7.8459644,12.492785,40907.316,31874.643,0.2,0.0,2.0,11.753876,43.92,29.270943,15.38,2.5969493,427.1822,373.0553,1812365.4,874747.7,275.6,261.39996,675.0,358.91,58.04289,46
2025-02-16 16:00:00+00:00,1158.0,10.988501,6.2385,8.792667,10.124103,4.7651644,7.267767,40985.918,25647.447,0.0,0.0,0.0,10.538843,34.56,92.369484,12.68,1.59966,435.97485,380.32306,1853351.2,900395.1,275.6,261.39996,675.0,371.59,59.642548,47
2025-02-17 16:00:00+00:00,1158.0,9.6885,7.6885,8.530168,8.465099,6.068392,7.0043626,41065.492,0.0,0.0,0.0,0.0,10.239453,39.6,94.22296,2.7,0.45384964,444.50504,387.32742,1894416.8,900395.1,275.6,261.39996,675.0,374.29,60.096397,48
2025-02-18 16:00:00+00:00,1158.0,10.788501,7.8385,9.000999,9.079662,6.2851696,7.6121764,41145.96,0.0,0.0,0.0,0.0,9.693296,37.44,107.47898,2.67,0.4906486,453.50604,394.9396,1935562.8,900395.1,275.6,261.39996,675.0,376.96002,60.587048,49
2025-02-19 16:00:00+00:00,1158.0,14.538501,9.4385,11.636416,13.756222,8.477305,11.070702,41227.246,27318.6,0.0,0.0,0.0,8.766573,31.68,102.64814,9.93,1.519129,465.14246,406.0103,1976790.0,927713.75,275.6,261.39996,675.0,386.89,62.10618,50
2025-02-20 16:00:00+00:00,1158.0,11.6385,8.4385,9.644752,11.481759,6.814766,8.521545,41309.277,253.83887,0.2,0.1,2.0,9.449572,33.12,58.936405,2.26,0.40791485,474.7872,414.53186,2018099.2,927967.56,275.80002,261.49997,677.0,389.15002,62.51409,51
2025-02-21 16:00:00+00:00,1158.0,10.4385,8.0385,9.565583,9.417168,6.379636,8.303752,41391.973,0.0,0.0,0.0,0.0,10.587917,33.839996,107.87193,2.01,0.3897493,484.35278,422.8356,2059491.2,927967.56,275.80002,261.49997,677.0,391.16003,62.90384,52
2025-02-22 16:00:00+00:00,1158.0,10.0885,7.0385,8.873917,9.3933525,5.197323,7.4859776,41475.266,0.0,5.1,4.9,16.0,10.009036,38.16,52.58881,2.96,0.52152973,493.22668,430.3216,2100966.5,927967.56,280.90002,266.39996,693.0,394.12003,63.42537,53
2025-02-23 16:00:00+00:00,1158.0,6.9885,5.3884997,6.1197505,5.166382,2.6509266,3.7164943,41559.082,0.0,0.0,0.0,0.0,11.165805,41.760002,96.13213,2.11,0.3813789,499.34644,434.0381,2142525.5,927967.56,280.90002,266.39996,693.0,396.23,63.806747,54
2025-02-24 16:00:00+00:00,1158.0,12.9385,5.6885,9.463501,12.548706,3.6437292,8.299893,41643.348,36368.438,0.0,0.0,0.0,7.729527,29.16,103.190605,14.88,2.0180204,508.80994,442.33798,2184168.8,964336.0,280.90002,266.39996,693.0,411.11002,65.82477,55
2025-02-25 16:00:00+00:00,1158.0,13.788501,9.3885,11.500999,13.095703,8.38088,10.793571,41727.996,11419.605,0.6,0.3,6.0,9.0645685,27.72,109.53678,7.75,1.212033,520.3109,453.13156,2225896.8,975755.6,281.50003,266.69995,699.0,418.86002,67.036804,56
2025-02-26 16:00:00+00:00,1158.0,15.238501,11.488501,13.017666,14.92997,10.2623205,12.700893,41812.957,35949.445,0.0,0.0,0.0,9.422101,33.839996,78.18687,10.78,1.6507039,533.32855,465.83246,2267709.8,1011705.06,281.50003,266.69995,699.0,429.64,68.68751,57
2025-02-27 16:00:00+00:00,1158.0,18.738499,10.5885,13.917666,19.776617,7.0382967,12.764179,41898.16,39218.023,0.0,0.0,0.0,10.805999,28.08,140.24718,20.94,3.46367,547.2462,478.59665,2309608.0,1050923.1,281.50003,266.69995,699.0,450.58002,72.15118,58
2025-02-28 16:00:00+00:00,1158.0,20.497,10.738501,15.450061,19.736122,8.441333,14.746231,41983.54,37730.82,0.0,0.0,0.0,9.0645685,19.08,229.31607,11.14,2.1347632,562.6963,493.3429,2351591.5,1088654.0,281.50003,266.69995,699.0,461.72003,74.28594,59
2025-03-01 16:00:00+00:00,1158.0,19.947,14.297,16.71575,20.540766,13.784683,17.081396,42069.03,18038.838,2.9999998,2.1,12.0,10.495713,10.799999,275.8262,5.76,1.1926056,579.41205,510.4243,2393660.5,1106692.9,284.50003,268.79996,711.0,467.48004,75.478546,60
2025-03-02 16:00:00+00:00,1158.0,17.347,9.646999,13.324085,18.10547,7.4992027,12.512726,42154.562,24603.781,0.9000001,0.0,6.0,14.277983,15.84,94.085526,11.58,1.7397385,592.73615,522.937,2435815.0,1131296.6,285.40002,268.79996,717.0,479.06003,77.218285,61
2025-03-03 16:00:00+00:00,1158.0,12.997,8.997,10.01575,11.269836,6.75959,7.963316,42240.074,17223.34,1.2,1.2,3.0,14.84318,15.84,86.077774,5.5,0.78815,602.7519,530.9003,2478055.0,1148520.0,286.60004,269.99997,720.0,484.56003,78.00643,62
2025-03-04 16:00:00+00:00,1158.0,17.197,9.247,12.251167,17.140362,7.252305,11.269455,42325.492,31560.68,0.0,0.0,0.0,13.363711,14.4,68.332664,14.48,2.1348557,615.00305,542.1698,2520380.5,1180080.6,286.60004,269.99997,720.0,499.04004,80.14129,63
2025-03-05 16:00:00+00:00,1158.0,12.697,8.896999,11.294917,12.846045,7.0573597,10.754002,42410.754,7866.6777,0.6,0.6,3.0,10.365251,10.08,63.117615,5.01,0.8491779,626.298,552.9238,2562791.2,1187947.2,287.20004,270.59998,723.0,504.05005,80.99046,64
2025-03-06 16:00:00+00:00,1158.0,9.497,5.8970003,8.32825,8.933175,2.9759512,6.966866,42495.797,0.0,0.3,0.3,3.0,12.72283,12.24,114.02319,2.32,0.4796137,634.6262,559.8907,2605287.0,1187947.2,287.50003,270.89996,726.0,506.37006,81.47008,65
2025-03-07 16:00:00+00:00,1158.0,10.997,5.697,7.907416,9.117021,2.6789627,5.701563,42580.57,23534.664,0.0,0.0,0.0,12.72283,11.879999,99.0796,7.78,1.0264575,642.5336,565.5922,2647867.5,1211481.9,287.50003,270.89996,726.0,514.1501,82.49654,66
2025-03-08 16:00:00+00:00,1158.0,19.597,8.447,13.555333,21.474312,6.655998,,42665.61,40005.56,0.0,0.0,0.0,9.673221,10.799999,,21.96,,656.089,,2690533.0,1251487.4,287.50003,270.89996,726.0,536.1101,,67
