date,elevation,temperature_2m_max,temperature_2m_min,temperature_2m_mean,apparent_temperature_max,apparent_temperature_min,apparent_temperature_mean,daylight_duration,sunshine_duration,precipitation_sum,rain_sum,precipitation_hours,wind_speed_10m_max,wind_gusts_10m_max,wind_direction_10m_dominant,shortwave_radiation_sum,et0_fao_evapotranspiration,cumulative_temperature_2m_mean,cumulative_apparent_temperature_mean,cumulative_daylight_duration,cumulative_sunshine_duration,cumulative_precipitation_sum,cumulative_rain_sum,cumulative_precipitation_hours,cumulative_shortwave_radiation_sum,cumulative_et0_fao_evapotranspiration,day
2025-01-01 16:00:00+00:00,460.0,14.7465,13.396501,14.017334,14.35951,12.690134,13.610902,38313.21,0.0,21.6,21.6,24.0,13.441071,25.56,20.599607,1.77,0.41327402,14.017334,13.610902,38313.21,0.0,21.6,21.6,24.0,1.77,0.41327402,1
2025-01-02 16:00:00+00:00,460.0,13.646501,10.9465,11.869416,12.692158,8.295679,9.697583,38337.598,0.0,5.6999984,5.6999984,22.0,19.879206,37.8,16.342257,3.38,0.63535464,25.88675,23.308485,76650.81,0.0,27.3,27.3,46.0,5.15,1.0486287,2
2025-01-03 16:00:00+00:00,460.0,15.4965,9.646501,12.49025,13.811359,7.7935467,11.016885,38363.777,29191.107,3.5,3.5,17.0,14.021525,30.239998,70.06852,10.54,1.6792839,38.377,34.32537,115014.59,29191.107,30.8,30.8,63.0,15.690001,2.7279124,3
2025-01-04 16:00:00+00:00,460.0,18.1465,11.6965,13.961082,18.362957,10.747624,13.664466,38391.727,31299.918,7.2999997,7.2999997,23.0,9.965239,21.24,112.330605,9.78,1.5903945,52.33808,47.989838,153406.31,60491.023,38.1,38.1,86.0,25.470001,4.318307,4
2025-01-05 16:00:00+00:00,460.0,14.4465,9.6965,11.942333,11.942453,6.9209967,9.566025,38421.41,33826.754,0.6,0.6,3.0,19.080849,39.96,24.85994,12.21,1.7630497,64.28041,57.555862,191827.72,94317.78,38.699997,38.699997,89.0,37.68,6.0813565,5
2025-01-06 16:00:00+00:00,460.0,13.0465,7.9965,10.194416,10.557837,5.071307,7.61317,38452.816,24390.766,3.9,3.9,12.0,16.925743,33.48,57.233982,8.14,1.2884154,74.47482,65.16903,230280.53,118708.55,42.6,42.6,101.0,45.82,7.369772,6
2025-01-07 16:00:00+00:00,460.0,14.5965,8.5965,11.584,12.956127,6.8083744,10.081022,38486.26,19953.95,23.699999,23.699999,24.0,14.20062,25.919998,54.16788,8.22,1.2370749,86.05882,75.25005,268766.78,138662.5,66.299995,66.299995,125.0,54.04,8.606847,7
2025-01-08 16:00:00+00:00,460.0,11.8465,8.0465,10.115249,9.319478,4.7485495,7.4708743,38521.855,14142.125,18.8,18.8,24.0,18.847641,36.0,26.67136,4.54,0.7153769,96.17407,82.720924,307288.62,152804.62,85.09999,85.09999,149.0,58.58,9.322224,8
2025-01-09 16:00:00+00:00,460.0,8.0465,6.6965,7.3381667,4.36878,2.8982801,3.6352904,38559.53,3982.468,6.2,6.2,24.0,19.83025,38.16,19.713324,4.58,0.65003455,103.51224,86.35622,345848.16,156787.1,91.29999,91.29999,173.0,63.160004,9.972259,9
2025-01-10 16:00:00+00:00,460.0,9.3465,7.1965,8.119418,6.3746204,3.7846909,5.1399903,38599.203,0.0,14.999999,14.999999,24.0,16.923828,30.599998,27.747606,3.64,0.62056565,111.63165,91.49621,384447.38,156787.1,106.29999,106.29999,197.0,66.8,10.592824,10
2025-01-11 16:00:00+00:00,460.0,11.2965,6.2965,8.638167,7.742652,3.361535,5.403476,38640.797,28277.69,3.4,3.4,8.0,17.726116,38.16,27.823326,9.04,1.4024078,120.26982,96.89968,423088.2,185064.78,109.69999,109.69999,205.0,75.840004,11.995232,11
2025-01-12 16:00:00+00:00,460.0,13.5465,5.1965,9.406917,11.10645,2.1192012,6.8281765,38684.227,35082.453,0.0,0.0,0.0,14.087228,30.239998,97.42613,10.39,1.6052353,129.67674,103.72786,461772.4,220147.23,109.69999,109.69999,205.0,86.23,13.600467,12
2025-01-13 16:00:00+00:00,460.0,18.7465,7.1965,12.852752,17.501125,5.4588327,11.75331,38729.42,35761.78,0.90000004,0.90000004,2.0,10.962281,24.84,129.36502,12.52,2.068421,142.5295,115.48117,500501.8,255909.02,110.59999,110.59999,207.0,98.75,15.668888,13
2025-01-14 16:00:00+00:00,460.0,12.9965,7.6965,10.7965,12.330296,3.8838778,8.666625,38776.3,55.73044,18.299995,18.299995,24.0,20.69687,39.239998,16.867102,2.64,0.46663958,153.32599,124.1478,539278.1,255964.75,128.9,128.9,231.0,101.39,16.135529,14
2025-01-15 16:00:00+00:00,460.0,10.646501,7.4465,8.613167,7.4608345,3.827447,5.322984,38824.79,4439.455,1.4000001,1.4000001,11.0,18.286617,35.28,32.232784,5.82,1.037592,161.93915,129.47078,578102.94,260404.2,130.29999,130.29999,242.0,107.21,17.17312,15
2025-01-16 16:00:00+00:00,460.0,11.3465,8.3965,9.342334,8.272856,5.267542,6.3796196,38874.805,22601.22,1.4000002,1.4000002,13.0,15.561413,31.68,42.09365,7.62,1.2990638,171.28148,135.8504,616977.75,283005.44,131.69998,131.69998,255.0,114.83,18.472185,16
2025-01-17 16:00:00+00:00,460.0,14.896501,7.6464996,11.384,13.385084,5.674898,9.965335,38926.273,31730.27,1.8000002,1.8000002,10.0,12.015589,23.039999,87.68232,8.74,1.4012203,182.66548,145.81573,655904.0,314735.72,133.49998,133.49998,265.0,123.57,19.873405,17
2025-01-18 16:00:00+00:00,460.0,14.0965,10.9965,12.406918,12.896473,9.475232,11.464534,38979.12,16182.536,17.700003,17.700003,19.0,14.98331,29.88,30.946772,5.81,0.89231455,195.0724,157.28027,694883.1,330918.25,151.19998,151.19998,284.0,129.38,20.76572,18
2025-01-19 16:00:00+00:00,460.0,15.396501,9.396501,11.588168,13.298819,7.1670723,9.47873,39033.277,35806.77,0.1,0.1,1.0,17.229301,33.839996,36.686398,11.87,1.8347577,206.66057,166.759,733916.4,366725.03,151.29999,151.29999,285.0,141.25,22.600477,19
2025-01-20 16:00:00+00:00,460.0,15.5465,8.2465,11.879833,13.657934,6.2564983,10.179709,39088.66,35035.867,0.0,0.0,0.0,13.170786,28.8,83.85197,11.08,1.7297053,218.5404,176.9387,773005.06,401760.9,151.29999,151.29999,285.0,152.33,24.330183,20
2025-01-21 16:00:00+00:00,460.0,16.946499,10.0965,13.325665,16.842552,8.915378,12.710911,39145.195,33078.137,9.4,9.4,22.0,11.43248,21.96,145.79803,10.08,1.6301734,231.86607,189.64961,812150.25,434839.03,160.69998,160.69998,307.0,162.41,25.960356,21
2025-01-22 16:00:00+00:00,460.0,17.096498,10.8465,13.417333,16.735119,10.009603,12.947394,39202.824,35104.547,33.799995,33.799995,23.0,11.203464,25.919998,36.1933,9.62,1.5447546,245.2834,202.597,851353.06,469943.56,194.49997,194.49997,330.0,172.03,27.50511,22
2025-01-23 16:00:00+00:00,460.0,17.7965,11.7465,14.256916,17.00922,10.805533,13.584567,39261.46,33458.633,0.8000001,0.8000001,8.0,16.474672,31.68,19.637617,11.89,1.8053234,259.5403,216.18156,890614.5,503402.2,195.29997,195.29997,338.0,183.92,29.310432,23
2025-01-24 16:00:00+00:00,460.0,15.4965,12.4465,13.673584,14.393724,11.676705,12.706113,39321.04,28270.371,3.8999996,3.8999996,22.0,17.682194,33.839996,16.867962,8.72,1.1912198,273.2139,228.88768,929935.56,531672.56,199.19997,199.19997,360.0,192.64,30.501652,24
2025-01-25 16:00:00+00:00,460.0,14.396501,10.0965,12.461083,12.918625,7.3692427,10.778575,39381.492,22590.492,5.6999984,5.6999984,24.0,17.84271,39.239998,19.262695,7.92,1.1055166,285.675,239.66626,969317.06,554263.06,204.89996,204.89996,384.0,200.56,31.607168,25
2025-01-26 16:00:00+00:00,460.0,9.7465,5.4965,6.9652505,6.9420013,1.1780252,2.963637,39442.758,388.84323,6.2999997,6.2999997,16.0,22.766266,46.079998,6.7329593,3.34,0.6285215,292.64023,242.6299,1008759.8,554651.9,211.19997,211.19997,400.0,203.9,32.23569,26
2025-01-27 16:00:00+00:00,460.0,12.0965,4.9965,7.7027507,9.259582,0.8721199,4.1060815,39505.383,33165.785,0.0,0.0,0.0,16.802786,34.92,34.29504,14.01,2.1407473,300.343,246.73598,1048265.2,587817.7,211.19997,211.19997,400.0,217.90999,34.37644,27
2025-01-28 16:00:00+00:00,460.0,11.6965,4.5965,8.158999,8.41759,1.0384221,4.9659295,39569.605,34434.594,0.4,0.4,4.0,15.379206,32.039997,67.85142,11.84,1.7358575,308.50198,251.7019,1087834.8,622252.25,211.59996,211.59996,404.0,229.74998,36.112297,28
2025-01-29 16:00:00+00:00,460.0,16.696499,6.9965,11.5215,14.463173,4.5531464,9.524058,39635.34,35995.89,1.0000001,1.0000001,10.0,14.233664,26.64,126.60907,12.59,2.0231588,320.0235,261.22595,1127470.1,658248.1,212.59996,212.59996,414.0,242.33998,38.135456,29
2025-01-30 16:00:00+00:00,460.0,16.9965,9.2965,13.17775,17.120731,7.5635633,12.459479,39702.477,10462.209,30.199999,30.199999,24.0,12.570394,28.08,149.95016,5.13,0.93916917,333.20123,273.68542,1167172.6,668710.3,242.79996,242.79996,438.0,247.46999,39.074627,30
2025-01-31 16:00:00+00:00,460.0,19.7965,13.4465,15.854832,20.9373,12.787415,16.135675,39770.94,23923.715,40.7,40.7,24.0,15.275627,27.0,120.936195,8.02,1.3898934,349.05606,289.8211,1206943.6,692634.0,283.49997,283.49997,462.0,255.48999,40.46452,31
2025-02-01 16:00:00+00:00,460.0,14.9465,12.2965,13.5715,13.622498,11.03236,12.520429,39840.633,4007.8887,13.9,13.9,24.0,16.870138,33.839996,30.71333,5.67,0.8581643,362.62756,302.34152,1246784.2,696641.9,297.39996,297.39996,486.0,261.16,41.322685,32
2025-02-02 16:00:00+00:00,460.0,12.146501,7.9965,10.41525,10.993964,4.599267,7.977013,39911.46,0.0,20.700005,20.700005,24.0,19.980808,41.039997,16.46636,2.55,0.45448816,373.04282,310.31854,1286695.8,696641.9,318.09998,318.09998,510.0,263.71,41.777172,33
2025-02-03 16:00:00+00:00,460.0,10.0965,5.7965,7.706917,6.413707,2.3815012,3.9898682,39983.348,24898.479,4.9,4.7999997,8.0,20.674158,43.199997,21.926195,9.03,1.3816161,380.74973,314.3084,1326679.1,721540.4,322.99997,322.89996,518.0,272.74,43.158787,34
2025-02-04 16:00:00+00:00,460.0,11.646501,5.7965,8.950667,9.081133,2.6283913,6.417785,40056.2,27602.842,8.4,8.4,14.0,14.145756,29.16,92.52671,8.14,1.2896941,389.70038,320.7262,1366735.4,749143.2,331.39996,331.29996,532.0,280.88,44.448483,35
2025-02-05 16:00:00+00:00,460.0,14.0965,9.0465,11.611084,12.815083,7.799446,10.394577,40129.938,8665.09,35.500004,35.500004,24.0,12.9625,25.919998,78.4744,6.6,1.0559492,401.31146,331.1208,1406865.2,757808.25,366.89996,366.79996,556.0,287.48,45.504433,36
2025-02-06 16:00:00+00:00,460.0,11.7965,6.5465,9.884,11.147236,2.574051,7.3217826,40204.473,9879.957,22.199997,22.199997,24.0,20.49156,38.519997,24.70824,4.55,0.6460745,411.19547,338.44257,1447069.8,767688.2,389.09998,388.99994,580.0,292.03,46.15051,37
2025-02-07 16:00:00+00:00,460.0,6.1965,4.9965,5.5590005,2.0810962,0.6208782,1.307383,40279.72,0.0,8.5,8.5,24.0,21.060001,41.760002,24.155268,4.15,0.6189873,416.75446,339.74994,1487349.5,767688.2,397.59998,397.49994,604.0,296.18,46.769497,38
2025-02-08 16:00:00+00:00,460.0,9.5465,5.6464996,7.5173326,6.080144,1.9415731,4.0829372,40355.61,7603.3965,5.2,5.2,24.0,17.244337,33.839996,37.355183,6.57,0.98091584,424.2718,343.8329,1527705.1,775291.56,402.8,402.69995,628.0,302.75,47.750412,39
2025-02-09 16:00:00+00:00,460.0,14.9465,7.0965004,10.573584,12.799589,4.4094915,8.485233,40432.055,34246.215,1.4000001,1.4000001,9.0,13.870515,27.0,92.53911,10.47,1.6203991,434.84537,352.3181,1568137.1,809537.75,404.19998,404.09995,637.0,313.22,49.37081,40
2025-02-10 16:00:00+00:00,460.0,20.1465,7.8964996,13.825667,19.692244,6.2641315,12.961595,40508.973,35493.91,2.1,2.1,9.0,13.3649235,27.359999,150.26614,14.55,2.3899243,448.67102,365.27972,1608646.1,845031.7,406.3,406.19995,646.0,327.77,51.760735,41
2025-02-11 16:00:00+00:00,460.0,17.946499,12.896501,15.3965,18.991703,11.729184,15.763569,40586.293,0.0,49.300003,49.300003,24.0,12.371645,25.56,163.04271,2.8,0.6022943,464.0675,381.0433,1649232.4,845031.7,455.59998,455.49994,670.0,330.56998,52.36303,42
2025-02-12 16:00:00+00:00,460.0,14.646501,11.4465,12.186085,13.96166,9.737395,10.579332,40663.938,0.0,46.7,46.7,24.0,18.620214,35.64,28.70976,2.16,0.45720357,476.2536,391.62265,1689896.2,845031.7,502.3,502.19995,694.0,332.72998,52.820232,43
2025-02-13 16:00:00+00:00,460.0,17.3965,11.4965,14.06525,17.028322,10.479318,13.59994,40741.83,17025.045,2.2999997,2.2999997,13.0,12.810386,24.48,96.71551,7.82,1.3196721,490.31885,405.2226,1730638.1,862056.75,504.59998,504.49994,707.0,340.55,54.139904,44
2025-02-14 16:00:00+00:00,460.0,22.346498,11.4465,16.41525,23.300198,11.541521,17.163004,40819.895,33973.88,0.2,0.2,2.0,9.67657,21.24,101.63361,13.73,2.4308987,506.7341,422.3856,1771458.0,896030.6,504.8,504.69995,709.0,354.28,56.5708,45
2025-02-15 16:00:00+00:00,460.0,18.6465,12.396501,15.036083,17.919395,10.920194,14.25648,40898.08,29701.91,2.2999997,2.2999997,12.0,16.813387,33.839996,21.742012,13.13,2.1116362,521.7702,436.64206,1812356.1,925732.56,507.09998,506.99994,721.0,367.41,58.682438,46
2025-02-16 16:00:00+00:00,460.0,15.4939995,11.894,13.802334,13.507635,10.512739,12.283104,40970.973,34060.047,0.0,0.0,0.0,13.37825,30.960001,106.264915,11.93,2.0823092,535.5725,448.92517,1853327.1,959792.6,507.09998,506.99994,721.0,379.34,60.764748,47
2025-02-17 16:00:00+00:00,460.0,13.844,12.294,13.060668,13.011665,11.147687,12.084569,41051.016,0.0,2.2000003,0.1,21.0,10.8955765,24.84,84.74041,1.0,0.4740316,548.6332,461.00974,1894378.1,959792.6,509.3,507.09995,742.0,380.34,61.23878,48
2025-02-18 16:00:00+00:00,460.0,14.294,12.194,13.316917,13.984093,10.669906,12.432617,41131.953,0.0,2.1000001,0.0,18.0,11.966953,27.72,111.7285,1.73,0.5511862,561.9501,473.44235,1935510.1,959792.6,511.4,507.09995,760.0,382.07,61.789967,49
2025-02-19 16:00:00+00:00,460.0,17.594,13.694,15.268998,17.60678,13.928713,15.799104,41213.715,13076.021,0.90000004,0.0,4.0,10.137692,23.759998,122.005356,6.92,1.1878481,577.21906,489.24146,1976723.9,972868.6,512.3,507.09995,764.0,388.99002,62.977814,50
2025-02-20 16:00:00+00:00,460.0,15.544,12.594,13.621082,15.758284,11.743511,13.016084,41296.22,0.0,1.3000002,0.6,11.0,10.636766,23.4,36.47395,1.76,0.54938793,590.84015,502.25754,2018020.1,972868.6,513.6,507.69995,775.0,390.75003,63.527203,51
2025-02-21 16:00:00+00:00,460.0,14.394,12.694,13.410666,14.580666,11.669986,12.893745,41379.402,0.0,3.1999993,1.0000001,22.0,10.594036,24.48,95.83827,1.09,0.39154866,604.2508,515.1513,2059399.5,972868.6,516.8,508.69995,797.0,391.84003,63.91875,52
2025-02-22 16:00:00+00:00,460.0,13.394,11.544,12.823167,13.5725975,10.068315,12.435814,41463.18,0.0,15.900002,14.700002,19.0,9.659814,21.24,46.236355,1.54,0.45367405,617.074,527.5871,2100862.8,972868.6,532.7,523.39996,816.0,393.38004,64.37242,53
2025-02-23 16:00:00+00:00,460.0,11.344,9.444,10.358584,10.149041,7.134822,8.437268,41547.48,896.778,10.899999,5.7,23.0,13.797912,29.16,89.836296,3.63,0.68493634,627.43256,536.02435,2142410.2,973765.4,543.60004,529.1,839.0,397.01004,65.05736,54
2025-02-24 16:00:00+00:00,460.0,13.944,9.944,12.271084,13.7529335,7.9060297,11.609279,41632.24,11481.493,0.3,0.0,2.0,10.464797,21.96,134.68694,6.97,1.1019179,639.7036,547.6336,2184042.5,985246.9,543.9,529.1,841.0,403.98004,66.15928,55
2025-02-25 16:00:00+00:00,460.0,14.944,12.794,13.9835825,15.638687,12.687365,14.116825,41717.38,0.0,3.0,2.1,9.0,11.901798,24.48,71.878136,2.17,0.5248682,653.6872,561.7504,2225760.0,985246.9,546.9,531.19995,850.0,406.15005,66.68415,56
2025-02-26 16:00:00+00:00,460.0,17.394,14.344,15.560666,18.442686,14.6641655,16.460476,41802.836,9847.734,1.2,1.2,9.0,7.9932976,16.919998,359.75922,5.37,0.98967725,669.24786,578.2109,2267562.8,995094.6,548.10004,532.39996,859.0,411.52005,67.67383,57
2025-02-27 16:00:00+00:00,460.0,21.544,14.044,17.696085,23.766075,14.084497,19.183733,41888.535,35539.035,0.0,0.0,0.0,7.9526596,19.08,134.9999,16.79,2.826443,686.944,597.3946,2309451.2,1030633.7,548.10004,532.39996,859.0,428.31006,70.500275,58
2025-02-28 16:00:00+00:00,460.0,20.644,16.794,18.444002,21.909212,18.659578,20.339352,41974.41,16849.168,0.90000004,0.0,3.0,12.10157,26.28,144.28343,11.53,1.9081682,705.388,617.73395,2351425.8,1047482.9,549.00006,532.39996,862.0,439.84006,72.40844,59
2025-03-01 16:00:00+00:00,460.0,25.2615,17.094,20.609106,27.30839,18.521309,22.665678,42060.395,34435.895,0.3,0.3,3.0,10.182337,10.440001,36.11945,16.4,3.0923293,725.99713,640.3996,2393486.2,1081918.8,549.30005,532.69995,865.0,456.24005,75.50077,60
2025-03-02 16:00:00+00:00,460.0,23.161499,17.9615,20.58233,25.091883,19.544025,22.843712,42146.42,33501.336,0.0,0.0,0.0,9.504272,9.36,36.54505,11.77,2.147854,746.57947,663.2433,2435632.8,1115420.1,549.30005,532.69995,865.0,468.01004,77.64863,61
2025-03-03 16:00:00+00:00,460.0,25.661499,18.9615,21.455252,27.6436,20.320452,23.437798,42232.42,39568.402,0.3,0.0,3.0,10.514218,14.759999,58.0999,15.76,2.9908009,768.0347,686.6811,2477865.2,1154988.5,549.60004,532.69995,868.0,483.77005,80.63943,62
2025-03-04 16:00:00+00:00,460.0,23.5615,13.5615,17.976082,26.199747,13.331743,19.131315,42318.336,19664.104,6.6,4.799999,15.0,14.33234,17.64,60.175526,10.86,1.8988029,786.0108,705.8124,2520183.5,1174652.6,556.2,537.49994,883.0,494.63004,82.53823,63
2025-03-05 16:00:00+00:00,460.0,13.3615,8.7615,10.778167,13.003521,7.3315573,9.668933,42404.094,0.0,12.0,10.200002,18.0,10.931203,20.519999,62.008022,1.06,0.34503263,796.78894,715.4813,2562587.5,1174652.6,568.2,547.69995,901.0,495.69003,82.88326,64
2025-03-06 16:00:00+00:00,460.0,10.0615,8.3615,9.20525,9.111829,6.972558,7.9887786,42489.633,31.136742,0.0,0.0,0.0,6.519877,14.04,82.921196,2.81,0.56354845,805.9942,723.4701,2605077.2,1174683.8,568.2,547.69995,901.0,498.50003,83.44681,65
2025-03-07 16:00:00+00:00,460.0,10.6115,9.5615,9.915666,9.559439,8.619128,9.129118,42574.895,0.0,3.0000002,2.4,21.0,8.209263,12.959999,80.2564,1.45,0.35684502,815.90985,732.5992,2647652.2,1174683.8,571.2,550.1,922.0,499.95004,83.80365,66
2025-03-08 16:00:00+00:00,460.0,12.261499,9.6115,10.938582,11.51895,8.70904,10.318529,42660.426,6603.3623,0.6,0.6,3.0,7.145796,11.159999,58.995842,4.88,0.81050503,826.84845,742.9177,2690312.8,1181287.1,571.8,550.69995,925.0,504.83005,84.61416,67
2025-03-09 16:00:00+00:00,460.0,18.2615,9.4615,,19.570679,7.9860697,,42746.496,,,,0.0,12.313893,5.7599998,,,,,,2733059.2,,,,925.0,,,68
