date,elevation,temperature_2m_max,temperature_2m_min,temperature_2m_mean,apparent_temperature_max,apparent_temperature_min,apparent_temperature_mean,daylight_duration,sunshine_duration,precipitation_sum,rain_sum,precipitation_hours,wind_speed_10m_max,wind_gusts_10m_max,wind_direction_10m_dominant,shortwave_radiation_sum,et0_fao_evapotranspiration,cumulative_temperature_2m_mean,cumulative_apparent_temperature_mean,cumulative_daylight_duration,cumulative_sunshine_duration,cumulative_precipitation_sum,cumulative_rain_sum,cumulative_precipitation_hours,cumulative_shortwave_radiation_sum,cumulative_et0_fao_evapotranspiration,day
2025-01-01 16:00:00+00:00,91.0,18.016,16.266,17.038916,15.535896,13.1138935,14.46971,38386.67,752.34216,7.9999995,7.9999995,10.0,36.0072,57.96,10.755544,2.58,1.1509303,17.038916,14.46971,38386.67,752.34216,7.9999995,7.9999995,10.0,2.58,1.1509303,1
2025-01-02 16:00:00+00:00,91.0,17.516,15.566,16.39725,12.994661,10.207132,11.33352,38410.707,33457.402,0.0,0.0,0.0,44.28,76.32,14.962626,9.76,2.8462949,33.436165,25.80323,76797.375,34209.746,7.9999995,7.9999995,10.0,12.34,3.9972253,2
2025-01-03 16:00:00+00:00,91.0,20.766,14.816,17.372252,19.222874,10.921163,15.104488,38436.51,35516.71,0.0,0.0,0.0,31.84576,52.92,17.68861,14.17,3.118469,50.80842,40.90772,115233.89,69726.45,7.9999995,7.9999995,10.0,26.51,7.115694,3
2025-01-04 16:00:00+00:00,91.0,18.666,15.366,16.466,18.94361,13.517057,15.331413,38464.06,24521.33,1.0,1.0,6.0,25.31097,38.16,4.5043917,7.35,1.3635641,67.274414,56.239132,153697.95,94247.78,9.0,9.0,16.0,33.86,8.479259,4
2025-01-05 16:00:00+00:00,91.0,18.466,14.416,16.284752,14.221703,10.411389,12.637103,38493.316,35579.094,0.3,0.3,3.0,37.212578,65.159996,16.092613,16.56,3.2529666,83.559166,68.876236,192191.27,129826.875,9.3,9.3,19.0,50.42,11.732225,5
2025-01-06 16:00:00+00:00,91.0,18.016,13.366,15.2680855,14.968758,9.507837,12.032371,38524.27,35597.008,0.0,0.0,0.0,26.604097,42.839996,18.725965,13.49,2.931223,98.827255,80.90861,230715.53,165423.88,9.3,9.3,19.0,63.909996,14.663448,6
2025-01-07 16:00:00+00:00,91.0,19.016,14.516001,16.313917,17.431284,11.699703,14.102401,38557.234,35590.992,0.0,0.0,0.0,25.277664,41.039997,13.132655,14.61,2.7649984,115.141174,95.01101,269272.75,201014.88,9.3,9.3,19.0,78.52,17.428448,7
2025-01-08 16:00:00+00:00,91.0,16.866001,13.266001,15.095166,12.991915,6.9684715,10.688233,38592.32,35586.35,0.0,0.0,0.0,40.246403,68.4,18.203238,12.21,2.7246814,130.23634,105.69924,307865.06,236601.22,9.3,9.3,19.0,90.729996,20.15313,8
2025-01-09 16:00:00+00:00,91.0,14.266001,11.916,12.974335,7.423582,4.94211,6.1697783,38629.453,35583.098,0.0,0.0,0.0,44.31547,75.96,15.985201,12.35,3.0992868,143.21068,111.86902,346494.5,272184.3,9.3,9.3,19.0,103.079994,23.252417,9
2025-01-10 16:00:00+00:00,91.0,15.716001,12.366,13.42225,10.774856,7.0754633,8.017236,38668.555,35581.22,0.1,0.1,1.0,41.05618,67.32,13.9243145,14.05,2.9032767,156.63293,119.88625,385163.06,307765.53,9.400001,9.400001,20.0,117.13,26.155693,10
2025-01-11 16:00:00+00:00,91.0,15.916,11.866,13.54725,10.3523245,6.1886787,8.128349,38709.555,35580.72,0.0,0.0,0.0,37.212578,63.0,14.239664,16.67,3.5556831,170.18019,128.0146,423872.62,343346.25,9.400001,9.400001,20.0,133.8,29.711376,11
2025-01-12 16:00:00+00:00,91.0,18.816,11.466001,14.899334,16.45725,8.244112,12.351556,38752.363,35581.605,0.0,0.0,0.0,24.23324,39.6,10.767797,17.09,3.156748,185.07953,140.36617,462625.0,378927.84,9.400001,9.400001,20.0,150.89,32.868126,12
2025-01-13 16:00:00+00:00,91.0,19.266,13.766001,16.222254,18.62363,13.276606,15.70324,38796.914,35583.875,0.0,0.0,0.0,14.94,27.359999,353.4199,16.16,2.5815265,201.30179,156.06941,501421.9,414511.72,9.400001,9.400001,20.0,167.05,35.449654,13
2025-01-14 16:00:00+00:00,91.0,15.816,12.666,14.513919,15.075792,5.9352875,10.079956,38843.12,17876.742,1.5000002,1.5000002,9.0,45.447056,75.24,14.332569,5.5,1.5024939,215.8157,166.14937,540265.0,432388.47,10.900001,10.900001,29.0,172.55,36.95215,14
2025-01-15 16:00:00+00:00,91.0,16.216,12.016001,13.357665,11.127207,5.863514,7.63871,38890.914,35592.555,0.0,0.0,0.0,41.56753,70.2,13.992548,16.51,3.304578,229.17337,173.78809,579155.94,467981.03,10.900001,10.900001,29.0,189.06,40.256725,15
2025-01-16 16:00:00+00:00,91.0,16.816,12.216001,14.013917,12.331472,6.7608395,9.204709,38940.215,35598.97,0.0,0.0,0.0,34.021904,56.16,14.4642,16.55,3.3497894,243.18729,182.9928,618096.1,503580.0,10.900001,10.900001,29.0,205.61,43.606514,16
2025-01-17 16:00:00+00:00,91.0,18.466,12.966001,15.522252,16.421135,10.66147,13.522471,38990.95,35606.773,1.5,1.5,5.0,22.546032,37.44,7.8541074,10.75,2.1921554,258.70953,196.51527,657087.06,539186.75,12.400001,12.400001,34.0,216.36,45.798668,17
2025-01-18 16:00:00+00:00,91.0,17.366001,14.816,15.591001,14.476032,11.930439,13.2976885,39043.047,28056.174,2.1000001,2.1000001,8.0,30.385365,51.12,12.651823,10.74,1.7542653,274.30054,209.81296,696130.1,567242.94,14.500001,14.500001,42.0,227.1,47.552933,18
2025-01-19 16:00:00+00:00,91.0,19.216,13.366,15.8222475,17.245644,10.194887,12.794669,39096.43,35656.426,0.0,0.0,0.0,30.64708,50.399998,15.320351,16.18,3.25955,290.12277,222.60762,735226.56,602899.4,14.500001,14.500001,42.0,243.28,50.812485,19
2025-01-20 16:00:00+00:00,91.0,20.216,13.166,16.47642,19.063925,10.85573,14.871162,39151.023,35638.555,0.0,0.0,0.0,21.637466,33.839996,18.582176,16.17,3.0045707,306.59918,237.47879,774377.56,638537.94,14.500001,14.500001,42.0,259.45,53.817055,20
2025-01-21 16:00:00+00:00,91.0,19.016,13.666,16.370169,18.897755,13.815489,16.198133,39206.76,35651.95,0.0,0.0,0.0,18.183563,29.16,350.07758,12.32,1.9683858,322.96936,253.67693,813584.3,674189.9,14.500001,14.500001,42.0,271.77002,55.785442,21
2025-01-22 16:00:00+00:00,91.0,19.216,14.916,16.43475,17.402401,12.495455,14.703831,39263.562,32942.754,0.0,0.0,0.0,27.256777,44.639996,12.340353,14.36,2.258655,339.4041,268.38077,852847.9,707132.6,14.500001,14.500001,42.0,286.13,58.044098,22
2025-01-23 16:00:00+00:00,91.0,20.216,14.966001,17.099333,17.610823,11.592804,14.471665,39321.37,35682.953,0.0,0.0,0.0,31.003918,51.839996,14.185733,14.3,2.665229,356.50345,282.85245,892169.25,742815.56,14.500001,14.500001,42.0,300.43,60.709328,23
2025-01-24 16:00:00+00:00,91.0,20.016,15.566,17.116001,17.394108,13.012733,14.365327,39380.105,35707.316,0.0,0.0,0.0,34.488674,57.6,15.451517,15.82,2.7708907,373.61945,297.21777,931549.4,778522.9,14.500001,14.500001,42.0,316.25,63.480217,24
2025-01-25 16:00:00+00:00,91.0,18.616001,12.966001,15.674335,15.110529,7.6089563,11.771556,39439.695,35719.625,0.3,0.3,3.0,40.433144,68.4,10.948114,14.77,2.5239327,389.2938,308.98932,970989.06,814242.5,14.800001,14.800001,45.0,331.02,66.00415,25
2025-01-26 16:00:00+00:00,91.0,12.616,9.716001,10.909749,7.014328,2.7290502,4.18655,39500.098,19929.584,4.1,4.1,10.0,44.80373,75.24,14.103676,7.65,2.0225759,400.20355,313.17587,1010489.2,834172.06,18.900002,18.900002,55.0,338.66998,68.026726,26
2025-01-27 16:00:00+00:00,91.0,16.116,9.866,12.636833,10.408456,2.975339,6.529821,39561.836,35989.496,0.0,0.0,0.0,38.344646,65.159996,14.292284,17.07,3.9969635,412.8404,319.7057,1050051.0,870161.56,18.900002,18.900002,55.0,355.74,72.02369,27
2025-01-28 16:00:00+00:00,91.0,17.666,10.916,13.886833,14.225462,5.8965178,9.96314,39625.152,36095.832,0.0,0.0,0.0,27.723505,44.28,15.260204,17.43,3.5391045,426.72723,329.66882,1089676.1,906257.4,18.900002,18.900002,55.0,373.16998,75.56279,28
2025-01-29 16:00:00+00:00,91.0,19.166,13.916,16.076418,19.16211,13.16292,15.5204735,39689.95,36207.95,0.0,0.0,0.0,14.264361,24.48,358.6846,17.78,2.9009306,442.80365,345.1893,1129366.1,942465.3,18.900002,18.900002,55.0,390.94998,78.46372,29
2025-01-30 16:00:00+00:00,91.0,18.366001,13.966001,16.070168,18.656248,13.544451,16.022171,39756.145,13879.686,1.5,1.5,5.0,14.087228,19.8,355.44882,6.47,1.3327256,458.8738,361.2115,1169122.2,956345.0,20.400002,20.400002,60.0,397.41998,79.79645,30
2025-01-31 16:00:00+00:00,91.0,20.166,16.516,18.018082,20.625536,13.789099,17.72109,39823.637,32374.926,15.099999,15.099999,17.0,31.26046,46.8,13.469779,9.94,1.7009476,476.8919,378.9326,1208945.9,988719.94,35.5,35.5,77.0,407.36,81.4974,31
2025-02-01 16:00:00+00:00,91.0,18.616001,15.716001,16.586836,16.47697,12.630493,14.020774,39892.348,30486.332,8.1,8.1,14.0,32.136932,53.639996,11.964488,13.59,2.1709094,493.47873,392.95337,1248838.2,1019206.25,43.6,43.6,91.0,420.94998,83.668304,32
2025-02-02 16:00:00+00:00,91.0,15.616,12.016001,13.724334,12.792187,5.2883997,8.582328,39962.18,33695.273,6.6,6.6,16.0,44.399105,73.799995,14.610748,8.74,1.778426,507.20306,401.5357,1288800.4,1052901.5,50.199997,50.199997,107.0,429.68997,85.44673,33
2025-02-03 16:00:00+00:00,91.0,15.216001,11.316,12.786835,9.337984,4.228655,6.4632783,40033.05,35982.47,0.0,0.0,0.0,44.06178,73.799995,15.943947,13.14,3.2443805,519.98987,407.999,1328833.4,1088884.0,50.199997,50.199997,107.0,442.83,88.69111,34
2025-02-04 16:00:00+00:00,91.0,17.716,12.266001,14.634749,16.452665,7.9151545,12.234408,40104.88,36595.883,0.0,0.0,0.0,26.137215,38.16,15.012883,16.79,3.0834801,534.62463,420.2334,1368938.2,1125479.9,50.199997,50.199997,107.0,459.62,91.77459,35
2025-02-05 16:00:00+00:00,91.0,18.366001,13.666,15.766004,17.847866,13.207638,14.954999,40177.58,27660.984,1.4000001,1.4000001,6.0,19.686766,30.599998,10.185947,10.18,1.8881385,550.3906,435.1884,1409115.9,1153140.9,51.6,51.6,113.0,469.8,93.66273,36
2025-02-06 16:00:00+00:00,91.0,16.116,11.916,14.405583,13.739748,4.833416,9.437476,40251.066,34065.14,0.2,0.2,2.0,47.806187,80.28,12.783659,14.63,2.5600176,564.7962,444.62585,1449367.0,1187206.0,51.8,51.8,115.0,484.43,96.22275,37
2025-02-07 16:00:00+00:00,91.0,12.216001,10.566,11.391,5.144438,2.8498716,4.0072465,40325.258,34650.71,0.0,0.0,0.0,48.10986,81.36,14.814439,10.6,2.800185,576.1872,448.6331,1489692.2,1221856.8,51.8,51.8,115.0,495.03,99.022934,38
2025-02-08 16:00:00+00:00,91.0,15.566,10.716001,12.682668,10.013501,4.8705387,7.201938,40400.086,35913.957,0.0,0.0,0.0,39.575855,65.520004,13.766974,16.8,3.2073884,588.8699,455.83502,1530092.4,1257770.8,51.8,51.8,115.0,511.83,102.23032,39
2025-02-09 16:00:00+00:00,91.0,18.516,12.466001,15.045169,16.902615,9.33381,12.750591,40475.457,37040.0,0.0,0.0,0.0,24.037247,39.96,9.843755,19.03,3.2128038,603.91504,468.5856,1570567.9,1294810.8,51.8,51.8,115.0,530.86,105.44313,40
2025-02-10 16:00:00+00:00,91.0,20.016,12.366,16.43267,19.48801,11.256901,16.01019,40551.3,36938.117,0.0,0.0,0.0,19.60348,29.519999,353.79663,19.11,2.9833221,620.3477,484.5958,1611119.1,1331748.9,51.8,51.8,115.0,549.97,108.42645,41
2025-02-11 16:00:00+00:00,91.0,18.616001,15.516001,17.132666,20.168207,15.083078,17.204878,40627.535,0.0,42.800003,42.800003,22.0,27.876764,50.399998,9.706987,2.2,0.6495684,637.4804,501.80066,1651746.6,1331748.9,94.600006,94.600006,137.0,552.17,109.07602,42
2025-02-12 16:00:00+00:00,91.0,16.666,15.216001,15.909752,13.726894,11.0105,12.357254,40704.09,0.0,33.3,33.3,16.0,36.674534,60.839996,12.118973,3.84,1.3291016,653.39014,514.1579,1692450.8,1331748.9,127.90001,127.90001,153.0,556.01,110.40512,43
2025-02-13 16:00:00+00:00,91.0,19.216,16.016,17.386835,18.493248,13.065969,16.12394,40780.895,30658.375,0.70000005,0.70000005,2.0,27.017393,41.760002,3.6941807,8.51,1.8387537,670.777,530.28186,1733231.6,1362407.2,128.6,128.6,155.0,564.52,112.24387,44
2025-02-14 16:00:00+00:00,91.0,20.916,15.816,17.909752,22.696386,15.072363,18.195414,40857.87,37294.17,0.0,0.0,0.0,18.382044,28.44,359.1181,18.95,2.861781,688.6867,548.4773,1774089.5,1399701.4,128.6,128.6,155.0,583.47003,115.10565,45
2025-02-15 16:00:00+00:00,91.0,20.916,14.866,17.547253,20.263004,13.456955,15.977584,40934.965,37531.09,0.0,0.0,0.0,30.758411,51.839996,12.792375,18.36,2.9849074,706.23395,564.4549,1815024.5,1437232.5,128.6,128.6,155.0,601.83,118.09056,46
2025-02-16 16:00:00+00:00,91.0,21.6045,15.054501,17.671167,18.376093,11.242113,14.597547,41000.832,36000.0,0.1,0.0,1.0,33.48774,57.6,20.761553,18.8,4.222828,723.9051,579.0524,1856025.4,1473232.5,128.70001,128.6,156.0,620.63,122.313385,47
2025-02-17 16:00:00+00:00,91.0,17.5045,14.9045,15.835751,14.367786,11.9888935,12.724364,41079.94,31322.107,0.3,0.0,3.0,33.588207,59.76,21.302353,12.76,2.5550883,739.74084,591.7768,1897105.4,1504554.6,129.00002,128.6,159.0,633.39,124.86848,48
2025-02-18 16:00:00+00:00,91.0,19.5545,14.2545,16.323252,19.187801,12.107235,15.220322,41159.94,34033.707,0.1,0.0,1.0,22.392462,39.239998,17.163778,16.28,2.8105965,756.0641,606.99713,1938265.4,1538588.4,129.10002,128.6,160.0,649.67004,127.67908,49
2025-02-19 16:00:00+00:00,91.0,19.2545,14.5045,16.335749,19.439413,14.606468,16.431515,41240.758,30559.982,0.0,0.0,0.0,16.676977,30.599998,3.1748815,13.02,2.0145526,772.39984,623.42865,1979506.1,1569148.4,129.10002,128.6,160.0,662.69006,129.69363,50
2025-02-20 16:00:00+00:00,91.0,17.5545,14.4045,15.421165,15.210339,9.8443,11.784454,41322.305,28800.0,0.0,0.0,0.0,40.537983,71.64,21.617348,13.21,2.2670853,787.821,635.21313,2020828.4,1597948.4,129.10002,128.6,160.0,675.9001,131.96072,51
2025-02-21 16:00:00+00:00,91.0,20.3045,14.1545,16.396166,19.542822,11.44012,14.357713,41404.523,36000.0,0.0,0.0,0.0,27.66384,50.039997,21.48308,16.7,2.8546689,804.21716,649.57086,2062232.9,1633948.4,129.10002,128.6,160.0,692.6001,134.8154,52
2025-02-22 16:00:00+00:00,91.0,15.6045,13.7545,14.681582,12.416267,8.4024315,10.849576,41487.332,5201.3174,2.1000001,2.1000001,8.0,39.990795,71.28,22.351593,4.19,1.340135,818.89874,660.4204,2103720.2,1639149.8,131.20003,130.70001,168.0,696.7901,136.15553,53
2025-02-23 16:00:00+00:00,91.0,15.6545,12.7045,13.852418,10.153963,7.999735,9.015025,41570.656,31836.697,0.0,0.0,0.0,38.322674,68.4,26.904528,13.99,2.8301864,832.75116,669.4354,2145291.0,1670986.5,131.20003,130.70001,168.0,710.7801,138.98572,54
2025-02-24 16:00:00+00:00,91.0,18.6045,12.8545,15.150334,18.069668,10.37122,14.132495,41654.438,35208.4,0.0,0.0,0.0,18.751125,32.399998,15.08904,17.28,2.7137733,847.9015,683.56793,2186945.5,1706194.9,131.20003,130.70001,168.0,728.0601,141.6995,55
2025-02-25 16:00:00+00:00,91.0,17.9545,14.7045,16.133665,16.13352,13.543783,15.045104,41738.594,5854.6216,0.0,0.0,0.0,22.59699,40.32,25.59402,8.87,1.5659399,864.03516,698.61304,2228684.0,1712049.5,131.20003,130.70001,168.0,736.9301,143.26543,56
2025-02-26 16:00:00+00:00,91.0,18.154501,15.5045,16.452415,17.940042,15.664663,16.708475,41823.062,17792.11,0.0,0.0,0.0,14.118243,28.08,17.190348,8.17,1.3463532,880.48755,715.32153,2270507.0,1729841.6,131.20003,130.70001,168.0,745.1001,144.61179,57
2025-02-27 16:00:00+00:00,91.0,20.4545,14.1045,17.283665,22.222738,14.698935,18.378931,41907.773,37451.453,0.0,0.0,0.0,12.964998,22.68,23.873085,17.24,2.669727,897.77124,733.70044,2312414.8,1767293.1,131.20003,130.70001,168.0,762.3401,147.28151,58
2025-02-28 16:00:00+00:00,91.0,20.6045,16.5045,18.085749,22.249863,17.93465,19.655046,41992.656,10801.802,0.0,0.0,0.0,9.255571,17.28,24.069632,10.34,1.7280917,915.857,753.35547,2354407.5,1778094.9,131.20003,130.70001,168.0,772.6801,149.0096,59
2025-03-01 16:00:00+00:00,91.0,24.9555,16.654501,20.09471,26.527954,18.25373,21.730028,42077.652,33675.992,0.0,0.0,0.0,7.127636,12.599999,41.66898,10.05,1.9824584,935.9517,775.0855,2396485.2,1811770.9,131.20003,130.70001,168.0,782.7301,150.99205,60
2025-03-02 16:00:00+00:00,91.0,25.7055,19.2055,21.803415,28.38588,19.901617,23.233894,42162.69,38867.64,0.0,0.0,0.0,11.480557,12.959999,26.564972,20.62,3.902714,957.7551,798.3194,2438648.0,1850638.5,131.20003,130.70001,168.0,803.3501,154.89476,61
2025-03-03 16:00:00+00:00,91.0,25.3555,19.7555,21.934668,27.021626,22.010345,23.824087,42247.703,39587.79,0.0,0.0,0.0,16.23596,24.48,241.00209,14.46,2.8287842,979.6898,822.1435,2480895.8,1890226.2,131.20003,130.70001,168.0,817.8101,157.72354,62
2025-03-04 16:00:00+00:00,91.0,23.0555,17.6555,20.067997,24.40566,17.42727,21.333914,42332.625,39674.92,11.700001,7.2000003,21.0,19.64228,34.2,22.122591,17.29,2.7494123,999.7578,843.4774,2523228.5,1929901.1,142.90002,137.90001,189.0,835.1001,160.47295,63
2025-03-05 16:00:00+00:00,91.0,17.3055,12.2555,13.895083,16.806118,6.6621666,9.63124,42417.4,1175.2485,4.7999997,4.4999995,12.0,40.108913,57.6,27.434591,2.56,1.2149895,1013.6529,853.10864,2565646.0,1931076.4,147.70003,142.40001,201.0,837.6601,161.68794,64
2025-03-06 16:00:00+00:00,91.0,13.9555,11.8555,12.807582,10.981127,6.7177677,8.756357,42501.953,13297.999,0.0,0.0,0.0,32.86861,48.6,26.430267,4.86,1.7197607,1026.4604,861.865,2608148.0,1944374.4,147.70003,142.40001,201.0,842.5201,163.4077,65
2025-03-07 16:00:00+00:00,91.0,15.0555,11.7055,12.607583,11.329239,7.8389263,8.963745,42586.234,28133.447,4.8,4.8,12.0,28.99062,41.039997,26.270742,11.66,1.7074996,1039.068,870.82874,2650734.2,1972507.9,152.50003,147.20001,213.0,854.18005,165.1152,66
2025-03-08 16:00:00+00:00,91.0,17.1555,11.7555,13.540916,16.199745,8.991173,11.082703,42670.785,25313.146,1.8000001,1.8000001,6.0,25.744402,34.56,24.551857,14.99,2.1144319,1052.6089,881.91144,2693405.0,1997821.0,154.30003,149.00002,219.0,869.17004,167.22963,67
2025-03-09 16:00:00+00:00,91.0,21.0555,12.5555,,22.609438,11.2846985,,42755.863,,,,0.0,15.629972,24.48,,,,,,2736160.8,,,,219.0,,,68
