date,elevation,temperature_2m_max,temperature_2m_min,temperature_2m_mean,apparent_temperature_max,apparent_temperature_min,apparent_temperature_mean,daylight_duration,sunshine_duration,precipitation_sum,rain_sum,precipitation_hours,wind_speed_10m_max,wind_gusts_10m_max,wind_direction_10m_dominant,shortwave_radiation_sum,et0_fao_evapotranspiration,cumulative_temperature_2m_mean,cumulative_apparent_temperature_mean,cumulative_daylight_duration,cumulative_sunshine_duration,cumulative_precipitation_sum,cumulative_rain_sum,cumulative_precipitation_hours,cumulative_shortwave_radiation_sum,cumulative_et0_fao_evapotranspiration,day
2025-01-01 16:00:00+00:00,1081.0,12.2495,10.8995,11.409916,11.672676,10.404667,11.062241,38313.21,0.0,12.400002,12.400002,24.0,7.570707,24.84,79.84417,1.77,0.41568366,11.409916,11.062241,38313.21,0.0,12.400002,12.400002,24.0,1.77,0.41568366,1
2025-01-02 16:00:00+00:00,1081.0,10.8995,7.9494996,9.045333,10.374848,6.168997,7.623383,38337.598,0.0,6.2999997,6.2999997,22.0,9.97986,33.12,63.991894,3.05,0.53988105,20.45525,18.685623,76650.81,0.0,18.7,18.7,46.0,4.8199997,0.95556474,2
2025-01-03 16:00:00+00:00,1081.0,12.8995,6.6994996,9.578666,10.114811,4.11582,7.3103447,38363.777,28543.203,0.0,0.0,0.0,15.281989,49.32,108.20857,10.79,1.5570803,30.033916,25.995968,115014.59,28543.203,18.7,18.7,46.0,15.61,2.512645,3
2025-01-04 16:00:00+00:00,1081.0,15.5494995,8.2495,10.912,15.287788,6.537676,10.196523,38391.727,28410.809,3.5999994,3.5999994,10.0,7.386582,27.72,281.0407,9.23,1.4768611,40.945915,36.19249,153406.31,56954.01,22.3,22.3,56.0,24.84,3.9895062,4
2025-01-05 16:00:00+00:00,1081.0,12.0495,6.8494997,9.109917,9.931655,4.663498,7.3724346,38421.41,35498.324,0.5,0.5,4.0,10.650465,37.8,37.178253,12.52,1.6617138,50.055832,43.564926,191827.72,92452.336,22.8,22.8,60.0,37.36,5.6512203,5
2025-01-06 16:00:00+00:00,1081.0,10.6995,5.0994997,7.4515824,8.142516,2.5655727,5.0984645,38452.816,28323.766,2.0,2.0,11.0,13.288341,38.519997,95.803825,10.02,1.3326111,57.507416,48.66339,230280.53,120776.1,24.8,24.8,71.0,47.38,6.9838314,6
2025-01-07 16:00:00+00:00,1081.0,12.1495,5.2995,8.751584,10.376772,3.1987495,7.195701,38486.26,17562.762,1.2,1.2,9.0,9.007196,28.08,101.24546,8.31,1.2138431,66.259,55.859093,268766.78,138338.86,26.0,26.0,80.0,55.690002,8.197675,7
2025-01-08 16:00:00+00:00,1081.0,8.9495,4.7995,7.0745006,6.6771307,2.5722795,5.155999,38521.855,7424.8843,8.200001,8.200001,21.0,11.53265,32.039997,61.93538,3.6,0.594459,73.3335,61.01509,307288.62,145763.75,34.2,34.2,101.0,59.29,8.792133,8
2025-01-09 16:00:00+00:00,1081.0,4.9995,3.5495002,4.209917,2.3361478,1.2639608,1.7126998,38559.53,0.0,6.0999985,6.0999985,24.0,9.187056,29.519999,60.18308,3.25,0.5054045,77.54342,62.72779,345848.16,145763.75,40.3,40.3,125.0,62.54,9.297538,9
2025-01-10 16:00:00+00:00,1081.0,6.4995,3.9494998,5.064083,3.8532639,1.6526666,2.8058665,38599.203,673.23737,6.1999993,6.1999993,24.0,11.230904,27.359999,74.35466,3.51,0.5464618,82.6075,65.53366,384447.38,146436.98,46.5,46.5,149.0,66.05,9.844,10
2025-01-11 16:00:00+00:00,1081.0,8.849501,3.1995,5.7474155,6.1453314,0.03314495,3.3650053,38640.797,30917.04,0.70000005,0.70000005,5.0,8.748075,28.08,45.92259,11.22,1.454628,88.35491,68.89867,423088.2,177354.03,47.2,47.2,154.0,77.270004,11.298628,11
2025-01-12 16:00:00+00:00,1081.0,11.6995,2.0995,6.8328342,8.979055,-0.99383354,4.086825,38684.227,35735.168,0.0,0.0,0.0,13.202726,40.68,114.54618,13.66,1.7807623,95.187744,72.98549,461772.4,213089.2,47.2,47.2,154.0,90.93001,13.079391,12
2025-01-13 16:00:00+00:00,1081.0,16.2495,4.0495,9.90575,15.850142,1.9360366,8.630999,38729.42,34508.555,0.3,0.3,2.0,7.7043357,23.4,144.12369,13.74,2.1367621,105.09349,81.616486,500501.8,247597.75,47.5,47.5,156.0,104.670006,15.216152,13
2025-01-14 16:00:00+00:00,1081.0,9.7995,4.5495,7.7411666,8.982151,2.298832,6.2415776,38776.3,0.0,14.9000025,14.9000025,23.0,8.209263,28.08,21.186281,2.4,0.42187765,112.834656,87.85806,539278.1,247597.75,62.4,62.4,179.0,107.07001,15.63803,14
2025-01-15 16:00:00+00:00,1081.0,8.099501,4.2995,5.6078324,5.248111,2.0168796,3.1403933,38824.79,11667.786,1.3000001,1.3000001,11.0,10.718693,32.039997,72.79979,6.54,0.91123116,118.44249,90.99846,578102.94,259265.53,63.7,63.7,190.0,113.61001,16.549261,15
2025-01-16 16:00:00+00:00,1081.0,9.0495,5.2495,6.5536656,6.163664,2.9724383,4.0498013,38874.805,16471.902,0.0,0.0,0.0,11.177405,33.48,85.05177,8.27,1.1566164,124.996155,95.04826,616977.75,275737.44,63.7,63.7,190.0,121.880005,17.705877,16
2025-01-17 16:00:00+00:00,1081.0,12.3995,4.5994997,8.545334,10.123581,2.1803064,6.6873193,38926.273,30859.412,0.9,0.9,6.0,11.351422,30.599998,115.992386,9.32,1.3571808,133.54149,101.73558,655904.0,306596.84,64.6,64.6,196.0,131.20001,19.063059,17
2025-01-18 16:00:00+00:00,1081.0,11.2995,7.6494994,9.53075,10.360347,6.256769,8.551532,38979.12,5155.921,4.5,4.5,17.0,7.208994,23.039999,313.85104,4.13,0.6953748,143.07224,110.28711,694883.1,311752.75,69.1,69.1,213.0,135.33002,19.758434,18
2025-01-19 16:00:00+00:00,1081.0,12.9995,4.7995,8.312,11.207214,2.0427132,6.2732034,39033.277,35782.766,0.8000001,0.8000001,7.0,10.819482,36.0,101.30989,13.19,1.8314941,151.38423,116.56031,733916.4,347535.5,69.9,69.9,220.0,148.52002,21.589928,19
2025-01-20 16:00:00+00:00,1081.0,13.2995,5.0495,8.968249,11.019394,2.3779082,6.7247643,39088.66,35795.17,0.0,0.0,0.0,13.797913,44.639996,111.19499,14.06,1.9007627,160.35248,123.28507,773005.06,383330.7,69.9,69.9,220.0,162.58002,23.49069,20
2025-01-21 16:00:00+00:00,1081.0,14.349501,6.5994997,10.287,13.797808,4.822423,9.19032,39145.195,34198.883,1.9000001,1.9000001,6.0,7.193247,27.359999,146.39876,10.61,1.6692563,170.63948,132.47539,812150.25,417529.56,71.8,71.8,226.0,173.19002,25.159946,21
2025-01-22 16:00:00+00:00,1081.0,14.6495,7.3494997,10.593249,13.676565,5.994301,9.669348,39202.824,27572.38,0.3,0.3,3.0,8.528657,31.68,293.25262,8.19,1.298354,181.23273,142.14473,851353.06,445101.94,72.100006,72.100006,229.0,181.38002,26.4583,22
2025-01-23 16:00:00+00:00,1081.0,15.0495,9.1495,11.541167,14.006866,8.46634,10.894508,39261.46,26929.559,2.6,2.6,16.0,10.514218,31.68,60.945507,8.9,1.4116693,192.7739,153.03925,890614.5,472031.5,74.700005,74.700005,245.0,190.28001,27.869968,23
2025-01-24 16:00:00+00:00,1081.0,12.7995,9.849501,10.94325,11.688707,9.17682,10.198895,39321.04,16222.58,4.5,4.5,24.0,10.583326,32.039997,66.06271,6.31,0.95259196,203.71715,163.23814,929935.56,488254.1,79.200005,79.200005,269.0,196.59001,28.822561,24
2025-01-25 16:00:00+00:00,1081.0,11.4995,7.0495,9.522416,10.147505,5.810978,8.396666,39381.492,7751.472,12.900001,12.900001,24.0,10.373061,32.039997,37.030487,5.57,0.8430068,213.23956,171.63481,969317.06,496005.56,92.100006,92.100006,293.0,202.16002,29.665567,25
2025-01-26 16:00:00+00:00,1081.0,6.6994996,2.4495,3.8995001,5.3023453,-0.4504857,1.3594226,39442.758,3094.3176,13.8,13.4,16.0,9.605998,31.68,326.6893,3.61,0.4945071,217.13907,172.99423,1008759.8,499099.88,105.90001,105.50001,309.0,205.77002,30.160074,26
2025-01-27 16:00:00+00:00,1081.0,9.6495,1.3495,4.7745,7.3203735,-1.8835988,1.9300176,39505.383,33343.42,0.0,0.0,0.0,11.19189,36.36,89.35084,15.58,1.9591858,221.91357,174.92426,1048265.2,532443.3,105.90001,105.50001,309.0,221.35002,32.11926,27
2025-01-28 16:00:00+00:00,1081.0,9.5495,1.3495,5.253666,6.489339,-1.8349445,2.1681416,39569.605,35946.086,0.0,0.0,0.0,13.159711,38.519997,108.90467,14.4,1.762095,227.16724,177.09239,1087834.8,568389.4,105.90001,105.50001,309.0,235.75002,33.881355,28
2025-01-29 16:00:00+00:00,1081.0,14.4495,3.3495,8.520333,13.048054,0.6216049,6.428673,39635.34,35971.89,0.0,0.0,0.0,9.54679,29.88,116.97486,15.05,2.1746862,235.68758,183.52106,1127470.1,604361.25,105.90001,105.50001,309.0,250.80002,36.05604,29
2025-01-30 16:00:00+00:00,1081.0,14.5495,6.0495,10.2578335,14.594145,3.935295,9.336062,39702.477,19484.623,2.0,2.0,8.0,6.76618,26.64,140.01607,6.68,1.1492412,245.9454,192.85712,1167172.6,623845.9,107.90001,107.50001,317.0,257.48,37.205284,30
2025-01-31 16:00:00+00:00,1081.0,17.449501,10.3995,13.04325,18.0182,10.196395,13.151752,39770.94,26356.758,14.099999,14.099999,20.0,7.8954163,27.359999,57.129086,7.74,1.3277563,258.98865,206.00887,1206943.6,650202.6,122.00001,121.600006,337.0,265.22,38.53304,31
2025-02-01 16:00:00+00:00,1081.0,12.2995,9.5495,10.7994995,11.452259,8.9734955,10.291047,39840.633,0.0,7.0,7.0,23.0,9.039514,28.44,34.710766,3.74,0.667956,269.78815,216.29991,1246784.2,650202.6,129.0,128.6,360.0,268.96,39.200996,32
2025-02-02 16:00:00+00:00,1081.0,9.3995,4.7995,7.3578334,8.81868,3.2983932,6.074182,39911.46,101.12686,17.099998,17.099998,24.0,6.6624317,24.84,6.4859385,2.03,0.3929629,277.14597,222.3741,1286695.8,650303.75,146.1,145.70001,384.0,270.99,39.59396,33
2025-02-03 16:00:00+00:00,1081.0,7.5495,2.9495,4.722416,4.656742,0.2234497,2.1371334,39983.348,26591.096,5.3,5.1,9.0,10.946013,32.039997,60.527527,10.6,1.3470895,281.86838,224.51123,1326679.1,676894.9,151.40001,150.80002,393.0,281.59,40.941048,34
2025-02-04 16:00:00+00:00,1081.0,9.1995,3.0495,6.0745006,6.4319544,0.22354794,3.4689229,40056.2,33334.42,0.9000001,0.9000001,9.0,12.399112,39.96,109.08504,10.68,1.4011736,287.94287,227.98015,1366735.4,710229.3,152.3,151.70001,402.0,292.27,42.34222,35
2025-02-05 16:00:00+00:00,1081.0,11.7995,5.9494996,8.916167,10.627523,4.0251827,7.459823,40129.938,15025.268,1.4000001,1.4000001,11.0,8.089993,27.0,106.15808,7.15,1.0929655,296.85904,235.43997,1406865.2,725254.56,153.7,153.1,413.0,299.41998,43.435184,36
2025-02-06 16:00:00+00:00,1081.0,9.099501,3.4995,6.978666,8.164627,0.9264908,5.1684017,40204.473,4109.7744,9.3,9.3,20.0,10.399576,29.88,68.342964,3.02,0.4794466,303.8377,240.60837,1447069.8,729364.3,163.0,162.40001,433.0,302.43997,43.91463,37
2025-02-07 16:00:00+00:00,1081.0,3.3995001,2.1995,2.6703336,0.46248055,-0.8532319,-0.30294064,40279.72,466.89352,6.5,5.7000003,24.0,9.614426,32.039997,66.25469,3.72,0.5272785,306.50803,240.30542,1487349.5,729831.2,169.5,168.1,457.0,306.15997,44.44191,38
2025-02-08 16:00:00+00:00,1081.0,7.0495,2.8995001,4.841166,4.228676,0.2049079,2.1364162,40355.61,4850.221,0.9000001,0.9000001,9.0,10.435344,34.92,77.47121,6.52,0.89190435,311.34918,242.44183,1527705.1,734681.44,170.4,169.0,466.0,312.67996,45.333813,39
2025-02-09 16:00:00+00:00,1081.0,12.8995,3.8495,7.86825,11.307494,1.1385942,5.68403,40432.055,36208.79,0.0,0.0,0.0,10.644379,32.760002,108.49212,13.18,1.8181436,319.21744,248.12587,1568137.1,770890.25,170.4,169.0,466.0,325.85995,47.151955,40
2025-02-10 16:00:00+00:00,1081.0,18.199501,4.6495,11.197415,18.718073,2.6833034,10.298147,40508.973,36105.29,0.0,0.0,0.0,7.44121,24.119999,137.48305,16.8,2.6793337,330.41486,258.424,1608646.1,806995.56,170.4,169.0,466.0,342.65994,49.831287,41
2025-02-11 16:00:00+00:00,1081.0,16.2995,9.849501,12.782834,17.321568,9.125203,13.066921,40586.293,0.0,29.7,29.7,19.0,6.1226463,32.760002,255.14134,3.04,0.6565131,343.1977,271.49094,1649232.4,806995.56,200.09999,198.7,485.0,345.69995,50.4878,42
2025-02-12 16:00:00+00:00,1081.0,11.9495,8.9995,9.774501,10.946643,7.6629305,8.471465,40663.938,0.0,35.399998,35.399998,19.0,10.703569,40.32,92.25137,3.07,0.5320274,352.9722,279.9624,1689896.2,806995.56,235.49998,234.09999,504.0,348.76996,51.01983,43
2025-02-13 16:00:00+00:00,1081.0,15.699501,9.1495,11.995334,15.200129,7.9329405,11.200162,40741.83,30671.86,0.1,0.1,1.0,9.867218,28.08,112.3016,10.41,1.6122804,364.96753,291.16257,1730638.1,837667.44,235.59999,234.2,505.0,359.17996,52.63211,44
2025-02-14 16:00:00+00:00,1081.0,20.1495,8.6995,13.899501,21.595211,7.5254,14.016114,40819.895,36184.152,0.0,0.0,0.0,4.8466477,20.16,183.66185,15.65,2.6634722,378.86703,305.17868,1771458.0,873851.56,235.59999,234.2,505.0,374.82996,55.29558,45
2025-02-15 16:00:00+00:00,1081.0,17.2595,10.3595,13.492832,17.818586,9.779171,13.087357,40891.914,30730.287,0.1,0.0,1.0,8.12197,43.199997,325.96777,14.51,2.2948656,392.35986,318.26605,1812349.9,904581.9,235.7,234.2,506.0,389.33997,57.590446,46
2025-02-16 16:00:00+00:00,1081.0,11.3595,7.0095,9.294916,9.117813,4.315072,6.989036,40970.973,34209.07,0.0,0.0,0.0,13.891522,53.639996,117.80796,12.52,1.6818871,401.6548,325.2551,1853320.9,938790.94,235.7,234.2,506.0,401.85995,59.272335,47
2025-02-17 16:00:00+00:00,1081.0,9.909499,8.1095,9.032416,8.795954,5.8513002,7.3963246,41051.016,0.0,0.0,0.0,0.0,12.096214,47.16,112.590195,1.9,0.3766656,410.6872,332.65143,1894371.9,938790.94,235.7,234.2,506.0,403.75995,59.649002,48
2025-02-18 16:00:00+00:00,1081.0,10.6095,8.3595,9.51575,9.164368,6.204487,7.7588716,41131.953,295.49057,0.0,0.0,0.0,12.261157,42.839996,130.61887,3.66,0.5924509,420.20294,340.4103,1935503.9,939086.44,235.7,234.2,506.0,407.41995,60.24145,49
2025-02-19 16:00:00+00:00,1081.0,14.909499,10.159499,12.0303335,14.515015,9.107835,11.601724,41213.715,23732.025,0.1,0.0,1.0,9.387651,32.039997,124.80658,8.01,1.3121617,432.23328,352.01202,1976717.6,962818.44,235.8,234.2,507.0,415.42996,61.55361,50
2025-02-20 16:00:00+00:00,1081.0,11.7595,8.709499,9.6095,11.562458,6.6514826,8.30915,41296.22,0.0,0.2,0.2,2.0,11.792404,50.399998,65.23766,2.3,0.434034,441.84277,360.32117,2018013.9,962818.44,236.0,234.4,509.0,417.72995,61.987644,51
2025-02-21 16:00:00+00:00,1081.0,10.5095,8.6095,9.8220005,9.510076,6.480809,8.160821,41379.402,0.0,0.1,0.0,1.0,13.392774,48.6,127.53565,1.84,0.34763023,451.66476,368.482,2059393.2,962818.44,236.1,234.4,510.0,419.56995,62.335274,52
2025-02-22 16:00:00+00:00,1081.0,10.3095,7.0095,8.863667,9.517932,4.9911356,7.6184535,41463.18,0.0,15.5,15.4,15.0,8.587338,36.36,53.65481,1.98,0.4188049,460.52844,376.10043,2100856.5,962818.44,251.6,249.79999,525.0,421.54996,62.754078,53
2025-02-23 16:00:00+00:00,1081.0,7.3595,5.7095,6.582415,5.2114697,2.5538592,3.764815,41547.48,5295.2144,0.6,0.6,5.0,14.480773,63.0,114.124954,4.81,0.67580134,467.11087,379.86523,2142404.0,968113.6,252.20001,250.4,530.0,426.35995,63.42988,54
2025-02-24 16:00:00+00:00,1081.0,13.8595,6.2095,9.940749,13.785347,3.30586,8.742032,41632.24,30029.277,0.0,0.0,0.0,12.475961,48.96,129.78773,12.56,1.8791202,477.0516,388.60727,2184036.2,998142.9,252.20001,250.4,530.0,438.91995,65.309,55
2025-02-25 16:00:00+00:00,1081.0,13.3095,10.0595,11.674083,12.734526,9.735569,11.190654,41717.38,736.00323,1.2,0.9,9.0,8.350138,28.08,114.98639,6.63,1.0233799,488.72568,399.7979,2225753.8,998878.9,253.40001,251.29999,539.0,445.54996,66.332375,56
2025-02-26 16:00:00+00:00,1081.0,14.909499,11.409499,13.017833,15.006638,11.045587,12.999103,41802.836,29252.234,0.0,0.0,0.0,5.991594,36.719997,269.3489,9.29,1.4932109,501.7435,412.79703,2267556.5,1028131.1,253.40001,251.29999,539.0,454.83997,67.825584,57
2025-02-27 16:00:00+00:00,1081.0,18.0595,11.0095,14.199082,18.14051,9.60272,13.723629,41888.535,38762.914,0.0,0.0,0.0,10.464797,40.32,134.83197,17.31,2.6831493,515.94257,426.52066,2309445.0,1066894.0,253.40001,251.29999,539.0,472.14996,70.508736,58
2025-02-28 16:00:00+00:00,1081.0,19.843,12.159499,15.8012705,19.753607,10.98609,15.482632,41974.41,33337.55,0.0,0.0,0.0,12.904882,32.399998,156.3706,9.59,1.883291,531.74384,442.0033,2351419.5,1100231.5,253.40001,251.29999,539.0,481.73996,72.39203,59
2025-03-01 16:00:00+00:00,1081.0,20.793,14.943,17.328417,21.028759,14.155975,17.433008,42060.395,27116.104,2.6999998,2.3999999,12.0,12.181624,10.799999,211.49088,8.56,1.7731565,549.07227,459.4363,2393480.0,1127347.6,256.1,253.69998,551.0,490.29996,74.165184,60
2025-03-02 16:00:00+00:00,1081.0,15.893,9.593,12.932583,16.238096,8.15089,12.168284,42146.42,21874.309,0.6,0.6,6.0,11.966954,15.84,74.23779,8.06,1.1945212,562.0048,471.60458,2435626.5,1149221.9,256.7,254.29999,557.0,498.35995,75.3597,61
2025-03-03 16:00:00+00:00,1081.0,10.393,8.943,9.54925,8.948461,7.367154,8.04819,42232.42,3.976364,2.3999996,2.3999996,12.0,10.495713,15.84,94.74808,2.36,0.42859322,571.5541,479.65277,2477859.0,1149225.9,259.1,256.69998,569.0,500.71994,75.7883,62
2025-03-04 16:00:00+00:00,1081.0,13.143,9.293,11.2555,12.407417,7.8343515,10.496795,42318.336,20601.066,0.0,0.0,0.0,9.3876505,14.4,92.43935,6.31,0.98426205,582.8096,490.14957,2520177.2,1169827.0,259.1,256.69998,569.0,507.02994,76.77256,63
2025-03-05 16:00:00+00:00,1081.0,12.293,8.443,10.855498,11.852028,6.997486,10.084037,42404.094,16338.349,0.90000004,0.90000004,3.0,8.4963045,10.08,35.79182,5.32,0.8128749,593.66504,500.2336,2562581.2,1186165.4,260.0,257.59998,572.0,512.3499,77.585434,64
2025-03-06 16:00:00+00:00,1081.0,9.093,6.043,7.9909153,7.675722,3.8654613,6.337776,42489.633,66.94462,0.3,0.3,3.0,9.028754,12.24,35.288517,2.78,0.49362546,601.65594,506.57138,2605071.0,1186232.4,260.3,257.89996,575.0,515.12994,78.079056,65
2025-03-07 16:00:00+00:00,1081.0,8.443,5.643,7.109667,6.5728893,3.4188414,5.2415524,42574.895,2067.2927,0.0,0.0,0.0,8.759178,11.879999,94.46517,3.6,0.5651096,608.7656,511.81293,2647646.0,1188299.6,260.3,257.89996,575.0,518.7299,78.644165,66
2025-03-08 16:00:00+00:00,1081.0,18.293,7.8430004,12.853416,19.60025,6.2026663,12.474751,42660.426,40005.562,0.0,0.0,0.0,10.233123,10.799999,90.179054,21.88,3.331375,621.619,524.28766,2690306.5,1228305.2,260.3,257.89996,575.0,540.6099,81.97554,67
