date,elevation,temperature_2m_max,temperature_2m_min,temperature_2m_mean,apparent_temperature_max,apparent_temperature_min,apparent_temperature_mean,daylight_duration,sunshine_duration,precipitation_sum,rain_sum,precipitation_hours,wind_speed_10m_max,wind_gusts_10m_max,wind_direction_10m_dominant,shortwave_radiation_sum,et0_fao_evapotranspiration,cumulative_temperature_2m_mean,cumulative_apparent_temperature_mean,cumulative_daylight_duration,cumulative_sunshine_duration,cumulative_precipitation_sum,cumulative_rain_sum,cumulative_precipitation_hours,cumulative_shortwave_radiation_sum,cumulative_et0_fao_evapotranspiration,day
2025-01-01 16:00:00+00:00,2496.0,9.924001,8.024,8.744833,9.249646,6.9299746,7.7595577,38411.074,0.0,14.300003,14.300003,23.0,5.0432134,36.719997,180.98773,1.41,0.37094098,8.744833,7.7595577,38411.074,0.0,14.300003,14.300003,23.0,1.41,0.37094098,1
2025-01-02 16:00:00+00:00,2496.0,9.274,4.5239997,7.1302505,8.133797,2.057045,5.6237197,38434.992,11447.473,2.5999997,2.5999997,20.0,6.8423676,37.079998,121.29846,4.82,0.84405345,15.875084,13.383278,76846.06,11447.473,16.900003,16.900003,43.0,6.23,1.2149944,2
2025-01-03 16:00:00+00:00,2496.0,10.024,3.074,6.0427494,8.226728,0.48488045,3.7528884,38460.67,34487.633,0.6,0.6,6.0,6.198903,26.28,131.12134,12.44,1.8211366,21.917833,17.136166,115306.734,45935.105,17.500004,17.500004,49.0,18.67,3.036131,3
2025-01-04 16:00:00+00:00,2496.0,8.324,4.924,6.2364993,5.665594,2.79848,4.101525,38488.086,31572.578,2.4999995,2.4999995,18.0,9.761578,46.8,241.82852,9.68,1.360744,28.154333,21.23769,153794.81,77507.69,20.000004,20.000004,67.0,28.35,4.396875,4
2025-01-05 16:00:00+00:00,2496.0,9.974,3.224,5.9552493,7.418659,0.84255266,3.6313884,38517.203,35468.598,1.1,1.1,6.0,5.402999,40.68,199.2012,12.43,1.8155874,34.10958,24.869078,192312.02,112976.28,21.100004,21.100004,73.0,40.78,6.2124624,5
2025-01-06 16:00:00+00:00,2496.0,7.374,2.4239998,4.6344166,5.065789,-0.4055724,2.025909,38548.008,32437.908,2.1000001,2.1000001,18.0,8.53815,55.8,186.82521,6.98,1.0277854,38.743996,26.894987,230860.03,145414.19,23.200005,23.200005,91.0,47.76,7.2402477,6
2025-01-07 16:00:00+00:00,2496.0,8.374001,2.6739998,5.0260835,5.713973,0.19660091,2.6243622,38580.812,34781.066,1.3000002,1.3000002,13.0,8.211235,48.6,209.27515,10.07,1.3993759,43.77008,29.51935,269440.84,180195.25,24.500004,24.500004,104.0,57.829998,8.639624,7
2025-01-08 16:00:00+00:00,2496.0,7.624,1.124,3.9948332,4.582052,-1.4205432,1.5055405,38615.73,23816.574,4.1,4.1,15.0,9.109138,51.12,189.11261,7.37,1.0767494,47.764915,31.02489,308056.56,204011.83,28.600004,28.600004,119.0,65.2,9.716373,8
2025-01-09 16:00:00+00:00,2496.0,4.874,1.124,2.5656667,2.8213968,-1.7754712,0.1432225,38652.688,17462.475,6.3999996,6.3999996,24.0,6.5049515,42.12,119.55078,5.55,0.7883901,50.33058,31.168114,346709.25,221474.3,35.000004,35.000004,143.0,70.75,10.504764,9
2025-01-10 16:00:00+00:00,2496.0,3.224,1.024,2.1052501,0.69388723,-1.7329035,-0.44961166,38691.598,26433.605,11.0,11.0,24.0,6.489992,49.68,188.21576,5.78,0.7403299,52.435833,30.718502,385400.84,247907.9,46.000004,46.000004,167.0,76.53,11.245093,10
2025-01-11 16:00:00+00:00,2496.0,5.924,1.324,3.0094166,3.4481258,-1.3265562,0.47261575,38732.4,32396.11,3.1999993,3.1999993,21.0,5.5596404,45.719997,177.67848,7.8,1.1107851,55.44525,31.191118,424133.25,280304.0,49.200005,49.200005,188.0,84.33,12.355879,11
2025-01-12 16:00:00+00:00,2496.0,7.624,0.52400005,4.0719166,5.1712723,-2.7144525,1.4200448,38775.004,35738.36,0.5,0.5,5.0,5.495161,41.760002,148.04776,9.11,1.3228673,59.517166,32.611164,462908.25,316042.38,49.700005,49.700005,193.0,93.44,13.678746,12
2025-01-13 16:00:00+00:00,2496.0,10.924001,1.074,6.126084,9.009183,-1.128078,4.075737,38819.336,35283.805,1.3000001,1.3000001,4.0,6.0721655,46.8,220.18933,13.19,1.9305656,65.64325,36.6869,501727.6,351326.2,51.000004,51.000004,197.0,106.630005,15.609312,13
2025-01-14 16:00:00+00:00,2496.0,6.974,2.124,4.8573337,5.429927,-0.56543875,3.0537775,38865.316,3627.8782,9.500002,9.500002,24.0,6.341009,41.399998,98.619705,3.29,0.5511178,70.50058,39.740677,540592.94,354954.06,60.500008,60.500008,221.0,109.920006,16.160429,14
2025-01-15 16:00:00+00:00,2496.0,6.174,1.9740001,3.444833,3.7656164,-0.47034717,1.0546314,38912.883,31422.92,2.9,2.9,24.0,5.815978,45.0,167.25177,7.2,1.0072356,73.94541,40.795307,579505.8,386376.97,63.40001,63.40001,245.0,117.12,17.167665,15
2025-01-16 16:00:00+00:00,2496.0,7.174,1.574,3.9469156,4.81491,-1.2078295,1.4229168,38961.95,32909.625,2.8999991,2.8999991,18.0,5.3517847,38.519997,150.45506,7.94,1.1784079,77.89233,42.218224,618467.75,419286.6,66.30001,66.30001,263.0,125.060005,18.346073,16
2025-01-17 16:00:00+00:00,2496.0,7.9739995,2.724,4.749,5.371192,0.32176828,2.5490928,39012.44,24060.959,2.6000001,2.6000001,15.0,7.689603,52.199997,221.41783,7.07,1.0368314,82.64133,44.767315,657480.2,443347.56,68.90001,68.90001,278.0,132.13,19.382904,17
2025-01-18 16:00:00+00:00,2496.0,9.774,4.5239997,6.196916,7.6647377,2.5304809,4.242082,39064.285,33832.88,4.5999994,4.5999994,22.0,7.5019197,47.519997,234.51163,9.38,1.3411607,88.83824,49.009396,696544.5,477180.44,73.50001,73.50001,300.0,141.51001,20.724064,18
2025-01-19 16:00:00+00:00,2496.0,9.374001,2.624,5.346916,7.0723352,0.21256018,3.0552099,39117.41,33724.754,2.1000001,2.1000001,16.0,7.44121,46.44,196.62921,8.97,1.3269905,94.18516,52.064606,735661.94,510905.2,75.600006,75.600006,316.0,150.48001,22.051054,19
2025-01-20 16:00:00+00:00,2496.0,8.824,2.6739998,5.582333,6.6430264,0.016314507,3.242449,39171.746,31758.39,0.90000004,0.90000004,8.0,5.2323985,29.519999,153.10703,9.19,1.4045341,99.767494,55.307056,774833.7,542663.56,76.50001,76.50001,324.0,159.67001,23.455587,20
2025-01-21 16:00:00+00:00,2496.0,8.724,3.474,5.6927495,5.964674,1.5439205,3.5495539,39227.215,35807.547,1.1,1.1,10.0,9.0,49.32,222.42514,11.45,1.5772661,105.46024,58.85661,814060.9,578471.1,77.600006,77.600006,334.0,171.12001,25.032854,21
2025-01-22 16:00:00+00:00,2496.0,10.774,3.824,6.907334,8.753214,1.8717079,4.9103684,39283.746,35822.203,0.8000001,0.8000001,8.0,8.626865,57.239998,231.62743,13.62,1.9761456,112.36758,63.76698,853344.6,614293.3,78.40001,78.40001,342.0,184.74,27.008999,22
2025-01-23 16:00:00+00:00,2496.0,12.124001,3.874,7.4219165,10.132723,1.2498727,5.3163433,39341.273,35536.395,1.4000001,1.4000001,11.0,8.604301,51.12,207.39226,14.09,2.1278136,119.78949,69.08332,892685.9,649829.7,79.80001,79.80001,353.0,198.83,29.136812,23
2025-01-24 16:00:00+00:00,2496.0,10.974,3.874,7.1010838,9.024238,1.6430125,5.204966,39399.727,35757.45,1.5000002,1.5000002,10.0,4.613762,38.16,172.28825,12.43,1.8758031,126.89057,74.288284,932085.6,685587.1,81.30001,81.30001,363.0,211.26001,31.012615,24
2025-01-25 16:00:00+00:00,2496.0,9.174001,3.074,5.8990006,6.941718,0.983593,3.8820198,39459.035,33694.402,4.0000005,4.0000005,21.0,6.2613096,39.96,237.887,11.39,1.6385702,132.78957,78.1703,971544.7,719281.5,85.30001,85.30001,384.0,222.65001,32.651184,25
2025-01-26 16:00:00+00:00,2496.0,2.724,-1.3759999,0.8302501,0.64620924,-4.522761,-1.6034188,39519.15,8606.846,17.300001,12.9,24.0,5.506941,40.32,39.625565,3.07,0.462487,133.61981,76.56689,1011063.8,727888.4,102.60001,98.20001,408.0,225.72002,33.11367,26
2025-01-27 16:00:00+00:00,2496.0,5.824,-3.926,0.54691666,3.5459242,-7.5286226,-2.5239747,39580.594,35916.863,1.3000001,1.3000001,12.0,5.5887027,34.92,112.71842,14.46,1.8652817,134.16673,74.042915,1050644.4,763805.25,103.90002,99.500015,420.0,240.18002,34.97895,27
2025-01-28 16:00:00+00:00,2496.0,4.974,-1.576,1.5010834,1.8968701,-4.8421564,-1.4990028,39643.605,35918.85,1.4000002,1.4000002,13.0,5.815978,41.760002,165.96368,10.44,1.3645306,135.66782,72.543915,1090288.0,799724.1,105.30002,100.90002,433.0,250.62003,36.343483,28
2025-01-29 16:00:00+00:00,2496.0,8.824,0.974,4.1302505,6.557598,-1.7696884,1.7740717,39708.098,35252.63,0.4,0.4,4.0,5.020677,37.44,154.82648,11.25,1.6055678,139.79807,74.317986,1129996.1,834976.75,105.70002,101.30002,437.0,261.87003,37.94905,29
2025-01-30 16:00:00+00:00,2496.0,8.574,2.074,5.4865,7.4452534,-0.22304392,3.8820884,39773.977,7584.7085,4.7000003,4.7000003,17.0,3.2846913,43.56,121.11874,4.83,0.8342953,145.28456,78.20007,1169770.1,842561.44,110.40002,106.000015,454.0,266.7,38.783348,30
2025-01-31 16:00:00+00:00,2496.0,11.724,6.624,8.946918,11.247779,5.419388,8.209271,39841.145,26504.426,11.299999,11.299999,23.0,3.536439,49.32,178.6361,7.86,1.3289387,154.23148,86.40935,1209611.2,869065.9,121.70001,117.30002,477.0,274.56,40.112286,31
2025-02-01 16:00:00+00:00,2496.0,10.424001,5.574,8.532333,8.262873,3.624907,6.891348,39909.527,19560.85,4.0,4.0,23.0,8.893166,64.799995,230.17412,6.4,1.0862243,162.76381,93.3007,1249520.8,888626.75,125.70001,121.30002,500.0,280.96,41.19851,32
2025-02-02 16:00:00+00:00,2496.0,6.5239997,2.574,4.7906666,4.806307,0.34648418,2.9482367,39979.03,10721.152,11.599999,11.599999,24.0,5.441838,46.079998,212.77031,4.83,0.74492955,167.55447,96.24893,1289499.8,899347.9,137.30002,132.90002,524.0,285.78998,41.94344,33
2025-02-03 16:00:00+00:00,2496.0,4.324,0.37399995,2.1865003,2.5524135,-2.5005667,-0.24992907,40049.566,12412.848,7.799999,7.799999,24.0,6.3231,35.28,125.676476,5.49,0.8025581,169.74097,95.999,1329549.4,911760.75,145.10002,140.70003,548.0,291.27997,42.746,34
2025-02-04 16:00:00+00:00,2496.0,3.824,0.974,2.3219168,1.0676193,-1.7049513,-0.38478422,40121.06,30094.14,5.9999995,5.9999995,24.0,8.958504,61.56,216.55252,7.12,0.8698856,172.06288,95.61422,1369670.4,941854.9,151.10002,146.70003,572.0,298.39996,43.615883,35
2025-02-05 16:00:00+00:00,2496.0,7.224,2.224,4.607333,4.867463,-0.21964312,2.476908,40193.41,14588.521,4.1,4.1,23.0,7.823272,50.399998,224.99986,5.83,0.85703427,176.67021,98.091125,1409863.8,956443.4,155.20003,150.80003,595.0,304.22995,44.472916,36
2025-02-06 16:00:00+00:00,2496.0,8.824,2.4239998,5.301083,6.6573315,-0.057065964,3.2889884,40266.547,34217.996,1.8000002,1.8000002,13.0,6.9480934,49.32,186.47939,8.31,1.223367,181.9713,101.38011,1450130.2,990661.4,157.00003,152.60004,608.0,312.53995,45.69628,37
2025-02-07 16:00:00+00:00,2496.0,5.124,1.4740001,2.7865,3.281702,-1.3119147,0.46767235,40340.395,10418.574,3.8999996,3.8999996,24.0,6.048107,46.8,135.15657,5.68,0.80540043,184.7578,101.847786,1490470.6,1001079.94,160.90002,156.50003,632.0,318.21994,46.501682,38
2025-02-08 16:00:00+00:00,2496.0,6.324,1.574,3.2385828,4.1566324,-1.0329819,0.71047974,40414.863,23767.092,2.7999995,2.7999995,22.0,6.8777895,48.6,166.82935,7.28,1.0370349,187.99638,102.558266,1530885.5,1024847.0,163.70003,159.30003,654.0,325.49994,47.538715,39
2025-02-09 16:00:00+00:00,2496.0,8.224,2.224,4.832333,5.7079515,-0.3340819,2.5788922,40489.875,36000.0,0.6,0.6,6.0,6.601363,51.48,190.76904,9.71,1.3903376,192.82872,105.13716,1571375.4,1060847.0,164.30003,159.90004,660.0,335.20993,48.929054,40
2025-02-10 16:00:00+00:00,2496.0,12.624001,2.724,7.440666,11.480001,0.6864619,5.8335323,40565.363,36000.0,0.0,0.0,0.0,5.223103,42.839996,175.14699,14.58,2.251087,200.26938,110.970695,1611940.8,1096847.0,164.30003,159.90004,660.0,349.78992,51.18014,41
2025-02-11 16:00:00+00:00,2496.0,11.474,6.724,9.107334,11.543823,5.510604,8.599158,40641.24,0.0,34.7,34.7,23.0,3.438895,38.519997,91.648315,2.22,0.5331474,209.37671,119.569855,1652582.0,1096847.0,199.00003,194.60004,683.0,352.00992,51.713287,42
2025-02-12 16:00:00+00:00,2496.0,9.174001,7.074,8.159417,8.4352665,5.592947,6.982334,40717.438,0.0,47.399998,47.399998,21.0,5.720489,38.519997,122.81376,2.14,0.46113297,217.53613,126.552185,1693299.5,1096847.0,246.40002,242.00003,704.0,354.14993,52.17442,43
2025-02-13 16:00:00+00:00,2496.0,10.724,7.4240003,8.953167,9.965059,6.1554413,7.913648,40793.88,430.36856,1.9000002,1.9000002,11.0,6.6405115,50.76,209.93478,5.05,0.86568093,226.4893,134.46584,1734093.4,1097277.4,248.30002,243.90002,715.0,359.19992,53.0401,44
2025-02-14 16:00:00+00:00,2496.0,14.059,6.509,9.288168,11.486403,4.0906715,6.9022965,40861.03,37019.0,0.0,0.0,0.0,14.8257065,83.159996,230.30872,18.94,2.7884858,235.77747,141.36813,1774954.4,1134296.4,248.30002,243.90002,715.0,378.13992,55.828587,45
2025-02-15 16:00:00+00:00,2496.0,14.409,6.1089997,9.336083,12.778069,3.3347611,6.680094,40938.027,37681.11,0.0,0.0,0.0,14.021525,76.32,242.61916,21.11,3.2711482,245.11356,148.04823,1815892.4,1171977.5,248.30002,243.90002,715.0,399.24994,59.099735,46
2025-02-16 16:00:00+00:00,2496.0,14.159,5.159,8.515249,12.623325,2.0866542,5.8557034,41015.715,37584.64,0.0,0.0,0.0,13.202726,74.159996,255.86816,21.27,3.1783032,253.6288,153.90393,1856908.1,1209562.1,248.30002,243.90002,715.0,420.51993,62.278038,47
2025-02-17 16:00:00+00:00,2496.0,9.659,4.259,6.4444175,6.53071,1.6834898,3.611604,41094.363,35202.11,0.1,0.0,1.0,13.363711,76.67999,263.24527,12.95,1.7905113,260.0732,157.51553,1898002.5,1244764.2,248.40002,243.90002,716.0,433.46994,64.06855,48
2025-02-18 16:00:00+00:00,2496.0,9.809,3.909,6.27775,7.1239567,1.3738151,3.6248062,41173.9,36000.0,0.0,0.0,0.0,12.620554,67.32,265.19107,14.99,2.0257754,266.35095,161.14034,1939176.4,1280764.2,248.40002,243.90002,716.0,448.45993,66.09432,49
2025-02-19 16:00:00+00:00,2496.0,10.009001,3.859,6.429833,7.054204,1.2268043,3.8121462,41254.234,36132.727,0.0,0.0,0.0,11.928989,60.839996,260.98447,14.45,1.9911726,272.7808,164.95248,1980430.6,1316897.0,248.40002,243.90002,716.0,462.90994,68.085495,50
2025-02-20 16:00:00+00:00,2496.0,9.309,4.509,6.3610835,6.5677977,2.1981769,3.8008778,41335.316,33053.52,0.5,0.0,5.0,11.367109,66.24,261.65482,10.57,1.469622,279.14188,168.75336,2021766.0,1349950.5,248.90002,243.90002,721.0,473.47995,69.555115,51
2025-02-21 16:00:00+00:00,2496.0,10.659,4.059,6.856916,7.594941,1.4230356,4.2559524,41417.047,36279.95,0.0,0.0,0.0,13.627795,74.520004,251.7605,15.92,2.1725454,285.99878,173.00931,2063183.0,1386230.5,248.90002,243.90002,721.0,489.39996,71.72766,52
2025-02-22 16:00:00+00:00,2496.0,7.309,5.3589997,6.0881667,5.0331345,3.0317807,3.830923,41499.37,0.0,2.3999999,2.0,11.0,9.47012,59.399998,262.50427,3.23,0.5897236,292.08694,176.84023,2104682.2,1386230.5,251.30002,245.90002,732.0,492.62997,72.31738,53
2025-02-23 16:00:00+00:00,2496.0,9.259001,3.959,6.294417,6.0800686,1.2002993,3.668258,41582.22,37976.79,0.0,0.0,0.0,13.324863,68.4,259.52332,14.93,1.9479164,298.38135,180.50848,2146264.5,1424207.2,251.30002,245.90002,732.0,507.55997,74.2653,54
2025-02-24 16:00:00+00:00,2496.0,11.809,3.059,6.867334,10.756416,0.18332672,4.5152764,41665.504,38981.145,0.0,0.0,0.0,10.182337,50.399998,253.72366,19.48,2.6947138,305.2487,185.02376,2187930.0,1463188.4,251.30002,245.90002,732.0,527.04,76.960014,55
2025-02-25 16:00:00+00:00,2496.0,9.459001,5.059,7.1548343,7.4605,1.9755769,4.9989276,41749.17,4709.1245,2.1,2.1,9.0,6.924738,50.039997,259.42416,8.49,1.3383684,312.40353,190.02269,2229679.2,1467897.5,253.40002,248.00003,741.0,535.52997,78.298386,56
2025-02-26 16:00:00+00:00,2496.0,10.609,6.309,8.088166,8.519078,4.4544134,6.348804,41833.15,33750.668,0.0,0.0,0.0,9.746631,55.079998,244.67264,10.88,1.5977429,320.4917,196.37149,2271512.5,1501648.1,253.40002,248.00003,741.0,546.41,79.896126,57
2025-02-27 16:00:00+00:00,2496.0,16.904001,6.509,10.787125,16.46508,4.658393,9.362608,41917.367,34472.758,0.9000001,0.0,6.0,6.151683,43.92,212.85571,20.2,3.3616142,331.2788,205.7341,2313429.8,1536120.9,254.30002,248.00003,747.0,566.61,83.25774,58
2025-02-28 16:00:00+00:00,2496.0,16.454,7.054,10.614417,14.261545,4.398794,8.360181,42001.758,38674.652,0.0,0.0,0.0,12.979984,21.96,227.16109,18.07,3.0415404,341.89322,214.09428,2355431.5,1574795.5,254.30002,248.00003,747.0,584.68,86.29928,59
2025-03-01 16:00:00+00:00,2496.0,15.204,6.654,9.912333,14.579279,3.8061247,7.7439613,42086.26,39423.543,2.4000003,0.0,12.0,13.684735,20.880001,240.11829,22.13,3.256538,351.80554,221.83824,2397517.8,1614219.0,256.7,248.00003,759.0,606.81,89.55582,60
2025-03-02 16:00:00+00:00,2496.0,13.754,6.404,9.468583,13.986477,4.012395,7.7293053,42170.805,39510.57,2.1,0.0,12.0,13.0447235,16.56,241.36276,23.64,3.2415469,361.27414,229.56755,2439688.5,1653729.6,258.80002,248.00003,771.0,630.45,92.79736,61
2025-03-03 16:00:00+00:00,2496.0,16.054,5.754,10.070666,15.025921,3.3915343,7.8086777,42255.324,39597.457,0.0,0.0,0.0,11.298495,15.119999,245.40424,21.98,3.4654746,371.34482,237.37622,2481943.8,1693327.1,258.80002,248.00003,771.0,652.43,96.26284,62
2025-03-04 16:00:00+00:00,2496.0,8.704,6.704,7.9060836,6.5674334,4.430912,5.7183194,42339.758,0.0,3.3,3.3,15.0,13.104198,19.8,242.48651,1.58,0.37837875,379.25092,243.09454,2524283.5,1693327.1,262.1,251.30003,786.0,654.01,96.64122,63
2025-03-05 16:00:00+00:00,2496.0,7.6039996,2.004,5.4081664,4.399729,-1.2353263,2.5004911,42424.035,27141.625,0.0,0.0,0.0,14.332341,16.919998,251.6636,8.29,1.0560626,384.6591,245.59503,2566707.5,1720468.8,262.1,251.30003,786.0,662.3,97.69728,64
2025-03-06 16:00:00+00:00,2496.0,9.954,0.604,4.66025,8.589441,-2.2967584,1.9670292,42508.098,39856.523,0.0,0.0,0.0,10.966713,16.199999,237.81488,22.13,2.8581882,389.31934,247.56206,2609215.5,1760325.2,262.1,251.30003,786.0,684.43,100.555466,65
2025-03-07 16:00:00+00:00,2496.0,11.403999,-0.396,4.9810834,10.59918,-3.619215,2.4714015,42591.895,39942.13,0.0,0.0,0.0,8.854829,11.5199995,221.26039,21.85,3.0316138,394.3004,250.03346,2651807.5,1800267.4,262.1,251.30003,786.0,706.27997,103.58708,66
