date,elevation,temperature_2m_max,temperature_2m_min,temperature_2m_mean,apparent_temperature_max,apparent_temperature_min,apparent_temperature_mean,daylight_duration,sunshine_duration,precipitation_sum,rain_sum,precipitation_hours,wind_speed_10m_max,wind_gusts_10m_max,wind_direction_10m_dominant,shortwave_radiation_sum,et0_fao_evapotranspiration,cumulative_temperature_2m_mean,cumulative_apparent_temperature_mean,cumulative_daylight_duration,cumulative_sunshine_duration,cumulative_precipitation_sum,cumulative_rain_sum,cumulative_precipitation_hours,cumulative_shortwave_radiation_sum,cumulative_et0_fao_evapotranspiration,day
2025-01-01 16:00:00+00:00,178.0,17.5885,15.3885,16.884333,19.013563,16.40229,18.249525,38556.65,0.0,20.999998,20.999998,24.0,8.217153,20.16,56.288685,1.66,0.42010555,16.884333,18.249525,38556.65,0.0,20.999998,20.999998,24.0,1.66,0.42010555,1
2025-01-02 16:00:00+00:00,178.0,17.1385,14.5385,15.996835,18.462109,14.01528,16.331606,38579.875,0.0,22.1,22.1,24.0,12.492829,30.960001,53.770325,3.05,0.59383965,32.88117,34.58113,77136.52,0.0,43.1,43.1,48.0,4.71,1.0139452,2
2025-01-03 16:00:00+00:00,178.0,17.4885,13.938499,15.365584,16.843643,13.17646,15.031995,38604.81,33968.22,4.4,4.4,16.0,9.668195,29.519999,49.64488,11.39,1.874803,48.246754,49.613125,115741.33,33968.22,47.5,47.5,64.0,16.1,2.8887482,3
2025-01-04 16:00:00+00:00,178.0,19.6885,14.5885,17.067667,21.21347,15.133802,18.161264,38631.426,33204.773,10.000001,10.000001,24.0,7.388775,19.44,73.90911,11.52,1.9038917,65.31442,67.77439,154372.75,67172.99,57.5,57.5,88.0,27.62,4.7926397,4
2025-01-05 16:00:00+00:00,178.0,16.5885,13.438499,15.469752,16.996374,12.666325,15.379376,38659.7,15887.967,6.999999,6.999999,18.0,12.739371,31.68,62.768826,5.95,1.0918113,80.78417,83.15377,193032.45,83060.96,64.5,64.5,106.0,33.57,5.884451,5
2025-01-06 16:00:00+00:00,178.0,15.4885,12.8385,13.826001,14.467072,11.963369,13.082316,38689.613,14381.066,12.799999,12.799999,23.0,10.8029995,27.72,69.02568,5.66,1.0551842,94.610176,96.236084,231722.06,97442.03,77.3,77.3,129.0,39.23,6.9396353,6
2025-01-07 16:00:00+00:00,178.0,15.988501,13.1385,14.70725,16.61699,12.779289,14.973275,38721.47,11787.714,34.4,34.4,24.0,8.260411,21.24,59.277996,4.99,0.83046114,109.31743,111.20936,270443.53,109229.74,111.700005,111.700005,153.0,44.22,7.7700963,7
2025-01-08 16:00:00+00:00,178.0,15.2385,12.688499,14.309333,15.674923,11.670701,14.003643,38755.38,11374.766,24.900002,24.900002,24.0,12.879752,35.28,53.095463,3.61,0.6082262,123.62676,125.213,309198.9,120604.51,136.6,136.6,177.0,47.83,8.378323,8
2025-01-09 16:00:00+00:00,178.0,13.1385,11.5885,12.461417,11.615231,9.971558,11.00855,38791.266,0.0,13.200001,13.200001,24.0,12.886039,33.839996,55.01711,3.8,0.7389925,136.08818,136.22154,347990.2,120604.51,149.8,149.8,201.0,51.63,9.117315,9
2025-01-10 16:00:00+00:00,178.0,13.0385,11.3885,12.11975,11.849358,9.7667885,10.951169,38829.05,0.0,28.800001,28.800001,24.0,10.837435,30.239998,55.39087,2.77,0.58923316,148.20793,147.17271,386819.25,120604.51,178.6,178.6,225.0,54.4,9.706549,10
2025-01-11 16:00:00+00:00,178.0,13.188499,12.188499,12.630166,12.0313015,10.705544,11.578864,38868.67,0.0,23.1,23.1,22.0,10.931203,28.08,61.5554,1.94,0.5428138,160.8381,158.75157,425687.94,120604.51,201.70001,201.70001,247.0,56.34,10.249363,11
2025-01-12 16:00:00+00:00,178.0,15.588499,11.3385,13.021832,14.22974,10.010584,11.9258995,38910.047,33637.527,4.6999993,4.6999993,18.0,9.779817,25.199999,76.99611,9.52,1.5376385,173.85994,170.67747,464598.0,154242.03,206.40001,206.40001,265.0,65.86,11.787002,12
2025-01-13 16:00:00+00:00,178.0,18.6885,12.938499,16.107252,19.109892,12.494936,16.393824,38953.105,35863.82,0.90000004,0.90000004,4.0,7.7879906,25.56,108.82479,14.01,2.2212353,189.9672,187.0713,503551.1,190105.84,207.3,207.3,269.0,79.87,14.008237,13
2025-01-14 16:00:00+00:00,178.0,16.6885,12.7885,15.319752,17.679276,11.474119,15.465518,38997.766,0.0,28.799997,28.799997,24.0,13.830749,35.64,53.187202,2.43,0.50878793,205.28694,202.53682,542548.9,190105.84,236.1,236.1,293.0,82.3,14.517025,14
2025-01-15 16:00:00+00:00,178.0,13.8885,11.6385,12.657252,12.363024,10.171863,11.279746,39043.953,7405.52,9.6,9.6,23.0,11.844492,31.319998,64.706795,5.18,0.97654223,217.9442,213.81656,581592.8,197511.36,245.70001,245.70001,316.0,87.48,15.493567,15
2025-01-16 16:00:00+00:00,178.0,13.5385,11.7885,12.705167,12.083775,10.737672,11.503616,39091.61,495.31406,9.0,9.0,21.0,11.307095,30.239998,63.560635,4.07,0.8411697,230.64937,225.32018,620684.44,198006.67,254.70001,254.70001,337.0,91.55,16.334738,16
2025-01-17 16:00:00+00:00,178.0,16.4385,11.7885,14.0947485,16.094833,10.846071,13.869434,39140.645,21475.887,7.4999995,7.4999995,23.0,8.951267,23.759998,73.649765,7.16,1.2510309,244.74411,239.1896,659825.06,219482.56,262.2,262.2,360.0,98.71001,17.58577,17
2025-01-18 16:00:00+00:00,178.0,17.5885,14.7385,15.809333,18.927126,15.554224,16.68958,39191.0,10761.057,61.399998,61.399998,24.0,8.863972,22.68,73.17008,4.99,0.854238,260.55344,255.87918,699016.06,230243.62,323.6,323.6,384.0,103.700005,18.440008,18
2025-01-19 16:00:00+00:00,178.0,17.3885,14.1385,15.342666,16.83966,14.000555,15.1081085,39242.6,23780.746,9.3,9.3,20.0,10.9859,28.08,70.518715,7.89,1.4491345,275.8961,270.9873,738258.7,254024.38,332.9,332.9,404.0,111.590004,19.889143,19
2025-01-20 16:00:00+00:00,178.0,16.5385,13.9885,15.151,16.286385,13.556448,14.855418,39295.37,26086.707,3.9,3.9,21.0,8.581677,21.96,64.64398,7.17,1.3145099,291.0471,285.8427,777554.06,280111.1,336.8,336.8,425.0,118.76,21.203653,20
2025-01-21 16:00:00+00:00,178.0,18.0385,14.2885,16.00308,19.421139,14.136574,16.767736,39349.25,19139.658,41.4,41.4,20.0,5.2323985,15.4800005,40.60123,6.6,1.1540092,307.05017,302.61044,816903.3,299250.75,378.19998,378.19998,445.0,125.36,22.357662,21
2025-01-22 16:00:00+00:00,178.0,19.9385,14.9885,17.71975,22.111708,15.909702,19.422188,39404.16,31491.246,74.399994,74.399994,24.0,8.281956,25.56,85.74122,10.83,1.7458766,324.76993,322.03262,856307.5,330742.0,452.59998,452.59998,469.0,136.19,24.103539,22
2025-01-23 16:00:00+00:00,178.0,19.7885,15.5385,17.303083,21.30963,16.348255,18.35576,39460.043,30744.822,10.4,10.4,22.0,9.346143,23.759998,63.024437,11.56,1.8927059,342.073,340.3884,895767.56,361486.8,462.99997,462.99997,491.0,147.75,25.996244,23
2025-01-24 16:00:00+00:00,178.0,18.9885,15.4885,16.926,19.725271,16.316051,17.787737,39516.82,26036.537,16.4,16.4,21.0,10.874741,28.08,57.1817,7.88,1.3623434,358.999,358.17615,935284.4,387523.34,479.39996,479.39996,512.0,155.63,27.358587,24
2025-01-25 16:00:00+00:00,178.0,16.4385,14.7885,15.567666,17.12004,14.803125,16.075361,39574.43,11656.83,39.8,39.8,24.0,9.437563,24.48,61.72326,4.89,0.84362,374.56665,374.2515,974858.8,399180.2,519.19995,519.19995,536.0,160.52,28.202208,25
2025-01-26 16:00:00+00:00,178.0,14.6385,11.2385,12.805165,14.630461,9.846209,11.889129,39632.82,0.0,48.4,48.4,24.0,12.303366,31.68,66.32056,2.26,0.47601256,387.37183,386.14062,1014491.6,399180.2,567.6,567.6,560.0,162.78,28.67822,26
2025-01-27 16:00:00+00:00,178.0,14.2385,10.938499,12.040584,12.5424595,9.072811,10.313003,39692.516,19264.09,7.9999995,7.9999995,21.0,11.177405,33.12,63.678333,7.08,1.2782284,399.4124,396.4536,1054184.1,418444.28,575.6,575.6,581.0,169.86,29.95645,27
2025-01-28 16:00:00+00:00,178.0,13.188499,10.8385,11.880168,11.567006,9.2081585,10.270627,39753.727,9268.094,10.3,10.3,24.0,10.98,30.599998,70.18578,5.49,1.0263014,411.29257,406.72424,1093937.9,427712.38,585.89996,585.89996,605.0,175.35,30.98275,28
2025-01-29 16:00:00+00:00,178.0,16.3385,11.7385,14.161416,15.818615,10.61507,13.565703,39816.38,19056.98,3.0999994,3.0999994,15.0,7.689603,19.8,75.96373,7.32,1.313697,425.45398,420.28995,1133754.2,446769.34,588.99994,588.99994,620.0,182.67001,32.296448,29
2025-01-30 16:00:00+00:00,178.0,18.1885,13.688499,16.234335,20.115334,13.638355,17.327736,39880.38,5309.7896,25.0,25.0,24.0,5.2416787,12.959999,29.458296,3.63,0.74335974,441.68832,437.61768,1173634.6,452079.12,613.99994,613.99994,644.0,186.30002,33.039806,30
2025-01-31 16:00:00+00:00,178.0,19.5885,16.0885,17.996832,21.800434,17.125572,19.862911,39945.637,3000.5657,49.900005,49.900005,24.0,6.1858225,17.28,122.960884,4.5,0.8784379,459.68515,457.4806,1213580.2,455079.7,663.89996,663.89996,668.0,190.80002,33.918243,31
2025-02-01 16:00:00+00:00,178.0,17.8385,15.5385,16.705168,18.47169,16.352488,17.589561,40012.074,0.0,35.8,35.8,24.0,10.564941,28.44,70.63407,4.06,0.77233505,476.39032,475.07016,1253592.4,455079.7,699.69995,699.69995,692.0,194.86002,34.69058,32
2025-02-02 16:00:00+00:00,178.0,15.838499,13.0885,14.865582,16.233782,12.250578,14.936851,40079.594,0.0,55.4,55.4,24.0,12.71901,32.399998,62.00249,3.09,0.5848463,491.2559,490.00702,1293672.0,455079.7,755.1,755.1,716.0,197.95001,35.275425,33
2025-02-03 16:00:00+00:00,178.0,13.2885,11.0885,12.115584,11.904438,9.471106,10.566298,40148.13,1789.7657,19.099998,19.099998,21.0,12.791403,34.2,62.2585,4.31,0.89313954,503.37146,500.5733,1333820.1,456869.47,774.19995,774.19995,737.0,202.26001,36.168564,34
2025-02-04 16:00:00+00:00,178.0,13.3385,10.8885,12.115582,12.357082,9.018341,10.878792,40217.586,12262.069,13.5,13.5,22.0,9.422101,24.119999,81.49817,4.58,0.9322826,515.48706,511.4521,1374037.8,469131.53,787.69995,787.69995,759.0,206.84001,37.100845,35
2025-02-05 16:00:00+00:00,178.0,15.988501,12.1385,14.284331,16.75915,11.826202,14.663684,40287.887,0.0,44.499996,44.499996,24.0,7.2022495,17.64,76.06336,3.05,0.60659796,529.77136,526.1158,1414325.6,469131.53,832.19995,832.19995,783.0,209.89001,37.707443,36
2025-02-06 16:00:00+00:00,178.0,15.8885,11.3385,14.303084,16.104351,9.717194,13.833066,40358.953,8004.7075,12.099998,12.099998,23.0,14.49531,37.079998,52.301098,4.46,0.8245642,544.07446,539.94885,1454684.6,477136.25,844.2999,844.2999,806.0,214.35002,38.53201,37
2025-02-07 16:00:00+00:00,178.0,11.3885,9.7385,10.603084,9.518337,7.5233154,8.428586,40430.703,5444.836,6.6,6.6,22.0,14.087229,38.16,60.16151,5.13,0.87958705,554.67755,548.37744,1495115.4,482581.1,850.8999,850.8999,828.0,219.48003,39.411594,38
2025-02-08 16:00:00+00:00,178.0,12.5885,9.7885,11.123917,11.021067,7.9012804,9.438855,40503.062,1321.8104,8.7,8.7,22.0,12.413476,30.960001,61.858498,3.81,0.75463724,565.80145,557.8163,1535618.5,483902.9,859.5999,859.5999,850.0,223.29002,40.166233,39
2025-02-09 16:00:00+00:00,178.0,16.0885,11.188499,13.592667,15.313194,9.926197,12.907761,40575.957,25506.668,5.2999997,5.2999997,21.0,9.0645685,24.84,74.861984,8.52,1.4167557,579.3941,570.72406,1576194.5,509409.56,864.8999,864.8999,871.0,231.81003,41.58299,40
2025-02-10 16:00:00+00:00,178.0,18.6885,13.688499,16.436419,19.349,13.811731,17.18654,40649.31,32187.652,1.8000001,1.8000001,12.0,7.1684303,23.039999,103.317604,10.83,1.7983004,595.8305,587.9106,1616843.8,541597.2,866.6999,866.6999,883.0,242.64003,43.38129,41
2025-02-11 16:00:00+00:00,178.0,19.3385,16.2385,18.319754,21.946905,17.088196,20.30498,40723.04,0.0,54.899998,54.899998,24.0,6.6818557,16.919998,159.85672,1.71,0.4570321,614.15027,608.2156,1657566.8,541597.2,921.5999,921.5999,907.0,244.35004,43.83832,42
2025-02-12 16:00:00+00:00,178.0,18.9885,13.7385,15.417667,20.880632,13.611923,15.706853,40797.086,0.0,57.100002,57.100002,24.0,11.966954,30.960001,50.940617,2.5,0.5241717,629.56793,623.9224,1698363.9,541597.2,978.6999,978.6999,931.0,246.85004,44.36249,43
2025-02-13 16:00:00+00:00,178.0,17.2385,13.8885,15.621831,18.154175,14.165731,16.363363,40871.367,1766.7817,5.8,5.8,21.0,6.6624317,18.72,74.267944,4.59,0.86596614,645.18976,640.28577,1739235.2,543364.0,984.4999,984.4999,952.0,251.44003,45.22846,44
2025-02-14 16:00:00+00:00,178.0,21.6385,16.2385,18.880167,24.28119,17.293846,20.974215,40945.82,26690.197,0.8000001,0.8000001,7.0,7.9932976,20.880001,56.76431,13.52,2.2977464,664.06995,661.26,1780181.1,570054.2,985.29987,985.29987,959.0,264.96002,47.526203,45
2025-02-15 16:00:00+00:00,178.0,20.5885,16.0885,18.351002,21.90556,16.978642,19.48919,41020.383,28433.713,5.1,5.1,12.0,10.957847,25.56,54.54335,10.95,1.8783915,682.42096,680.7492,1821201.5,598487.9,990.39984,990.39984,971.0,275.91003,49.404594,46
2025-02-16 16:00:00+00:00,178.0,19.0245,16.224499,17.380749,17.407618,14.407963,15.693184,41089.73,30000.217,0.0,0.0,0.0,19.272614,36.36,46.47541,14.58,3.158758,699.8017,696.4424,1862291.2,628488.06,990.39984,990.39984,971.0,290.49002,52.56335,47
2025-02-17 16:00:00+00:00,178.0,17.374498,15.9745,16.753662,16.481182,13.921471,15.653881,41166.074,1164.7651,1.0,0.2,7.0,21.67487,39.6,41.874798,2.83,1.1600294,716.55536,712.09625,1903457.4,629652.8,991.39984,990.59985,978.0,293.32,53.72338,48
2025-02-18 16:00:00+00:00,178.0,17.7745,15.5745,16.757833,18.736237,14.842642,16.531076,41243.285,2924.7832,0.1,0.0,1.0,13.551501,24.119999,42.419563,3.51,1.0495855,733.3132,728.6273,1944700.6,632577.6,991.4998,990.59985,979.0,296.83002,54.77297,49
2025-02-19 16:00:00+00:00,178.0,19.8245,16.9245,18.09325,20.66001,18.285707,19.412563,41321.28,11285.779,0.0,0.0,0.0,9.085988,17.64,167.11484,6.14,1.2305813,751.40643,748.03986,1986021.9,643863.4,991.4998,990.59985,979.0,302.97003,56.003548,50
2025-02-20 16:00:00+00:00,178.0,17.9245,16.5745,17.376581,20.161737,14.408688,17.01974,41399.984,0.0,1.2,0.1,7.0,23.441502,39.239998,42.461403,2.42,1.0447855,768.783,765.0596,2027421.9,643863.4,992.6998,990.6998,986.0,305.39005,57.048332,51
2025-02-21 16:00:00+00:00,178.0,17.6745,16.2745,17.045332,18.685675,15.396488,17.17871,41479.34,0.0,0.0,0.0,0.0,13.493999,23.4,26.610352,2.82,0.8370766,785.82837,782.2383,2068901.2,643863.4,992.6998,990.6998,986.0,308.21005,57.88541,52
2025-02-22 16:00:00+00:00,178.0,17.7745,16.0745,17.178667,18.223572,13.896269,16.180277,41559.26,0.0,0.1,0.0,1.0,22.608458,38.88,38.99702,2.49,1.1540805,803.007,798.4186,2110460.5,643863.4,992.7998,990.6998,987.0,310.70004,59.03949,53
2025-02-23 16:00:00+00:00,178.0,15.7245,13.8745,14.545334,13.690615,11.233705,12.238589,41639.688,0.0,2.8000002,0.0,15.0,22.45315,38.519997,39.41092,1.55,1.1074146,817.55237,810.65717,2152100.2,643863.4,995.5998,990.6998,1002.0,312.25003,60.146904,54
2025-02-24 16:00:00+00:00,178.0,17.5745,13.9745,15.901584,17.753046,12.30106,15.752431,41720.555,15050.012,0.1,0.0,1.0,12.738099,25.199999,76.41403,7.29,1.4460135,833.454,826.4096,2193820.8,658913.4,995.69977,990.6998,1003.0,319.54004,61.59292,55
2025-02-25 16:00:00+00:00,178.0,20.6745,14.9245,17.520334,21.742046,15.199287,18.392397,41801.785,27836.848,0.0,0.0,0.0,7.771331,14.04,325.875,12.07,2.1488357,850.9743,844.802,2235622.5,686750.25,995.69977,990.6998,1003.0,331.61005,63.741753,56
2025-02-26 16:00:00+00:00,178.0,21.4245,16.624498,18.916166,22.917807,17.688517,20.337635,41883.32,18802.39,0.0,0.0,0.0,10.182337,18.359999,255.69963,7.82,1.5526656,869.89044,865.13965,2277505.8,705552.6,995.69977,990.6998,1003.0,339.43005,65.29442,57
2025-02-27 16:00:00+00:00,178.0,23.6745,16.4245,20.084917,26.204643,17.613106,22.057493,41965.09,36426.164,0.0,0.0,0.0,12.904882,24.119999,193.96785,15.89,2.8283415,889.97534,887.19714,2319470.8,741978.8,995.69977,990.6998,1003.0,355.32007,68.12276,58
2025-02-28 16:00:00+00:00,178.0,22.9245,18.7745,20.730751,25.1991,21.10639,23.2398,42047.03,26015.252,0.0,0.0,0.0,10.805998,21.24,194.7924,12.33,2.235533,910.7061,910.43695,2361517.8,767994.06,995.69977,990.6998,1003.0,367.65005,70.35829,59
2025-03-01 16:00:00+00:00,178.0,26.3095,19.624498,22.129707,29.642612,22.277811,25.180182,42129.08,34500.633,0.0,0.0,0.0,10.44,8.64,163.84929,19.67,3.626213,932.8358,935.6171,2403646.8,802494.7,995.69977,990.6998,1003.0,387.32007,73.984505,60
2025-03-02 16:00:00+00:00,178.0,26.5595,19.859499,22.667831,30.15284,21.753963,25.625877,42211.16,39550.793,0.0,0.0,0.0,10.233123,10.08,159.75334,20.61,3.7867591,955.50366,961.243,2445858.0,842045.5,995.69977,990.6998,1003.0,407.93005,77.77126,61
2025-03-03 16:00:00+00:00,178.0,26.2095,19.4595,22.403252,29.89743,21.522429,25.142769,42293.23,39635.805,0.0,0.0,0.0,11.090103,12.599999,171.22217,21.97,3.9462762,977.9069,986.38574,2488151.2,881681.3,995.69977,990.6998,1003.0,429.90005,81.71754,62
2025-03-04 16:00:00+00:00,178.0,25.0095,16.2095,19.838665,27.757809,17.058573,21.460646,42375.21,32229.084,0.3,0.3,3.0,11.090103,12.959999,45.79933,13.44,2.4692414,997.7456,1007.8464,2530526.5,913910.4,995.99976,990.9998,1006.0,443.34006,84.186775,63
2025-03-05 16:00:00+00:00,178.0,15.959499,10.9095,13.153249,16.71046,9.898109,12.677048,42457.05,0.0,4.7999997,4.7999997,9.0,10.195057,12.599999,33.815533,1.41,0.40842193,1010.89886,1020.52344,2572983.5,913910.4,1000.79974,995.7998,1015.0,444.75006,84.5952,64
2025-03-06 16:00:00+00:00,178.0,12.1595,10.3095,11.16575,10.91796,9.170915,10.042317,42538.676,12630.401,0.0,0.0,0.0,8.217153,12.24,5.829257,5.49,0.9314192,1022.06464,1030.5658,2615522.2,926540.75,1000.79974,995.7998,1015.0,450.24005,85.52662,65
2025-03-07 16:00:00+00:00,178.0,14.6595,11.1595,12.569917,13.606119,10.351903,11.936423,42620.043,12562.764,0.6,0.6,6.0,9.021574,10.440001,0.9992205,5.93,1.0821996,1034.6345,1042.5022,2658142.2,939103.5,1001.3997,996.3998,1021.0,456.17004,86.60882,66
2025-03-08 16:00:00+00:00,178.0,15.0095,11.0095,12.947,14.538887,10.678537,12.700828,42701.668,33343.664,0.9000001,0.9000001,6.0,10.464797,12.24,33.07406,8.9,1.3235893,1047.5815,1055.203,2700844.0,972447.2,1002.29974,997.2998,1027.0,465.07004,87.9324,67
2025-03-09 16:00:00+00:00,178.0,20.859499,10.5595,,22.42138,8.654268,,42783.805,,,,0.0,10.308831,6.4799995,,,,,,2743627.8,,,,1027.0,,,68
