date,elevation,temperature_2m_max,temperature_2m_min,temperature_2m_mean,apparent_temperature_max,apparent_temperature_min,apparent_temperature_mean,daylight_duration,sunshine_duration,precipitation_sum,rain_sum,precipitation_hours,wind_speed_10m_max,wind_gusts_10m_max,wind_direction_10m_dominant,shortwave_radiation_sum,et0_fao_evapotranspiration,cumulative_temperature_2m_mean,cumulative_apparent_temperature_mean,cumulative_daylight_duration,cumulative_sunshine_duration,cumulative_precipitation_sum,cumulative_rain_sum,cumulative_precipitation_hours,cumulative_shortwave_radiation_sum,cumulative_et0_fao_evapotranspiration,day
2025-01-01 16:00:00+00:00,970.0,15.159,13.509,14.50275,15.370493,14.277187,14.908996,38604.855,398.4723,10.8,10.8,24.0,9.354806,21.24,36.038403,2.53,0.5221697,14.50275,14.908996,38604.855,398.4723,10.8,10.8,24.0,2.53,0.5221697,1
2025-01-02 16:00:00+00:00,970.0,15.009,10.909,13.190249,14.416065,9.399064,12.530495,38627.855,2197.5198,12.799999,12.799999,24.0,12.097553,30.960001,38.767147,3.11,0.6268337,27.693,27.439491,77232.71,2595.9922,23.599998,23.599998,48.0,5.64,1.1490034,2
2025-01-03 16:00:00+00:00,970.0,15.009,10.709,12.375668,13.908503,9.124418,11.1731415,38652.547,35758.582,3.2000003,3.2000003,19.0,10.8015,34.2,36.58008,11.88,1.7502599,40.06867,38.612633,115885.26,38354.574,26.8,26.8,67.0,17.52,2.8992634,3
2025-01-04 16:00:00+00:00,970.0,16.258999,11.509,13.575667,16.436716,11.02449,13.701835,38678.895,35598.984,4.2000003,4.2000003,21.0,7.001514,24.119999,95.19456,11.23,1.7773927,53.644337,52.31447,154564.16,73953.56,31.0,31.0,88.0,28.75,4.6766562,4
2025-01-05 16:00:00+00:00,970.0,14.309,10.309,12.381915,12.969683,8.651607,11.518121,38706.89,31584.342,5.899999,5.899999,24.0,11.770403,32.760002,45.29861,8.62,1.3380836,66.02625,63.83259,193271.05,105537.91,36.899998,36.899998,112.0,37.37,6.01474,5
2025-01-06 16:00:00+00:00,970.0,13.909,9.059,11.046498,12.702417,7.8670597,9.676779,38736.51,23806.238,5.8999996,5.8999996,21.0,9.979859,24.48,49.033234,8.08,1.2706121,77.072754,73.50937,232007.56,129344.14,42.799995,42.799995,133.0,45.449997,7.285352,6
2025-01-07 16:00:00+00:00,970.0,14.359,9.059,11.396501,13.641462,7.9054804,10.728629,38768.055,34988.574,12.3,12.3,24.0,8.656858,29.88,30.739761,9.93,1.4651476,88.46925,84.238,270775.62,164332.72,55.099995,55.099995,157.0,55.379997,8.7505,7
2025-01-08 16:00:00+00:00,970.0,12.559,8.809,10.825667,11.138197,6.9918413,9.542014,38801.625,25329.809,13.1,13.1,24.0,12.232057,31.319998,35.122257,6.77,0.96895295,99.29492,93.780014,309577.25,189662.53,68.2,68.2,181.0,62.149998,9.719453,8
2025-01-09 16:00:00+00:00,970.0,10.909,7.609,9.104833,8.767029,5.2040167,6.9378533,38837.16,5225.3735,14.599999,14.599999,24.0,13.032298,33.12,43.62524,4.32,0.7241495,108.39976,100.717865,348414.4,194887.9,82.799995,82.799995,205.0,66.47,10.443603,9
2025-01-10 16:00:00+00:00,970.0,10.809,7.559,8.694415,9.312167,5.254733,7.0094705,38874.58,8896.229,18.4,18.4,24.0,9.734987,24.84,40.98853,4.89,0.7279131,117.09417,107.72733,387289.0,203784.14,101.2,101.2,229.0,71.36,11.171515,10
2025-01-11 16:00:00+00:00,970.0,11.159,7.909,9.10275,9.157608,6.047139,7.2939897,38913.81,32077.488,11.4,11.4,24.0,11.043261,30.239998,41.739986,7.98,1.1147246,126.19692,115.021324,426202.8,235861.62,112.6,112.6,253.0,79.340004,12.28624,11
2025-01-12 16:00:00+00:00,970.0,13.359,7.559,9.792333,11.620425,5.733158,8.069748,38954.777,35839.46,2.0,2.0,13.0,10.4166975,29.88,40.663044,13.84,1.9252499,135.98926,123.09107,465157.6,271701.1,114.6,114.6,266.0,93.18001,14.21149,12
2025-01-13 16:00:00+00:00,970.0,17.059,7.709,12.31525,17.052883,5.977539,11.641174,38997.406,35840.715,1.4000001,1.4000001,8.0,8.557102,25.56,52.023926,15.79,2.4306061,148.3045,134.73224,504155.0,307541.8,116.0,116.0,274.0,108.97001,16.642096,13
2025-01-14 16:00:00+00:00,970.0,13.359,9.409,12.213166,13.599232,7.457036,11.630656,39041.625,0.0,22.5,22.5,24.0,12.124306,31.319998,36.244785,1.95,0.40984935,160.51767,146.3629,543196.6,307541.8,138.5,138.5,298.0,110.920006,17.051945,14
2025-01-15 16:00:00+00:00,970.0,11.859,7.759,9.648582,10.208834,6.1858215,7.794672,39087.367,15298.001,8.6,8.6,23.0,10.495713,26.28,48.945316,7.0,1.078915,170.16626,154.15758,582284.0,322839.8,147.1,147.1,321.0,117.920006,18.13086,15
2025-01-16 16:00:00+00:00,970.0,11.659,7.809,9.375668,9.603871,6.11878,7.4775844,39134.55,27325.102,5.2999997,5.2999997,24.0,10.897063,30.599998,41.91653,8.34,1.2282938,179.54193,161.63516,621418.56,350164.9,152.40001,152.40001,345.0,126.26001,19.359154,16
2025-01-17 16:00:00+00:00,970.0,13.609,8.209,10.886083,12.667042,6.2935753,9.841388,39183.11,25059.215,6.1,6.1,15.0,7.5685663,23.039999,36.33747,8.04,1.2962078,190.42801,171.47655,660601.7,375224.12,158.50002,158.50002,360.0,134.3,20.655361,17
2025-01-18 16:00:00+00:00,970.0,15.209,11.509,12.823585,15.553644,11.0349,12.846382,39232.973,32604.91,21.200003,21.200003,24.0,8.085988,29.88,57.09477,8.58,1.3168192,203.25159,184.32294,699834.7,407829.03,179.70001,179.70001,384.0,142.88,21.97218,18
2025-01-19 16:00:00+00:00,970.0,15.559,10.509,12.196499,15.1537075,9.435802,11.19424,39284.066,32274.824,6.5,6.5,19.0,10.51576,29.16,46.10072,12.7,1.9284189,215.44809,195.51718,739118.75,440103.84,186.20001,186.20001,403.0,155.58,23.900599,19
2025-01-20 16:00:00+00:00,970.0,14.159,10.209,11.848583,13.273523,9.060382,10.739177,39336.32,34619.484,3.0999994,3.0999994,14.0,9.47012,30.599998,40.82253,11.31,1.6862124,227.29668,206.25636,778455.06,474723.3,189.30002,189.30002,417.0,166.89,25.586811,20
2025-01-21 16:00:00+00:00,970.0,15.059,10.059,12.631915,14.828396,9.203421,12.343876,39389.67,20464.145,7.2,7.2,17.0,6.424764,18.72,21.703066,6.17,1.0784473,239.92859,218.60023,817844.75,495187.47,196.50002,196.50002,434.0,173.06,26.665258,21
2025-01-22 16:00:00+00:00,970.0,18.559,11.909,14.796501,18.703413,11.790131,15.082723,39444.05,35600.54,24.8,24.8,24.0,8.9873905,26.28,149.42088,12.4,2.0288057,254.7251,233.68295,857288.8,530788.0,221.30002,221.30002,458.0,185.45999,28.694065,22
2025-01-23 16:00:00+00:00,970.0,17.659,12.709,14.392331,17.515732,12.686974,14.334176,39499.383,33748.727,8.300001,8.300001,16.0,9.9408245,31.68,42.952507,11.51,1.8728293,269.11743,248.01714,896788.2,564536.75,229.60002,229.60002,474.0,196.96999,30.566895,23
2025-01-24 16:00:00+00:00,970.0,16.609,12.409,13.763165,16.44218,12.1149025,13.5442,39555.61,33098.312,13.299999,13.299999,24.0,10.261579,34.2,40.176857,10.88,1.6962965,282.88058,261.56134,936343.8,597635.06,242.90002,242.90002,498.0,207.84999,32.26319,24
2025-01-25 16:00:00+00:00,970.0,14.259,11.109,12.456918,13.676203,10.316495,11.924329,39612.66,24327.17,20.100002,20.100002,24.0,9.194106,27.0,44.32178,6.96,1.1044846,295.3375,273.48566,975956.5,621962.25,263.00003,263.00003,522.0,214.81,33.367676,25
2025-01-26 16:00:00+00:00,970.0,10.859,7.109,9.090249,10.014391,4.763569,7.380036,39670.484,1610.1906,33.4,33.4,24.0,10.83893,28.44,53.044617,3.05,0.49831885,304.42773,280.8657,1015627.0,623572.44,296.40002,296.40002,546.0,217.86,33.865993,26
2025-01-27 16:00:00+00:00,970.0,10.859,6.809,8.22775,8.528117,4.2203293,5.850252,39729.59,17817.639,5.9,5.9,21.0,10.24578,28.44,51.30161,7.06,1.1073576,312.6555,286.71594,1055356.6,641390.06,302.30002,302.30002,567.0,224.92,34.97335,27
2025-01-28 16:00:00+00:00,970.0,10.609,7.009,8.446499,8.580596,4.799122,6.356785,39790.207,12438.666,6.4999995,6.4999995,24.0,10.132897,26.64,51.80782,6.96,1.0629739,321.102,293.07272,1095146.9,653828.75,308.80002,308.80002,591.0,231.88,36.036324,28
2025-01-29 16:00:00+00:00,970.0,14.359,8.159,10.731917,13.288832,6.3095694,9.36736,39852.25,36061.066,4.1000004,4.1000004,17.0,8.967541,26.28,39.482376,12.02,1.7686245,331.8339,302.4401,1134999.1,689889.8,312.90002,312.90002,608.0,243.90001,37.804947,29
2025-01-30 16:00:00+00:00,970.0,14.859,10.009,12.596499,15.468943,8.698621,12.624816,39915.63,12741.17,17.599998,17.599998,23.0,6.320538,20.519999,333.54065,4.39,0.819431,344.4304,315.0649,1174914.8,702631.0,330.50003,330.50003,631.0,248.29001,38.62438,30
2025-01-31 16:00:00+00:00,970.0,18.609,13.259,15.271501,19.872002,13.896181,16.251451,39980.254,23308.53,21.799997,21.799997,24.0,5.896202,24.84,104.50018,7.05,1.2737375,359.7019,331.31638,1214895.0,725939.5,352.30002,352.30002,655.0,255.34001,39.898117,31
2025-02-01 16:00:00+00:00,970.0,16.909,12.559,14.533998,16.91839,12.568447,14.6958,40046.047,32074.045,16.999998,16.999998,24.0,10.7714615,41.399998,56.29151,9.55,1.5257349,374.2359,346.01218,1254941.0,758013.56,369.30002,369.30002,679.0,264.89,41.42385,32
2025-02-02 16:00:00+00:00,970.0,13.759,9.409,12.042335,13.131983,7.7087326,11.30413,40112.914,24093.016,21.7,21.7,24.0,11.792404,32.760002,52.115726,7.69,1.0989245,386.27823,357.3163,1295053.9,782106.56,391.00003,391.00003,703.0,272.58002,42.522774,33
2025-02-03 16:00:00+00:00,970.0,10.409,7.259,8.759,8.362248,5.033039,6.640686,40180.78,3398.4634,12.500001,12.500001,23.0,10.583326,27.359999,50.076805,4.97,0.8454878,395.03723,363.957,1335234.6,785505.0,403.50003,403.50003,726.0,277.55002,43.368263,34
2025-02-04 16:00:00+00:00,970.0,12.209,7.309,9.277749,10.755519,5.150816,7.706192,40249.57,25148.97,9.4,9.4,21.0,9.555271,23.4,64.93129,8.72,1.2855034,404.31497,371.6632,1375484.2,810654.0,412.90002,412.90002,747.0,286.27002,44.653767,35
2025-02-05 16:00:00+00:00,970.0,13.959,9.159,11.469418,13.49194,8.643604,11.097634,40319.188,27949.787,20.299997,20.299997,24.0,7.596341,21.96,59.174232,8.01,1.2353536,415.7844,382.76083,1415803.5,838603.8,433.2,433.2,771.0,294.28003,45.889122,36
2025-02-06 16:00:00+00:00,970.0,14.759,9.109,11.863167,13.442612,6.860029,10.660466,40389.566,33111.83,12.6,12.6,24.0,14.973577,39.239998,39.74933,10.63,1.4913366,427.64755,393.4213,1456193.1,871715.6,445.80002,445.80002,795.0,304.91003,47.38046,37
2025-02-07 16:00:00+00:00,970.0,10.709,6.909,8.634,8.466682,4.370575,6.189709,40460.625,19008.297,9.1,9.1,24.0,13.229693,34.2,49.077957,7.32,1.0457053,436.28156,399.611,1496653.8,890723.94,454.90002,454.90002,819.0,312.23004,48.426163,38
2025-02-08 16:00:00+00:00,970.0,11.059,7.209,8.686084,9.02136,5.066415,6.602243,40532.285,15529.268,10.400001,10.400001,24.0,11.534054,30.239998,48.536774,7.11,1.0515631,444.96765,406.21323,1537186.0,906253.2,465.30002,465.30002,843.0,319.34003,49.477726,39
2025-02-09 16:00:00+00:00,970.0,14.509,8.009,10.731915,13.906059,6.0200834,9.342559,40604.477,36086.87,3.1999998,3.1999998,18.0,9.3669195,28.08,47.299828,13.78,1.9882632,455.69955,415.5558,1577790.5,942340.06,468.50003,468.50003,861.0,333.12003,51.46599,40
2025-02-10 16:00:00+00:00,970.0,17.009,9.359,13.340248,17.392546,8.320547,13.176965,40677.12,34910.1,2.6000001,2.6000001,14.0,7.689603,25.919998,60.30941,11.97,1.9432478,469.0398,428.73276,1618467.6,977250.2,471.10004,471.10004,875.0,345.09003,53.409237,41
2025-02-11 16:00:00+00:00,970.0,16.409,14.059,15.371501,17.693777,14.67041,16.542072,40750.14,0.0,36.300003,36.300003,24.0,6.2145634,19.8,189.80304,1.79,0.4556104,484.4113,445.27484,1659217.8,977250.2,507.40002,507.40002,899.0,346.88004,53.86485,42
2025-02-12 16:00:00+00:00,970.0,15.509,11.709,13.331917,16.670328,10.849142,12.96547,40823.477,0.0,49.300003,49.300003,24.0,12.284918,31.68,39.041405,3.04,0.55010366,497.7432,458.24033,1700041.2,977250.2,556.7,556.7,923.0,349.92004,54.41495,43
2025-02-13 16:00:00+00:00,970.0,15.709,12.009,13.842334,16.058687,11.3929205,13.760783,40897.047,10669.692,3.8000004,3.8000004,18.0,7.458606,20.880001,36.181755,6.03,1.072133,511.58554,472.0011,1740938.2,987919.9,560.5,560.5,941.0,355.95004,55.487083,44
2025-02-14 16:00:00+00:00,970.0,19.909,13.509,16.463165,21.2864,13.471472,17.434378,40970.785,34572.39,1.2,1.2,7.0,8.865799,26.64,32.794254,15.58,2.6046302,528.0487,489.4355,1781909.0,1022492.25,561.7,561.7,948.0,371.53003,58.091713,45
2025-02-15 16:00:00+00:00,970.0,19.009,13.609,16.106918,19.051308,13.417202,16.387205,41044.633,36378.56,5.7,5.7,19.0,10.874741,28.8,39.336277,13.2,2.2045856,544.15564,505.8227,1822953.6,1058870.8,567.4,567.4,967.0,384.73004,60.2963,46
2025-02-16 16:00:00+00:00,970.0,15.559,11.909,13.271499,14.657671,10.745597,12.330199,41119.145,35187.78,3.3000002,3.3000002,15.0,11.672275,30.960001,46.923347,12.6,1.910536,557.4271,518.1529,1864072.8,1094058.5,570.7,570.7,982.0,397.33005,62.206837,47
2025-02-17 16:00:00+00:00,970.0,12.09,8.740001,10.375417,11.332882,7.7065067,9.469303,41208.79,8095.941,0.2,0.0,2.0,9.449572,30.960001,91.541176,4.15,0.6387775,567.80255,527.6222,1905281.5,1102154.5,570.9,570.7,984.0,401.48004,62.845615,48
2025-02-18 16:00:00+00:00,970.0,11.79,9.690001,10.567083,11.2520895,8.672255,10.013944,41284.617,11782.27,0.2,0.0,2.0,8.78872,28.44,103.7645,5.03,0.765759,578.3696,537.6361,1946566.1,1113936.8,571.10004,570.7,986.0,406.51004,63.611374,49
2025-02-19 16:00:00+00:00,970.0,13.64,10.84,12.062917,13.022993,10.515217,11.918653,41361.215,13669.346,0.6,0.0,5.0,9.387651,28.44,161.3924,5.95,0.9363112,590.43256,549.55475,1987927.4,1127606.1,571.7,570.7,991.0,412.46005,64.54768,50
2025-02-20 16:00:00+00:00,970.0,12.940001,9.84,11.6900015,12.714907,8.971249,11.190845,41438.51,323.5462,0.0,0.0,0.0,8.759178,27.359999,97.0137,2.24,0.43619266,602.12256,560.7456,2029365.9,1127929.6,571.7,570.7,991.0,414.70004,64.98388,51
2025-02-21 16:00:00+00:00,970.0,13.89,9.440001,11.3525,13.416483,8.573735,11.033702,41516.445,19664.693,0.0,0.0,0.0,8.0899935,26.28,119.10463,7.86,1.2273004,613.47504,571.7793,2070882.4,1147594.4,571.7,570.7,991.0,422.56003,66.21118,52
2025-02-22 16:00:00+00:00,970.0,12.34,9.29,11.087916,11.989859,8.104899,10.533785,41594.94,3907.6814,0.0,0.0,0.0,9.779817,28.8,99.35842,3.99,0.63859266,624.5629,582.3131,2112477.2,1151502.0,571.7,570.7,991.0,426.55002,66.84978,53
2025-02-23 16:00:00+00:00,970.0,9.190001,6.8399997,7.9983325,7.981737,5.127636,6.340086,41673.934,0.0,0.0,0.0,0.0,9.779817,32.760002,90.891685,2.38,0.39549935,632.5613,588.6532,2154151.2,1151502.0,571.7,570.7,991.0,428.93002,67.24528,54
2025-02-24 16:00:00+00:00,970.0,11.84,6.54,9.006665,12.163086,4.9307985,8.074599,41753.35,22093.574,0.0,0.0,0.0,9.178235,23.759998,131.14308,12.65,1.6641299,641.56793,596.7278,2195904.5,1173595.6,571.7,570.7,991.0,441.58002,68.90941,55
2025-02-25 16:00:00+00:00,970.0,13.84,9.84,11.456668,13.344223,9.404952,11.162895,41833.133,16763.953,0.3,0.0,3.0,9.290511,25.919998,139.20772,7.33,1.1194866,653.0246,607.8907,2237737.8,1190359.6,572.0,570.7,994.0,448.91,70.02889,56
2025-02-26 16:00:00+00:00,970.0,14.690001,11.14,12.912918,14.708824,11.008908,13.1034355,41913.21,16078.263,0.0,0.0,0.0,8.404285,27.0,151.83759,7.29,1.1594039,665.9375,620.99414,2279651.0,1206437.9,572.0,570.7,994.0,456.2,71.18829,57
2025-02-27 16:00:00+00:00,970.0,17.24,12.990001,14.7775,17.469027,13.014656,15.173511,41993.523,32372.46,1.5000001,0.0,9.0,10.182337,23.759998,158.69417,13.45,2.0919242,680.715,636.16766,2321644.5,1238810.4,573.5,570.7,1003.0,469.65002,73.28022,58
2025-02-28 16:00:00+00:00,970.0,18.24,13.440001,15.3879175,19.003351,13.245308,15.690417,42074.004,32350.867,0.0,0.0,0.0,9.449572,26.28,158.56686,15.08,2.4202485,696.10297,651.8581,2363718.5,1271161.2,573.5,570.7,1003.0,484.73,75.70047,59
2025-03-01 16:00:00+00:00,970.0,18.89,14.34,16.485834,19.945787,14.756609,17.411287,42154.59,33365.984,0.0,0.0,0.0,9.793059,27.359999,158.28407,14.18,2.318655,712.5888,669.2694,2405873.0,1304527.2,573.5,570.7,1003.0,498.91,78.01913,60
2025-03-02 16:00:00+00:00,970.0,24.1905,15.89,18.971563,27.031069,15.85656,20.391176,42235.22,39451.746,1.8000001,0.0,9.0,12.245293,15.4800005,119.8222,21.54,3.794329,731.56036,689.6606,2448108.2,1343979.0,575.3,570.7,1012.0,520.45,81.81345,61
2025-03-03 16:00:00+00:00,970.0,18.9905,11.9905,15.648833,20.177532,11.798031,16.126354,42315.824,36149.293,0.0,0.0,0.0,9.47012,11.5199995,83.85342,15.06,2.3796818,747.20917,705.7869,2490424.0,1380128.2,575.3,570.7,1012.0,535.51,84.19314,62
2025-03-04 16:00:00+00:00,970.0,12.8905,7.8905,10.448834,11.639962,6.368741,9.405333,42396.35,28842.965,0.0,0.0,0.0,10.041354,21.24,67.866585,8.14,1.2009642,757.658,715.19226,2532820.2,1408971.2,575.3,570.7,1012.0,543.65,85.394104,63
2025-03-05 16:00:00+00:00,970.0,12.6905,6.9405003,9.317583,11.277676,5.3964033,7.990151,42476.73,31672.107,0.0,0.0,0.0,8.669949,18.72,69.44391,12.81,1.8522485,766.9756,723.18243,2575297.0,1440643.4,575.3,570.7,1012.0,556.46,87.24635,64
2025-03-06 16:00:00+00:00,970.0,15.8405,9.540501,12.353,15.410351,9.02051,11.878857,42556.906,35217.953,0.0,0.0,0.0,8.766573,10.08,105.82625,14.54,2.1922991,779.3286,735.0613,2617854.0,1475861.4,575.3,570.7,1012.0,571.0,89.43865,65
2025-03-07 16:00:00+00:00,970.0,15.290501,11.040501,12.4155,14.613878,10.705349,11.919411,42636.83,36845.125,0.0,0.0,0.0,8.759178,12.24,63.60757,14.25,2.1637483,791.74414,746.9807,2660490.8,1512706.5,575.3,570.7,1012.0,585.25,91.6024,66
2025-03-08 16:00:00+00:00,970.0,17.7905,10.3905,14.0155,17.795855,9.257478,13.905064,42717.0,32204.59,0.0,0.0,0.0,8.209263,8.28,85.56743,14.25,2.316795,805.75964,760.8858,2703207.8,1544911.1,575.3,570.7,1012.0,599.5,93.9192,67
2025-03-09 16:00:00+00:00,970.0,18.1905,13.5905,15.009252,18.316004,13.9468,15.362251,42797.68,27803.06,0.0,0.0,0.0,9.220499,9.36,171.66264,8.97,1.5763198,820.7689,776.24805,2746005.5,1572714.1,575.3,570.7,1012.0,608.47,95.495514,68
2025-03-10 16:00:00+00:00,970.0,21.9905,13.790501,,23.49037,12.735615,,42878.81,,,,0.0,10.163227,6.4799995,,,,,,2788884.2,,,,1012.0,,,69
