date,elevation,temperature_2m_max,temperature_2m_min,temperature_2m_mean,apparent_temperature_max,apparent_temperature_min,apparent_temperature_mean,daylight_duration,sunshine_duration,precipitation_sum,rain_sum,precipitation_hours,wind_speed_10m_max,wind_gusts_10m_max,wind_direction_10m_dominant,shortwave_radiation_sum,et0_fao_evapotranspiration,cumulative_temperature_2m_mean,cumulative_apparent_temperature_mean,cumulative_daylight_duration,cumulative_sunshine_duration,cumulative_precipitation_sum,cumulative_rain_sum,cumulative_precipitation_hours,cumulative_shortwave_radiation_sum,cumulative_et0_fao_evapotranspiration,day
2025-01-01 16:00:00+00:00,1850.0,10.4125,9.3125,9.935418,10.106101,8.762743,9.5652685,38386.67,0.0,14.199999,14.199999,24.0,3.3092594,23.759998,16.238901,1.33,0.3714482,9.935418,9.5652685,38386.67,0.0,14.199999,14.199999,24.0,1.33,0.3714482,1
2025-01-02 16:00:00+00:00,1850.0,9.1125,5.7125,7.639583,8.426688,3.9148445,6.3346944,38410.707,0.0,3.8999999,3.8999999,21.0,6.3639607,31.319998,17.111828,3.08,0.5776461,17.575,15.899963,76797.375,0.0,18.099998,18.099998,45.0,4.41,0.9490943,2
2025-01-03 16:00:00+00:00,1850.0,10.262501,4.2625,6.858334,8.514367,2.5576153,5.145969,38436.51,28478.072,2.8,2.8,16.0,7.458606,32.760002,95.0161,11.96,1.6384251,24.433334,21.045933,115233.89,28478.072,20.899998,20.899998,61.0,16.369999,2.5875194,3
2025-01-04 16:00:00+00:00,1850.0,10.8125,6.0625,8.099999,10.035806,4.368842,6.836874,38464.06,32577.787,5.999999,5.999999,16.0,5.7204895,29.16,198.3099,10.5,1.5515497,32.533333,27.882807,153697.95,61055.86,26.899998,26.899998,77.0,26.869999,4.139069,4
2025-01-05 16:00:00+00:00,1850.0,10.762501,3.2624998,6.847916,9.316366,0.5139704,5.059055,38493.316,31316.113,0.9000001,0.9000001,7.0,7.596341,34.92,351.3066,11.2,1.579139,39.38125,32.94186,192191.27,92371.97,27.799997,27.799997,84.0,38.07,5.7182083,5
2025-01-06 16:00:00+00:00,1850.0,8.0625,4.1125,5.491667,6.5508432,2.3452935,3.785237,38524.27,14235.012,4.7,4.7,23.0,4.942631,32.399998,100.95402,5.6,0.8495132,44.872917,36.727097,230715.53,106606.984,32.499996,32.499996,107.0,43.67,6.5677214,6
2025-01-07 16:00:00+00:00,1850.0,9.8125,3.4125,6.4604173,8.399805,1.0308309,4.825208,38557.234,19056.934,4.299999,4.299999,22.0,5.4656014,32.399998,235.95406,8.15,1.1811938,51.333336,41.552303,269272.75,125663.92,36.799995,36.799995,129.0,51.82,7.748915,7
2025-01-08 16:00:00+00:00,1850.0,8.212501,2.1625,4.5333333,6.8879147,-0.2683599,2.6331332,38592.32,14178.3545,10.799999,10.799999,18.0,4.8633323,31.319998,10.885482,6.05,0.8612066,55.86667,44.185436,307865.06,139842.28,47.599995,47.599995,147.0,57.87,8.610122,8
2025-01-09 16:00:00+00:00,1850.0,4.6625,1.8125,2.6958332,2.5949678,-0.51523995,0.40251446,38629.453,0.0,12.399999,9.900001,24.0,4.514377,34.2,28.44781,3.88,0.5955933,58.5625,44.58795,346494.5,139842.28,59.999992,57.499996,171.0,61.75,9.205715,9
2025-01-10 16:00:00+00:00,1850.0,3.5124998,1.7625,2.7354167,1.768189,-0.5418396,0.70905614,38668.555,0.0,20.300001,11.700001,24.0,2.8001428,33.839996,1.8595784,3.55,0.55783004,61.297916,45.29701,385163.06,139842.28,80.299995,69.2,195.0,65.3,9.763545,10
2025-01-11 16:00:00+00:00,1850.0,6.4625,2.7624998,4.089584,4.7938194,0.50148773,2.026049,38709.555,8851.281,6.799999,6.799999,21.0,4.669604,34.92,334.11703,5.6,0.8686964,65.3875,47.32306,423872.62,148693.56,87.09999,76.0,216.0,70.9,10.632241,11
2025-01-12 16:00:00+00:00,1850.0,8.462501,2.8625,5.3562503,6.6837664,0.5675669,3.3142765,38752.363,21765.057,1.7000002,1.7000002,14.0,4.991553,33.48,168.38145,6.9,1.023189,70.743744,50.637337,462625.0,170458.62,88.79999,77.7,230.0,77.8,11.65543,12
2025-01-13 16:00:00+00:00,1850.0,12.8125,2.8625,7.797916,11.607644,0.49139452,6.1678424,38796.914,25579.986,2.4,2.4,14.0,6.269067,34.2,200.40363,12.15,1.8048936,78.54166,56.80518,501421.9,196038.61,91.19999,80.1,244.0,89.950005,13.460323,13
2025-01-14 16:00:00+00:00,1850.0,8.4125,2.8125,6.004167,7.491872,0.5100231,4.234148,38843.12,3832.3066,10.8,10.8,24.0,6.361415,34.56,352.34946,3.15,0.52729475,84.54582,61.03933,540265.0,199870.92,101.99999,90.9,268.0,93.100006,13.987618,14
2025-01-15 16:00:00+00:00,1850.0,5.9125,2.7124999,3.8979166,4.1254663,0.59204435,1.9259468,38890.914,345.51523,6.5000005,6.5000005,24.0,4.278551,31.68,35.720047,4.05,0.6567426,88.44374,62.965275,579155.94,200216.44,108.49999,97.4,292.0,97.15001,14.6443615,15
2025-01-16 16:00:00+00:00,1850.0,7.3624997,2.8625,4.6229167,5.4811726,0.76398945,2.7178936,38940.215,5638.4224,5.7,5.7,19.0,4.8633323,30.239998,40.219067,5.35,0.8263403,93.06666,65.68317,618096.1,205854.86,114.19999,103.1,311.0,102.50001,15.470702,16
2025-01-17 16:00:00+00:00,1850.0,9.8125,3.9125,6.2625003,8.041967,1.9615097,4.612678,38990.95,14805.911,5.9000006,5.9000006,24.0,6.489992,26.28,160.48064,6.02,0.9343502,99.329155,70.295845,657087.06,220660.77,120.09999,109.0,335.0,108.520004,16.405052,17
2025-01-18 16:00:00+00:00,1850.0,11.262501,6.2125,7.9604154,10.770208,4.6669827,6.791811,39043.047,23561.213,6.0999994,6.0999994,23.0,4.5,29.519999,261.4955,8.77,1.337659,107.28957,77.087654,696130.1,244221.98,126.19999,115.1,358.0,117.29001,17.742712,18
2025-01-19 16:00:00+00:00,1850.0,10.9125,4.7625,6.720833,9.520569,2.4863863,5.0139537,39096.43,20544.346,4.8,4.8,21.0,6.162207,28.08,5.99243,7.3,1.1287279,114.01041,82.10161,735226.56,264766.34,130.99998,119.9,379.0,124.59001,18.87144,19
2025-01-20 16:00:00+00:00,1850.0,9.8625,4.9125,6.9395843,8.081564,3.266963,5.287021,39151.023,20164.033,3.8000002,3.8000002,22.0,6.320538,25.199999,111.33696,7.35,1.1148701,120.94999,87.388626,774377.56,284930.38,134.79999,123.700005,401.0,131.94002,19.986311,20
2025-01-21 16:00:00+00:00,1850.0,10.6125,4.9125,7.2604165,9.27134,2.9514918,5.713438,39206.76,33433.613,4.5999994,4.5999994,17.0,6.444905,31.68,188.97252,10.67,1.5161775,128.2104,93.102066,813584.3,318364.0,139.4,128.3,418.0,142.61002,21.50249,21
2025-01-22 16:00:00+00:00,1850.0,12.8625,4.2625,8.420833,12.450405,1.9994493,7.0749664,39263.562,33867.52,2.4999995,2.4999995,16.0,6.638072,30.960001,259.1918,12.74,1.9402564,136.63124,100.17703,852847.9,352231.53,141.9,130.8,434.0,155.35002,23.442745,22
2025-01-23 16:00:00+00:00,1850.0,13.462501,6.0125,9.131249,13.004551,3.7183013,7.779758,39321.37,31221.754,3.2,3.2,14.0,5.720489,28.8,345.4209,13.38,2.0471559,145.7625,107.95679,892169.25,383453.28,145.09999,134.0,448.0,168.73003,25.4899,23
2025-01-24 16:00:00+00:00,1850.0,11.712501,5.4125,8.433333,10.633023,3.546578,7.14798,39380.105,28692.57,4.6000004,4.6000004,16.0,6.384293,27.0,6.6324186,10.65,1.5628828,154.19583,115.10477,931549.4,412145.84,149.7,138.6,464.0,179.38002,27.052784,24
2025-01-25 16:00:00+00:00,1850.0,10.212501,5.2625,7.4125,9.266264,3.2630997,6.0695357,39439.695,28006.07,9.1,9.1,24.0,5.6521144,33.12,19.685839,9.64,1.3932629,161.60834,121.1743,970989.06,440151.9,158.8,147.70001,488.0,189.02002,28.446047,25
2025-01-26 16:00:00+00:00,1850.0,4.8624997,0.76250005,2.4125001,2.7709665,-1.9148619,-0.08717752,39500.098,0.0,25.699999,18.3,24.0,5.815978,38.519997,347.7795,2.52,0.4058653,164.02084,121.08712,1010489.2,440151.9,184.5,166.00002,512.0,191.54002,28.851912,26
2025-01-27 16:00:00+00:00,1850.0,6.8624997,-1.6875,2.0145833,4.9879,-5.053954,-0.6167943,39561.836,28405.717,2.5,2.1,13.0,5.5829024,27.359999,18.67344,13.74,1.7366439,166.03543,120.47033,1050051.0,468557.62,187.0,168.10002,525.0,205.28003,30.588556,27
2025-01-28 16:00:00+00:00,1850.0,5.7625,0.3625,2.675,3.097805,-2.3682663,0.1337143,39625.152,19155.863,3.6999996,3.6999996,24.0,6.1569467,28.8,107.5414,8.58,1.1317368,168.71043,120.60404,1089676.1,487713.5,190.7,171.80002,549.0,213.86003,31.720293,28
2025-01-29 16:00:00+00:00,1850.0,11.1625,2.2124999,5.8020835,9.324445,-0.24126625,3.7258337,39689.95,23262.455,3.8000002,3.8000002,20.0,7.9383874,31.319998,164.65903,9.36,1.3696792,174.51251,124.32987,1129366.1,510975.97,194.5,175.60002,569.0,223.22003,33.089973,29
2025-01-30 16:00:00+00:00,1850.0,10.6625,3.7624998,7.349999,9.83647,1.3451767,5.816404,39756.145,5920.6836,4.8,4.8,19.0,6.297428,34.56,222.28026,4.67,0.81611794,181.86252,130.14627,1169122.2,516896.66,199.3,180.40002,588.0,227.89003,33.90609,30
2025-01-31 16:00:00+00:00,1850.0,14.1125,8.3125,10.6625,14.062494,7.1193533,10.170493,39823.637,22698.402,12.700001,12.700001,20.0,5.072041,33.12,211.71289,7.89,1.312672,192.52502,140.31676,1208945.9,539595.06,212.0,193.10002,608.0,235.78003,35.21876,31
2025-02-01 16:00:00+00:00,1850.0,11.012501,6.5125,9.189582,10.719204,5.2049456,8.48445,39892.348,0.13469696,7.7000003,7.7000003,24.0,3.572898,36.36,330.9032,4.69,0.8466704,201.7146,148.80121,1248838.2,539595.2,219.7,200.80002,632.0,240.47003,36.065434,32
2025-02-02 16:00:00+00:00,1850.0,7.5625,3.1125,5.7124996,6.5615263,0.8536973,4.1111393,39962.18,36.96785,20.1,20.1,24.0,4.724786,35.28,359.38394,2.75,0.51480466,207.4271,152.91235,1288800.4,539632.1,239.8,220.90002,656.0,243.22003,36.58024,33
2025-02-03 16:00:00+00:00,1850.0,5.0625,1.0125,2.8541667,2.8751059,-1.5195537,0.5738743,40033.05,647.01245,16.4,10.6,24.0,5.8298883,32.399998,26.640541,5.2,0.7847714,210.28127,153.48622,1328833.4,540279.1,256.2,231.50003,680.0,248.42003,37.36501,34
2025-02-04 16:00:00+00:00,1850.0,5.1124997,1.9625,3.3791666,2.9101663,-0.49712563,1.1597449,40104.88,2437.3374,9.8,7.900001,24.0,4.6730714,36.719997,162.26167,4.84,0.72395307,213.66043,154.64597,1368938.2,542716.44,266.0,239.40002,704.0,253.26003,38.088963,35
2025-02-05 16:00:00+00:00,1850.0,8.6625,3.5625,6.058334,7.581401,1.4130826,4.4461803,40177.58,1938.8163,8.699999,8.699999,24.0,4.3573384,30.239998,200.26576,4.86,0.7933694,219.71877,159.09215,1409115.9,544655.25,274.7,248.10002,728.0,258.12003,38.88233,36
2025-02-06 16:00:00+00:00,1850.0,8.262501,2.0625,5.2937503,6.5943108,-0.39813256,3.3705244,40251.066,14400.0,5.8,5.6000004,20.0,6.114703,33.839996,12.614667,5.61,0.8269719,225.01251,162.46268,1449367.0,559055.25,280.5,253.70003,748.0,263.73,39.709305,37
2025-02-07 16:00:00+00:00,1850.0,3.6625,1.1625,1.9083333,1.3998404,-1.3525231,-0.52312326,40325.258,0.0,11.3,9.000003,24.0,4.471107,36.719997,30.51218,4.16,0.6169026,226.92085,161.93956,1489692.2,559055.25,291.8,262.70004,772.0,267.89,40.326206,38
2025-02-08 16:00:00+00:00,1850.0,5.7625,1.6125001,3.3479168,3.8619146,-0.69818354,1.3013772,40400.086,0.0,4.499999,3.6999996,22.0,3.6402748,33.48,54.148758,4.7,0.7249802,230.26877,163.24094,1530092.4,559055.25,296.3,266.40005,794.0,272.59003,41.051186,39
2025-02-09 16:00:00+00:00,1850.0,9.5625,3.1625,5.804167,7.8788176,1.0118351,3.970916,40475.457,10960.305,2.3,2.3,20.0,5.414979,30.239998,166.77217,6.86,1.044605,236.07294,167.21185,1570567.9,570015.56,298.59998,268.70004,814.0,279.45,42.09579,40
2025-02-10 16:00:00+00:00,1850.0,14.512501,3.6625,8.83125,13.630011,1.2720442,7.3884006,40551.3,27719.133,1.8000001,1.8000001,9.0,8.161764,33.839996,185.91382,12.99,1.982121,244.90419,174.60025,1611119.1,597734.7,300.39996,270.50003,823.0,292.44,44.07791,41
2025-02-11 16:00:00+00:00,1850.0,13.512501,8.0625,10.64375,13.873955,6.3562984,10.198869,40627.535,0.0,29.199999,29.199999,23.0,6.618519,32.760002,230.01317,2.48,0.56797475,255.54794,184.79912,1651746.6,597734.7,329.59998,299.70004,846.0,294.92,44.645885,42
2025-02-12 16:00:00+00:00,1850.0,10.6625,7.7125,8.562501,10.418877,6.3771086,7.7065864,40704.09,0.0,42.699997,42.699997,22.0,5.3999996,25.199999,26.983212,1.78,0.4333719,264.11044,192.5057,1692450.8,597734.7,372.3,342.40002,868.0,296.7,45.079258,43
2025-02-13 16:00:00+00:00,1850.0,12.6125,8.0125,10.058333,12.301416,6.9713087,9.3649645,40780.895,387.86316,2.0000002,2.0000002,15.0,6.090812,29.16,183.48318,5.23,0.92655313,274.16876,201.87067,1733231.6,598122.56,374.3,344.40002,883.0,301.93002,46.00581,44
2025-02-14 16:00:00+00:00,1850.0,14.085501,6.7855,9.975084,13.240963,4.7069244,8.613063,40861.03,36016.016,0.2,0.0,2.0,10.829958,43.199997,98.226654,16.23,2.3179343,284.14386,210.48373,1774092.6,634138.56,374.5,344.40002,885.0,318.16003,48.323746,45
2025-02-15 16:00:00+00:00,1850.0,14.1355,5.7355,9.527166,13.368685,1.9556837,7.5982285,40938.027,36193.496,0.4,0.0,2.0,11.609651,48.239998,36.948265,17.16,2.536201,293.67102,218.08197,1815030.6,670332.06,374.9,344.40002,887.0,335.32004,50.859947,46
2025-02-16 16:00:00+00:00,1850.0,8.785501,3.2855,5.7584167,7.65143,1.1593819,3.6117866,41015.715,36199.035,0.0,0.0,0.0,10.931203,41.039997,69.53492,16.64,1.9457934,299.42944,221.69376,1856046.4,706531.1,374.9,344.40002,887.0,351.96002,52.80574,47
2025-02-17 16:00:00+00:00,1850.0,6.8355002,2.2855,4.785499,4.60021,-0.037863255,2.52104,41094.363,20178.256,0.0,0.0,0.0,10.799999,39.96,75.45549,6.52,0.7958846,304.21494,224.2148,1897140.8,726709.4,374.9,344.40002,887.0,358.48,53.601624,48
2025-02-18 16:00:00+00:00,1850.0,6.6854997,4.3355,5.5000834,4.6657934,2.1998048,3.4141629,41173.9,380.69962,0.0,0.0,0.0,9.826088,34.92,105.15148,3.64,0.53147674,309.71503,227.62897,1938314.6,727090.06,374.9,344.40002,887.0,362.12003,54.1331,49
2025-02-19 16:00:00+00:00,1850.0,9.785501,5.5855,7.539667,7.9590073,3.8188705,6.0345283,41254.234,24466.105,0.1,0.0,1.0,8.759178,32.399998,108.024826,8.52,1.1688517,317.2547,233.6635,1979568.9,751556.2,375.0,344.40002,888.0,370.64,55.30195,50
2025-02-20 16:00:00+00:00,1850.0,7.9855,4.3855,6.077167,6.7533894,2.2979698,4.2125425,41335.316,23224.512,0.0,0.0,0.0,9.504272,35.28,41.40759,6.43,0.8279007,323.33188,237.87604,2020904.2,774780.7,375.0,344.40002,888.0,377.07,56.12985,51
2025-02-21 16:00:00+00:00,1850.0,6.8355002,4.6355,5.9167495,5.468506,2.5420408,3.93388,41417.047,0.0,0.0,0.0,0.0,9.779817,38.88,113.09506,2.54,0.4279271,329.24863,241.80992,2062321.2,774780.7,375.0,344.40002,888.0,379.61002,56.557777,52
2025-02-22 16:00:00+00:00,1850.0,8.2355,5.0355,6.8292503,6.7631073,2.6981578,5.2652235,41499.37,0.0,2.3999999,2.3999999,7.0,8.39657,33.839996,27.538712,3.53,0.5952459,336.07788,247.07515,2103820.5,774780.7,377.4,346.80002,895.0,383.14,57.153023,53
2025-02-23 16:00:00+00:00,1850.0,4.7855,2.6355,3.5021667,2.5322685,-0.022110462,0.9478657,41582.22,0.0,0.0,0.0,0.0,8.049845,37.8,75.33679,1.45,0.2845529,339.58005,248.02301,2145402.8,774780.7,377.4,346.80002,895.0,384.59003,57.437576,54
2025-02-24 16:00:00+00:00,1850.0,8.285501,2.6355,5.8354993,7.107091,-0.004480362,3.9550402,41665.504,32404.527,0.0,0.0,0.0,6.5693827,31.68,121.02822,13.34,1.6406214,345.41556,251.97806,2187068.2,807185.2,377.4,346.80002,895.0,397.93002,59.078197,55
2025-02-25 16:00:00+00:00,1850.0,10.2355,6.3855,8.395918,8.982293,4.161235,6.7697244,41749.17,18110.225,1.2,1.2,9.0,6.792466,29.88,99.75239,9.3,1.3702619,353.81146,258.74777,2228817.5,825295.44,378.6,348.00003,904.0,407.23,60.44846,56
2025-02-26 16:00:00+00:00,1850.0,10.9355,7.9354997,9.581335,9.80748,6.856642,8.509593,41833.15,14712.815,0.0,0.0,0.0,7.628263,25.199999,122.12139,6.88,1.035299,363.3928,267.25735,2270650.8,840008.25,378.6,348.00003,904.0,414.11002,61.483757,57
2025-02-27 16:00:00+00:00,1850.0,16.874,9.1355,12.203312,16.73205,7.3085585,11.268853,41917.367,36363.727,1.5000002,0.0,9.0,12.522619,21.24,132.2736,18.94,2.8838983,375.5961,278.5262,2312568.0,876372.0,380.1,348.00003,913.0,433.05002,64.36765,58
2025-02-28 16:00:00+00:00,1850.0,17.924,9.874,12.611499,17.485737,7.39027,11.519563,42001.758,37483.832,2.1,0.0,9.0,12.979984,10.799999,172.77934,16.84,2.7167559,388.2076,290.04578,2354569.8,913855.8,382.2,348.00003,922.0,449.89,67.08441,59
2025-03-01 16:00:00+00:00,1850.0,18.624,9.374,13.330249,18.420614,6.947136,12.287951,42086.26,39412.945,3.8999999,0.0,9.0,10.685391,13.32,258.1902,20.51,3.2914147,401.53787,302.33374,2396656.0,953268.75,386.1,348.00003,931.0,470.40002,70.375824,60
2025-03-02 16:00:00+00:00,1850.0,15.624001,9.224,12.046917,16.694963,8.026916,11.405789,42170.805,39335.33,2.6999998,0.0,9.0,10.538843,9.72,103.05011,18.59,2.6976614,413.58478,313.73953,2438826.8,992604.06,388.80002,348.00003,940.0,488.99002,73.07349,61
2025-03-03 16:00:00+00:00,1850.0,16.324,8.374,11.859417,16.763262,6.3710423,11.146098,42255.324,39587.797,2.3999999,0.0,9.0,12.10157,7.5599995,100.98856,20.76,3.0208125,425.44418,324.88562,2481082.0,1032191.9,391.2,348.00003,949.0,509.75003,76.0943,62
2025-03-04 16:00:00+00:00,1850.0,10.323999,-2.676,3.5135832,9.654913,-7.257729,0.44176245,42339.758,727.6091,2.7,2.3999999,15.0,16.418526,12.24,349.07437,2.21,0.30615792,428.95776,325.3274,2523421.8,1032919.5,393.90002,350.40002,964.0,511.96002,76.40046,63
2025-03-05 16:00:00+00:00,1850.0,-1.226,-2.776,-2.215583,-5.3774652,-7.1514893,-6.4032083,42424.035,1863.6387,0.0,0.0,0.0,14.081478,9.0,352.6289,3.63,0.36570185,426.7422,318.9242,2565845.8,1034783.1,393.90002,350.40002,964.0,515.59,76.76616,64
2025-03-06 16:00:00+00:00,1850.0,3.0740001,-2.2259998,0.69275004,-0.12872219,-5.8113146,-2.2086265,42508.098,23536.902,0.0,0.0,0.0,9.346143,7.5599995,49.835712,7.11,0.80494946,427.43494,316.71558,2608353.8,1058320.0,393.90002,350.40002,964.0,522.7,77.571106,65
2025-03-07 16:00:00+00:00,1850.0,4.724,1.2739999,3.1364996,2.0078764,-1.1679227,0.64109045,42591.895,12943.543,0.0,0.0,0.0,9.107359,5.7599998,72.014496,5.97,0.7556015,430.57144,317.35666,2650945.8,1071263.5,393.90002,350.40002,964.0,528.67,78.326706,66
