date,elevation,temperature_2m_max,temperature_2m_min,temperature_2m_mean,apparent_temperature_max,apparent_temperature_min,apparent_temperature_mean,daylight_duration,sunshine_duration,precipitation_sum,rain_sum,precipitation_hours,wind_speed_10m_max,wind_gusts_10m_max,wind_direction_10m_dominant,shortwave_radiation_sum,et0_fao_evapotranspiration,cumulative_temperature_2m_mean,cumulative_apparent_temperature_mean,cumulative_daylight_duration,cumulative_sunshine_duration,cumulative_precipitation_sum,cumulative_rain_sum,cumulative_precipitation_hours,cumulative_shortwave_radiation_sum,cumulative_et0_fao_evapotranspiration,day
2025-01-01 16:00:00+00:00,849.0,16.3005,13.9505005,15.073415,17.850077,14.859194,16.261057,38532.484,0.0,10.700001,10.700001,17.0,4.6452556,16.56,287.9204,2.49,0.5533694,15.073415,16.261057,38532.484,0.0,10.700001,10.700001,17.0,2.49,0.5533694,1
2025-01-02 16:00:00+00:00,849.0,16.7505,10.6005,14.4192505,16.911633,9.863369,14.814377,38555.824,27656.61,0.1,0.1,1.0,7.029225,27.359999,315.4896,7.27,1.2229137,29.492664,31.075434,77088.31,27656.61,10.800001,10.800001,18.0,9.76,1.7762831,2
2025-01-03 16:00:00+00:00,849.0,18.3505,9.9005,13.802583,18.400993,8.665178,13.4554205,38580.883,35678.465,0.5,0.5,3.0,6.297428,23.039999,177.56915,13.98,2.2523465,43.295246,44.530853,115669.195,63335.074,11.300001,11.300001,21.0,23.74,4.02863,3
2025-01-04 16:00:00+00:00,849.0,16.9005,12.8505,14.135917,16.182358,12.631641,13.977207,38607.633,34604.016,6.2999988,6.2999988,13.0,9.67657,33.12,328.50146,10.44,1.6886652,57.431164,58.50806,154276.83,97939.09,17.6,17.6,34.0,34.18,5.7172947,4
2025-01-05 16:00:00+00:00,849.0,17.6505,10.3005,14.3005,17.239475,8.870553,13.50677,38636.047,35732.777,0.0,0.0,0.0,9.734988,33.839996,16.628714,16.02,2.517082,71.73167,72.01483,192912.88,133671.88,17.6,17.6,34.0,50.2,8.234377,5
2025-01-06 16:00:00+00:00,849.0,15.4005,9.0005,12.3463335,14.545971,7.62226,11.576638,38666.11,33039.008,3.2,3.2,14.0,8.731391,29.519999,224.6936,10.44,1.6129543,84.078,83.59147,231578.98,166710.88,20.800001,20.800001,48.0,60.64,9.847331,6
2025-01-07 16:00:00+00:00,849.0,16.9005,10.6005,13.463001,16.758957,9.060797,12.700966,38698.12,35718.1,0.0,0.0,0.0,8.181589,29.519999,350.074,14.07,2.209022,97.541,96.292435,270277.1,202428.97,20.800001,20.800001,48.0,74.71,12.056353,7
2025-01-08 16:00:00+00:00,849.0,15.900499,8.7005005,12.76925,15.006329,7.122221,12.036178,38732.195,35039.98,0.3,0.3,3.0,7.6388745,27.72,337.35675,9.56,1.5945238,110.31025,108.32861,309009.28,237468.95,21.1,21.1,51.0,84.27,13.650876,8
2025-01-09 16:00:00+00:00,849.0,14.1505,10.2505,11.871333,12.73946,9.3952055,11.077705,38768.258,35163.33,1.2,1.2,9.0,9.648067,31.68,301.87607,10.33,1.5227475,122.18158,119.40632,347777.53,272632.28,22.300001,22.300001,60.0,94.6,15.173624,9
2025-01-10 16:00:00+00:00,849.0,13.4505005,9.4005,10.869251,12.707653,8.3973465,9.948468,38806.24,35375.426,1.8000002,1.8000002,12.0,11.203464,34.56,281.91818,12.08,1.6628358,133.05083,129.35478,386583.78,308007.72,24.100002,24.100002,72.0,106.68,16.83646,10
2025-01-11 16:00:00+00:00,849.0,14.4005,7.4505,10.702582,13.220623,5.6382303,9.289601,38846.055,35705.508,0.0,0.0,0.0,10.534229,34.56,323.05264,15.54,2.181282,143.7534,138.64438,425429.84,343713.22,24.100002,24.100002,72.0,122.22,19.017742,11
2025-01-12 16:00:00+00:00,849.0,16.1005,5.4005003,10.435916,15.40642,3.3048782,8.961436,38887.633,35705.74,0.0,0.0,0.0,7.8954163,27.0,207.70566,16.52,2.4554036,154.18932,147.60582,464317.47,379418.97,24.100002,24.100002,72.0,138.74,21.473146,12
2025-01-13 16:00:00+00:00,849.0,17.5505,5.1005,12.194251,17.25346,2.9491038,11.315391,38930.895,35707.332,0.6,0.6,4.0,7.7879906,27.359999,304.95062,16.15,2.5185688,166.38356,158.9212,503248.38,415126.3,24.700003,24.700003,76.0,154.89,23.991714,13
2025-01-14 16:00:00+00:00,849.0,14.5005,11.0005,13.031751,15.21159,10.416327,13.223273,38975.777,4140.8154,2.2,2.2,14.0,5.8769383,23.4,333.59665,3.45,0.6437707,179.41531,172.14447,542224.1,419267.12,26.900003,26.900003,90.0,158.34,24.635485,14
2025-01-15 16:00:00+00:00,849.0,14.6505,9.7005005,11.513,13.597607,8.527137,10.3294525,39022.2,35714.582,0.0,0.0,0.0,11.328566,36.36,276.89087,12.86,1.8665792,190.92831,182.47392,581246.3,454981.72,26.900003,26.900003,90.0,171.2,26.502064,15
2025-01-16 16:00:00+00:00,849.0,14.8505,8.3505,11.2525835,13.85841,6.608226,9.85206,39070.086,35720.246,0.0,0.0,0.0,9.167638,28.44,281.7934,14.41,2.142842,202.1809,192.32599,620316.4,490701.97,26.900003,26.900003,90.0,185.61,28.644905,16
2025-01-17 16:00:00+00:00,849.0,15.6505,8.0005,11.938,14.948858,6.015274,11.134658,39119.363,34911.633,4.6,4.6,15.0,7.0015144,25.919998,255.39859,9.47,1.5518371,214.1189,203.46065,659435.75,525613.6,31.500004,31.500004,105.0,195.08,30.196743,17
2025-01-18 16:00:00+00:00,849.0,16.7005,11.5005,13.679666,16.2266,11.649747,13.652337,39169.965,35735.695,1.8000002,1.8000002,10.0,8.641874,31.68,338.6526,12.69,1.9478642,227.79857,217.11299,698605.7,561349.3,33.300003,33.300003,115.0,207.77,32.144608,18
2025-01-19 16:00:00+00:00,849.0,17.4005,10.2505,13.558833,17.42618,8.6865,12.968051,39221.82,35745.48,0.2,0.2,2.0,9.473541,33.12,240.01842,14.53,2.2598,241.3574,230.08104,737827.5,597094.8,33.500004,33.500004,117.0,222.3,34.404408,19
2025-01-20 16:00:00+00:00,849.0,17.6005,9.0005,13.5755005,17.307558,7.641103,12.979058,39274.848,35756.65,1.5000001,1.5000001,9.0,8.373386,26.64,207.77951,14.26,2.2824807,254.9329,243.0601,777102.4,632851.44,35.000004,35.000004,126.0,236.56,36.68689,20
2025-01-21 16:00:00+00:00,849.0,17.8005,8.1005,13.494251,17.358328,6.7083693,13.1048155,39328.99,35769.195,1.9000002,1.9000002,12.0,9.335737,30.599998,261.5185,13.96,2.206643,268.42715,256.16492,816431.4,668620.6,36.900005,36.900005,138.0,250.52,38.89353,21
2025-01-22 16:00:00+00:00,849.0,18.8505,11.8005,15.160916,18.580284,10.944419,14.912446,39384.17,35676.54,0.4,0.4,4.0,10.484903,30.599998,20.601944,15.09,2.4552066,283.58807,271.07736,855815.56,704297.2,37.300007,37.300007,142.0,265.61002,41.34874,22
2025-01-23 16:00:00+00:00,849.0,20.0505,11.5505,15.858832,20.341106,9.554368,15.321224,39440.324,35878.414,0.0,0.0,0.0,9.139322,28.8,281.4695,15.85,2.7092922,299.4469,286.3986,895255.9,740175.6,37.300007,37.300007,142.0,281.46002,44.058033,23
2025-01-24 16:00:00+00:00,849.0,19.1005,12.5005,15.373418,19.55309,11.980169,15.256356,39497.38,35815.21,0.0,0.0,0.0,9.54679,30.960001,302.00534,15.81,2.5851748,314.8203,301.65494,934753.25,775990.8,37.300007,37.300007,142.0,297.27002,46.643208,24
2025-01-25 16:00:00+00:00,849.0,16.9005,10.7505,13.635917,16.24724,10.310973,13.070466,39555.273,35833.37,2.0,2.0,12.0,11.808878,35.64,313.32822,13.33,2.0968142,328.45624,314.7254,974308.5,811824.2,39.300007,39.300007,154.0,310.6,48.74002,25
2025-01-26 16:00:00+00:00,849.0,10.6005,7.7005,9.2755,10.33357,6.166445,7.973919,39613.953,13270.91,3.3000002,3.3000002,14.0,10.315115,32.399998,323.33276,4.6,0.6951473,337.73175,322.6993,1013922.44,825095.1,42.600006,42.600006,168.0,315.2,49.43517,26
2025-01-27 16:00:00+00:00,849.0,14.4505005,4.9005003,9.838,12.444769,2.7769666,7.9547176,39673.93,36019.547,0.0,0.0,0.0,9.7565975,34.2,324.3003,15.31,2.287629,347.56976,330.65402,1053596.4,861114.7,42.600006,42.600006,168.0,330.51,51.722797,27
2025-01-28 16:00:00+00:00,849.0,14.9005,7.8005,11.023417,13.2754135,5.87105,9.505181,39735.45,35956.387,0.0,0.0,0.0,8.39657,29.16,239.98172,14.46,2.2070553,358.59317,340.1592,1093331.9,897071.06,42.600006,42.600006,168.0,344.97,53.92985,28
2025-01-29 16:00:00+00:00,849.0,17.2505,8.0505,12.027583,16.881855,6.4012012,10.9685545,39798.4,36231.96,0.2,0.2,2.0,9.165871,30.960001,247.31349,16.96,2.627816,370.62076,351.12778,1133130.2,933303.0,42.800007,42.800007,170.0,361.93,56.557667,29
2025-01-30 16:00:00+00:00,849.0,16.5505,7.9505005,12.644253,16.85384,6.236355,12.438642,39862.71,18000.0,3.0,3.0,16.0,6.015878,20.519999,115.4362,5.64,1.0658664,383.265,363.5664,1172993.0,951303.0,45.800007,45.800007,186.0,367.57,57.62353,30
2025-01-31 16:00:00+00:00,849.0,19.8005,12.3505,16.092167,20.626507,11.941828,16.844448,39928.293,34509.164,3.8999996,3.8999996,14.0,7.7043357,28.44,352.60605,12.2,2.0946639,399.35718,380.41086,1212921.2,985812.2,49.700005,49.700005,200.0,379.77002,59.718197,31
2025-02-01 16:00:00+00:00,849.0,19.6505,14.0505,16.388002,20.32577,14.66704,17.1597,39995.047,36126.973,0.8000001,0.8000001,6.0,8.777654,34.56,278.26434,15.17,2.48827,415.74518,397.57056,1252916.2,1021939.2,50.500004,50.500004,206.0,394.94003,62.206467,32
2025-02-02 16:00:00+00:00,849.0,15.2005005,10.7005005,13.069251,14.503508,10.306321,12.759468,40062.9,34239.23,1.0,1.0,9.0,11.808878,38.16,295.48065,11.58,1.704076,428.81442,410.33002,1292979.1,1056178.4,51.500004,51.500004,215.0,406.52002,63.91054,33
2025-02-03 16:00:00+00:00,849.0,12.9005,9.9005,10.917168,11.817768,8.794813,9.946055,40131.76,23687.297,0.9,0.9,5.0,8.528657,30.239998,292.25394,8.0,1.2684338,439.7316,420.27606,1333110.9,1079865.6,52.400005,52.400005,220.0,414.52002,65.17898,34
2025-02-04 16:00:00+00:00,849.0,15.1005,8.7505,11.879666,14.088469,7.5599585,11.112323,40201.56,36306.62,1.4000001,1.4000001,11.0,11.173057,43.56,252.93059,14.88,2.176858,451.61127,431.3884,1373312.4,1116172.2,53.800007,53.800007,231.0,429.40002,67.355835,35
2025-02-05 16:00:00+00:00,849.0,16.7005,11.1505,13.49425,16.539186,10.557814,13.236073,40272.203,33443.0,0.6,0.6,4.0,9.021574,33.12,278.02057,12.83,2.0428655,465.10553,444.62448,1413584.6,1149615.2,54.400005,54.400005,235.0,442.23,69.3987,36
2025-02-06 16:00:00+00:00,849.0,17.7505,11.4505005,14.102585,17.473219,11.024963,13.5406685,40343.61,36707.914,0.3,0.3,3.0,10.855358,38.519997,321.23758,17.08,2.6758575,479.20813,458.16516,1453928.2,1186323.1,54.700005,54.700005,238.0,459.31,72.074554,37
2025-02-07 16:00:00+00:00,849.0,13.8005,9.0005,11.435916,12.405569,7.704855,10.375815,40415.707,36194.12,0.6,0.6,5.0,10.44,36.719997,300.1959,13.9,1.9736115,490.64404,468.541,1494344.0,1222517.2,55.300003,55.300003,243.0,473.21,74.048164,38
2025-02-08 16:00:00+00:00,849.0,14.6505,8.1005,10.694249,13.680355,6.8634863,9.253163,40488.418,36188.62,0.4,0.4,4.0,9.931042,32.399998,292.86337,15.19,2.2458842,501.3383,477.79416,1534832.4,1258705.9,55.700005,55.700005,247.0,488.4,76.29405,39
2025-02-09 16:00:00+00:00,849.0,16.7505,8.7505,12.225501,16.435625,6.9557247,11.252243,40561.66,36929.66,0.70000005,0.70000005,6.0,9.387651,32.760002,287.69263,17.9,2.7362063,513.5638,489.0464,1575394.0,1295635.5,56.400005,56.400005,253.0,506.3,79.03026,40
2025-02-10 16:00:00+00:00,849.0,19.8505,7.3005,14.025498,20.229399,5.7192802,13.551804,40635.367,36717.867,0.0,0.0,0.0,9.3340025,31.319998,291.94867,19.0,3.125725,527.5893,502.5982,1616029.4,1332353.4,56.400005,56.400005,253.0,525.3,82.15598,41
2025-02-11 16:00:00+00:00,849.0,16.7005,13.6005,15.377583,18.823196,13.696617,16.603848,40709.457,0.0,30.400002,30.400002,23.0,3.381893,20.880001,6.911104,1.97,0.5071558,542.96686,519.202,1656738.9,1332353.4,86.8,86.8,276.0,527.26996,82.66314,42
2025-02-12 16:00:00+00:00,849.0,16.7505,14.5005,15.74425,18.480396,15.09296,17.025167,40783.86,131.2635,40.699997,40.699997,21.0,4.724786,19.8,282.89368,2.92,0.65836585,558.7111,536.2272,1697522.8,1332484.6,127.5,127.5,297.0,530.18994,83.3215,43
2025-02-13 16:00:00+00:00,849.0,16.9005,14.0005,15.535918,18.201836,14.403833,16.474506,40858.5,8705.884,2.4999998,2.4999998,10.0,6.5248446,21.96,241.56616,5.99,1.0846,574.247,552.70166,1738381.2,1341190.5,130.0,130.0,307.0,536.17993,84.406105,44
2025-02-14 16:00:00+00:00,849.0,21.2005,13.0505,17.11925,23.605381,12.818529,18.174227,40933.312,37174.523,0.0,0.0,0.0,7.970972,28.44,356.77548,18.75,3.1671476,591.3663,570.8759,1779314.5,1378365.0,130.0,130.0,307.0,554.92993,87.57325,45
2025-02-15 16:00:00+00:00,849.0,21.0005,11.2005005,16.679668,22.65731,10.003307,16.993483,41008.24,37754.28,0.0,0.0,0.0,7.7043357,30.599998,29.433542,19.91,3.3869352,608.04596,587.8694,1820322.8,1416119.2,130.0,130.0,307.0,574.8399,90.96018,46
2025-02-16 16:00:00+00:00,849.0,21.1465,14.9465,17.463167,23.470055,14.06625,18.021143,41074.98,36000.0,0.3,0.0,3.0,8.39657,21.96,140.07942,18.37,3.2159836,625.50916,605.8905,1861397.8,1452119.2,130.3,130.0,310.0,593.2099,94.17616,47
2025-02-17 16:00:00+00:00,849.0,19.3465,14.2465,16.217329,20.190344,13.922972,16.699837,41151.785,36128.49,0.1,0.0,1.0,6.763786,18.72,244.1337,15.31,2.5773447,641.7265,622.59033,1902549.5,1488247.8,130.40001,130.0,311.0,608.5199,96.75351,48
2025-02-18 16:00:00+00:00,849.0,19.2965,12.596499,15.513167,19.590351,11.597512,15.512874,41229.453,36000.0,0.1,0.0,1.0,8.905908,22.68,255.14131,16.36,2.724897,657.2397,638.1032,1943779.0,1524247.8,130.50002,130.0,312.0,624.8799,99.47841,49
2025-02-19 16:00:00+00:00,849.0,17.8465,12.4965,15.146499,18.517159,11.157171,14.974671,41307.918,36113.32,0.0,0.0,0.0,7.754637,19.08,119.35758,15.47,2.523232,672.38617,653.0779,1985086.9,1560361.1,130.50002,130.0,312.0,640.34985,102.00164,50
2025-02-20 16:00:00+00:00,849.0,20.1465,14.046499,16.275665,21.628506,13.810102,16.756554,41387.098,33315.523,0.1,0.0,1.0,8.473393,25.56,130.3644,15.32,2.6189399,688.66187,669.8344,2026474.0,1593676.6,130.60002,130.0,313.0,655.66986,104.62058,51
2025-02-21 16:00:00+00:00,849.0,19.8465,13.346499,16.1965,20.323868,12.861244,16.550985,41466.926,36000.0,0.0,0.0,0.0,7.8954163,20.16,280.30484,15.69,2.66112,704.85834,686.3854,2067940.9,1629676.6,130.60002,130.0,313.0,671.35986,107.2817,52
2025-02-22 16:00:00+00:00,849.0,17.7965,14.4965,15.633998,19.112864,15.366129,16.709686,41547.33,3988.3044,0.0,0.0,0.0,5.154415,11.5199995,171.08517,5.98,1.1540279,720.4923,703.0951,2109488.2,1633664.9,130.60002,130.0,313.0,677.33984,108.43573,53
2025-02-23 16:00:00+00:00,849.0,16.9965,13.1465,14.731915,17.181787,13.558626,15.161405,41628.24,36378.336,0.4,0.0,3.0,7.5170207,19.08,274.68582,13.2,2.081742,735.22424,718.2565,2151116.5,1670043.2,131.00002,130.0,316.0,690.53986,110.51747,54
2025-02-24 16:00:00+00:00,849.0,18.0465,11.3965,14.548581,18.696857,10.464513,14.529221,41709.586,36198.66,0.1,0.0,1.0,8.427383,21.24,271.0912,18.38,2.8987212,749.7728,732.7857,2192826.0,1706241.9,131.10002,130.0,317.0,708.91986,113.41619,55
2025-02-25 16:00:00+00:00,849.0,18.2965,12.546499,14.944416,18.472622,11.509324,14.931732,41791.297,36007.473,0.0,0.0,0.0,9.449572,23.039999,285.83252,15.23,2.453623,764.7172,747.7174,2234617.2,1742249.4,131.10002,130.0,317.0,724.14984,115.86981,56
2025-02-26 16:00:00+00:00,849.0,18.7965,13.9965,15.779831,19.252245,14.039911,16.548903,41873.32,16967.887,0.0,0.0,0.0,6.193674,15.119999,346.80936,8.03,1.4776385,780.4971,764.2663,2276490.5,1759217.2,131.10002,130.0,317.0,732.1799,117.34745,57
2025-02-27 16:00:00+00:00,849.0,21.946499,11.796499,16.788166,23.929523,10.569978,17.147146,41955.58,39291.734,0.0,0.0,0.0,8.854829,23.039999,153.4352,21.09,3.5864425,797.2852,781.41345,2318446.0,1798509.0,131.10002,130.0,317.0,753.2699,120.93389,58
2025-02-28 16:00:00+00:00,849.0,23.0965,13.6465,18.125666,25.054585,12.573513,18.766968,42038.008,38869.152,0.0,0.0,0.0,8.427383,21.24,300.71902,19.52,3.4683912,815.4109,800.1804,2360484.0,1837378.1,131.10002,130.0,317.0,772.7899,124.40228,59
2025-03-01 16:00:00+00:00,849.0,25.0915,17.0465,19.699625,25.428127,17.347301,20.557863,42120.543,34641.26,0.0,0.0,0.0,10.883676,11.159999,58.06938,14.13,2.8313587,835.11053,820.7383,2402604.5,1872019.4,131.10002,130.0,317.0,786.9199,127.23364,60
2025-03-02 16:00:00+00:00,849.0,26.391499,15.6415,20.151918,27.814476,15.0907345,20.595764,42203.117,39550.793,0.0,0.0,0.0,12.4811535,9.0,289.46,22.98,4.4246893,855.26245,841.33405,2444807.5,1911570.1,131.10002,130.0,317.0,809.8999,131.65833,61
2025-03-03 16:00:00+00:00,849.0,27.2915,16.8415,20.88108,28.672989,17.489513,21.757952,42285.67,39635.805,0.9000001,0.0,6.0,14.654254,17.28,301.12238,22.56,4.3473706,876.14355,863.092,2487093.2,1951205.9,132.00002,130.0,323.0,832.4599,136.00569,62
2025-03-04 16:00:00+00:00,849.0,26.0415,15.1415,19.524834,27.380589,15.2293415,20.670078,42368.145,39720.594,4.2,0.0,21.0,13.37825,9.72,245.28914,20.15,3.7696438,895.6684,883.7621,2529461.5,1990926.5,136.20001,130.0,344.0,852.6099,139.77533,63
2025-03-05 16:00:00+00:00,849.0,17.641499,15.1415,16.389418,18.895897,15.914143,17.756596,42450.47,18366.719,7.499999,4.7999997,15.0,7.8954163,10.799999,287.23184,5.5,0.9871157,912.0578,901.5187,2571912.0,2009293.2,143.70001,134.8,359.0,858.1099,140.76245,64
2025-03-06 16:00:00+00:00,849.0,15.3415,12.8915,14.076917,15.702929,13.022427,14.296233,42532.582,30330.615,0.0,0.0,0.0,7.928177,4.32,298.7846,8.21,1.3534218,926.1347,915.8149,2614444.5,2039623.9,143.70001,134.8,359.0,866.31995,142.11588,65
2025-03-07 16:00:00+00:00,849.0,13.9915,11.4915,12.481084,13.695036,11.439831,12.436597,42614.43,11116.357,5.9999995,5.9999995,15.0,7.8954163,6.12,291.07947,5.62,0.948614,938.6158,928.25146,2657059.0,2050740.2,149.70001,140.8,374.0,871.93994,143.06448,66
2025-03-08 16:00:00+00:00,849.0,19.241499,10.8415,14.289416,19.90169,7.924658,14.177269,42696.543,33200.32,3.2999997,3.2999997,6.0,8.78872,9.72,313.6881,16.93,2.7819932,952.9052,942.4287,2699755.5,2083940.6,153.00002,144.1,380.0,888.86993,145.84648,67
2025-03-09 16:00:00+00:00,849.0,21.141499,9.441501,,22.302559,6.028637,,42779.164,,,,0.0,9.686609,9.36,,,,,,2742534.8,,,,380.0,,,68
