date,elevation,temperature_2m_max,temperature_2m_min,temperature_2m_mean,apparent_temperature_max,apparent_temperature_min,apparent_temperature_mean,daylight_duration,sunshine_duration,precipitation_sum,rain_sum,precipitation_hours,wind_speed_10m_max,wind_gusts_10m_max,wind_direction_10m_dominant,shortwave_radiation_sum,et0_fao_evapotranspiration,cumulative_temperature_2m_mean,cumulative_apparent_temperature_mean,cumulative_daylight_duration,cumulative_sunshine_duration,cumulative_precipitation_sum,cumulative_rain_sum,cumulative_precipitation_hours,cumulative_shortwave_radiation_sum,cumulative_et0_fao_evapotranspiration,day
2025-01-01 16:00:00+00:00,261.0,18.828999,17.029,18.156084,18.652773,16.612604,18.009705,38772.383,714.89636,6.3,6.3,16.0,21.437386,42.12,37.291225,3.57,0.8539197,18.156084,18.009705,38772.383,714.89636,6.3,6.3,16.0,3.57,0.8539197,1
2025-01-02 16:00:00+00:00,261.0,18.328999,15.179,16.997747,17.918291,12.066122,15.436807,38794.59,0.0,9.299999,9.299999,24.0,29.052023,60.120003,36.768497,2.15,0.74057734,35.15383,33.44651,77566.97,714.89636,15.599999,15.599999,40.0,5.7200003,1.594497,2
2025-01-03 16:00:00+00:00,261.0,18.578999,14.429,16.208166,16.07612,11.371578,13.678914,38818.418,35935.39,2.0,2.0,13.0,27.648024,59.76,40.877197,13.65,2.3375463,51.362,47.125423,116385.39,36650.285,17.599998,17.599998,53.0,19.369999,3.9320433,3
2025-01-04 16:00:00+00:00,261.0,20.078999,15.129001,17.368582,20.934591,14.241476,17.315672,38843.863,32889.75,3.4,3.4,12.0,18.089775,43.199997,44.586506,8.99,1.7597946,68.73058,64.44109,155229.25,69540.03,20.999998,20.999998,65.0,28.359999,5.691838,4
2025-01-05 16:00:00+00:00,261.0,18.979,15.029,16.647749,18.182503,12.45233,15.305549,38870.89,35912.062,3.8999996,3.8999996,13.0,23.424908,48.96,45.224556,13.67,2.2096295,85.378334,79.74664,194100.14,105452.09,24.899998,24.899998,78.0,42.03,7.9014673,5
2025-01-06 16:00:00+00:00,261.0,16.979,13.979,15.181083,15.531607,11.312744,13.078683,38899.49,26216.994,0.0,0.0,0.0,22.791864,48.96,46.56039,10.08,1.9110297,100.55942,92.825325,232999.62,131669.1,24.899998,24.899998,78.0,52.11,9.812497,6
2025-01-07 16:00:00+00:00,261.0,19.379,14.079,16.52275,19.326797,12.5802555,15.855991,38929.938,35895.79,0.2,0.2,2.0,16.299694,34.92,45.88576,13.9,2.308322,117.08217,108.68132,271929.56,167564.88,25.099998,25.099998,80.0,66.01,12.120819,7
2025-01-08 16:00:00+00:00,261.0,17.928999,14.229,16.106081,16.181349,11.488507,14.114638,38962.35,25089.738,2.3999999,2.3999999,9.0,25.853039,53.639996,39.3601,11.05,1.9095722,133.18825,122.79596,310891.9,192654.61,27.499998,27.499998,89.0,77.060005,14.030392,8
2025-01-09 16:00:00+00:00,261.0,14.329,12.479,13.499833,11.062255,8.963598,10.150841,38996.66,17186.988,3.7999995,3.7999995,21.0,27.471678,56.88,39.80763,5.6,1.162674,146.68808,132.94681,349888.56,209841.6,31.299997,31.299997,110.0,82.66,15.193066,9
2025-01-10 16:00:00+00:00,261.0,15.229,12.379001,13.633167,13.685539,9.073088,11.22599,39032.78,762.4015,4.1999993,4.1999993,20.0,23.899363,52.199997,41.559532,4.29,1.0176785,160.32124,144.17279,388921.34,210604.0,35.499996,35.499996,130.0,86.950005,16.210745,10
2025-01-11 16:00:00+00:00,261.0,16.178999,13.279,14.3081665,13.471594,10.426401,11.813221,39070.664,35879.4,1.5000001,1.5000001,12.0,23.950148,52.92,41.86581,13.58,2.0867658,174.62941,155.98601,427992.0,246483.4,36.999996,36.999996,142.0,100.53001,18.29751,11
2025-01-12 16:00:00+00:00,261.0,16.129,12.679,13.94775,13.48325,9.656628,11.086723,39110.22,33949.133,0.0,0.0,0.0,23.233252,48.239998,47.326096,14.98,2.5418553,188.57716,167.07272,467102.22,280432.53,36.999996,36.999996,142.0,115.51001,20.839365,12
2025-01-13 16:00:00+00:00,261.0,19.529,12.579,16.093582,19.509192,10.345555,15.276286,39151.383,35879.043,1.3000001,1.3000001,4.0,17.311846,37.8,39.824554,11.14,2.090085,204.67075,182.34901,506253.6,316311.56,38.299995,38.299995,146.0,126.65001,22.929451,13
2025-01-14 16:00:00+00:00,261.0,17.479,13.879001,16.243582,17.489521,10.759698,15.292821,39194.082,0.0,17.400003,17.400003,24.0,26.94294,57.96,39.75691,2.19,0.61948335,220.91432,197.64183,545447.7,316311.56,55.699997,55.699997,170.0,128.84001,23.548935,14
2025-01-15 16:00:00+00:00,261.0,15.229,12.879001,13.785249,13.188749,9.591863,11.226292,39238.246,34956.824,0.5,0.5,4.0,26.250393,52.92,44.852203,10.16,1.640515,234.69957,208.86812,584685.94,351268.38,56.199997,56.199997,174.0,139.00002,25.18945,15
2025-01-16 16:00:00+00:00,261.0,15.729,13.079,14.1165,13.317909,10.128286,11.543289,39283.81,35888.4,0.0,0.0,0.0,23.05476,50.76,45.475224,13.97,2.2079897,248.81607,220.4114,623969.75,387156.78,56.199997,56.199997,174.0,152.97002,27.397438,16
2025-01-17 16:00:00+00:00,261.0,16.229,13.029,14.831082,15.09264,9.993098,12.845317,39330.7,8264.461,2.1000004,2.1000004,15.0,21.479664,47.88,43.290207,5.86,1.4753027,263.64716,233.25673,663300.44,395421.25,58.299995,58.299995,189.0,158.83002,28.872742,17
2025-01-18 16:00:00+00:00,261.0,20.328999,15.229,17.464417,21.609344,15.0777855,17.824903,39378.85,33256.652,2.8999999,2.8999999,15.0,16.80857,37.44,52.382526,10.91,1.8513249,281.11157,251.08163,702679.3,428677.9,61.199997,61.199997,204.0,169.74002,30.724066,18
2025-01-19 16:00:00+00:00,261.0,19.279,14.529,16.458166,19.313385,12.313801,15.127759,39428.195,35909.758,0.5,0.5,5.0,20.765635,42.12,45.43292,16.2,2.695732,297.56973,266.20938,742107.5,464587.66,61.699997,61.699997,209.0,185.94002,33.4198,19
2025-01-20 16:00:00+00:00,261.0,18.178999,14.679,16.299831,16.751953,12.707237,14.677119,39478.656,35919.57,0.0,0.0,0.0,20.875343,48.239998,44.354034,15.22,2.5289822,313.86957,280.8865,781586.1,500507.22,61.699997,61.699997,209.0,201.16002,35.948784,20
2025-01-21 16:00:00+00:00,261.0,19.328999,15.579,16.989416,20.008337,13.776073,16.55162,39530.18,26642.307,2.7999997,2.7999997,15.0,17.922432,40.68,42.55783,7.63,1.6562054,330.85898,297.4381,821116.3,527149.5,64.5,64.5,224.0,208.79002,37.60499,21
2025-01-22 16:00:00+00:00,261.0,22.229,14.579,18.6415,23.893124,15.055759,20.011637,39582.69,35731.926,0.8000001,0.8000001,4.0,16.045261,29.16,131.1859,15.86,2.627697,349.5005,317.44974,860699.0,562881.44,65.3,65.3,228.0,224.65002,40.232685,22
2025-01-23 16:00:00+00:00,261.0,21.078999,17.328999,18.68733,22.017458,16.981556,18.79709,39636.133,35082.04,1.4000002,1.4000002,10.0,17.205778,33.48,48.39856,13.13,2.259815,368.1878,336.24683,900335.1,597963.5,66.700005,66.700005,238.0,237.78003,42.4925,23
2025-01-24 16:00:00+00:00,261.0,20.529,16.729,18.270664,20.880243,16.053604,17.868406,39690.43,35972.48,0.6,0.6,6.0,18.022486,37.44,41.227436,15.51,2.5566428,386.45847,354.11523,940025.56,633936.0,67.3,67.3,244.0,253.29002,45.049145,24
2025-01-25 16:00:00+00:00,261.0,19.379,16.178999,17.437332,18.933903,15.064316,16.866365,39745.535,34998.766,4.3,4.3,16.0,18.921415,36.719997,39.06851,13.29,2.191664,403.8958,370.9816,979771.1,668934.75,71.600006,71.600006,260.0,266.58002,47.24081,25
2025-01-26 16:00:00+00:00,261.0,15.8289995,12.179,14.0685835,14.584761,8.569134,11.631515,39801.383,21912.852,6.2000003,6.2000003,24.0,25.890608,52.199997,41.463306,7.2,1.0317483,417.9644,382.6131,1019572.5,690847.6,77.8,77.8,284.0,273.78003,48.27256,26
2025-01-27 16:00:00+00:00,261.0,14.529,12.079,13.133167,11.7998905,8.210073,9.780603,39858.473,13837.164,1.3,1.3,9.0,25.697166,52.56,46.358505,7.54,1.6488672,431.09756,392.3937,1059431.0,704684.8,79.100006,79.100006,293.0,281.32004,49.92143,27
2025-01-28 16:00:00+00:00,261.0,14.479,12.379001,13.249833,11.892139,9.171452,10.2664995,39917.023,25939.47,1.1000001,1.1000001,8.0,23.046328,51.12,49.836422,9.3,1.6737685,444.3474,402.66022,1099348.0,730624.3,80.200005,80.200005,301.0,290.62003,51.595196,28
2025-01-29 16:00:00+00:00,261.0,18.029,12.779,15.26858,16.086319,9.93623,13.089217,39976.953,36221.58,0.3,0.3,3.0,20.898613,46.079998,48.41311,15.47,2.7336135,459.616,415.74942,1139325.0,766845.9,80.50001,80.50001,304.0,306.09003,54.328808,29
2025-01-30 16:00:00+00:00,261.0,18.279,15.629001,16.776917,18.470695,13.7372265,15.825791,40038.17,16251.68,27.199999,27.199999,24.0,19.440832,41.039997,44.0075,5.9,1.3656448,476.3929,431.57523,1179363.1,783097.56,107.700005,107.700005,328.0,311.99002,55.694454,30
2025-01-31 16:00:00+00:00,261.0,20.879,16.928999,18.858166,22.278282,16.777514,19.577934,40100.598,27832.463,16.2,16.2,19.0,17.10284,38.16,53.14308,10.52,1.7296915,495.25107,451.15317,1219463.8,810930.0,123.90001,123.90001,347.0,322.51,57.424145,31
2025-02-01 16:00:00+00:00,261.0,21.029,17.279,18.781082,21.717403,17.511625,19.222319,40164.15,31185.277,2.0,2.0,11.0,17.318394,30.599998,50.94287,12.89,2.0886166,514.03217,470.3755,1259627.9,842115.25,125.90001,125.90001,358.0,335.40002,59.51276,32
2025-02-02 16:00:00+00:00,261.0,18.578999,14.279,16.833164,18.67085,11.570501,16.169058,40228.746,36000.0,5.0,5.0,23.0,25.051704,47.16,43.527622,13.89,2.000466,530.86536,486.54456,1299856.6,878115.25,130.90001,130.90001,381.0,349.29004,61.513226,33
2025-02-03 16:00:00+00:00,261.0,14.179,12.129001,13.299834,11.567661,9.073149,10.267152,40294.312,32248.953,2.6999993,2.6999993,15.0,25.443748,54.719997,41.966366,8.35,1.4160209,544.16516,496.8117,1340151.0,910364.2,133.6,133.6,396.0,357.64005,62.929245,34
2025-02-04 16:00:00+00:00,261.0,15.179,11.879001,13.503998,13.530748,8.508135,11.112868,40360.758,14737.947,1.7000002,1.7000002,12.0,22.828087,46.44,52.36605,7.86,1.5160358,557.6692,507.92456,1380511.8,925102.1,135.3,135.3,408.0,365.50003,64.44528,35
2025-02-05 16:00:00+00:00,261.0,18.979,13.979,16.199833,19.09184,12.803606,15.939963,40428.023,19010.42,3.5000005,3.5000005,20.0,13.433838,32.399998,63.489548,8.83,1.5465178,573.869,523.8645,1420939.8,944112.56,138.8,138.8,428.0,374.33002,65.9918,36
2025-02-06 16:00:00+00:00,261.0,18.879,13.129001,16.3915,17.627909,9.520219,14.951584,40496.016,26158.559,1.3000002,1.3000002,12.0,28.16353,57.6,41.974136,13.53,2.1188369,590.2605,538.8161,1461435.8,970271.1,140.1,140.1,440.0,387.86002,68.110634,37
2025-02-07 16:00:00+00:00,261.0,12.929,10.779,12.070667,9.275248,6.7833443,8.154072,40564.664,23828.129,2.2,2.2,20.0,29.160557,59.76,43.689568,9.15,1.3401717,602.3312,546.97015,1502000.4,994099.25,142.3,142.3,460.0,397.01,69.450806,38
2025-02-08 16:00:00+00:00,261.0,14.029,10.929,12.443584,11.00799,7.216117,9.252242,40633.9,27866.98,1.1000001,1.1000001,9.0,23.817883,51.839996,44.56499,10.65,1.6002648,614.7748,556.2224,1542634.2,1021966.25,143.40001,143.40001,469.0,407.66,71.05107,39
2025-02-09 16:00:00+00:00,261.0,17.178999,12.279,14.547749,15.576969,9.16716,12.366361,40703.65,36174.824,0.1,0.1,1.0,22.786179,49.32,46.751923,13.63,2.3459814,629.3225,568.58875,1583337.9,1058141.1,143.50002,143.50002,470.0,421.29,73.39705,40
2025-02-10 16:00:00+00:00,261.0,19.379,14.629001,16.772749,19.16408,12.86318,15.964165,40773.836,28593.102,4.2000003,4.2000003,18.0,18.581894,42.48,53.326527,11.26,1.9740745,646.0953,584.5529,1624111.8,1086734.2,147.70001,147.70001,488.0,432.55002,75.371124,41
2025-02-11 16:00:00+00:00,261.0,19.779,16.828999,18.506084,21.620314,16.946041,19.762356,40844.395,0.0,32.8,32.8,24.0,12.466867,27.72,73.00427,3.24,0.7337751,664.6014,604.31525,1664956.1,1086734.2,180.50002,180.50002,512.0,435.79,76.1049,42
2025-02-12 16:00:00+00:00,261.0,19.578999,15.179,16.883163,20.95015,12.689543,15.499371,40915.254,1023.8919,48.400005,48.400005,24.0,28.660158,60.120003,41.206985,4.65,0.8958831,681.48456,619.81464,1705871.4,1087758.1,228.90002,228.90002,536.0,440.44,77.00078,43
2025-02-13 16:00:00+00:00,261.0,18.178999,15.229,16.678999,17.96714,12.970976,15.488407,40986.336,11543.901,3.799999,3.799999,21.0,23.623928,48.6,39.771236,7.21,1.3491385,698.1636,635.30304,1746857.8,1099302.0,232.70003,232.70003,557.0,447.65,78.349915,44
2025-02-14 16:00:00+00:00,261.0,22.629,16.479,19.422749,24.765676,16.288424,20.355045,41057.59,36942.156,0.5,0.5,5.0,16.909464,30.239998,42.30353,14.67,2.5793002,717.5863,655.6581,1787915.4,1136244.1,233.20003,233.20003,562.0,462.32,80.929214,45
2025-02-15 16:00:00+00:00,261.0,22.678999,16.229,19.251915,23.890472,15.593639,19.754572,41128.953,36827.918,1.0000001,1.0000001,10.0,19.73854,39.96,48.270576,17.52,2.9277427,736.8382,675.41266,1829044.4,1173072.0,234.20003,234.20003,572.0,479.84,83.85696,46
2025-02-16 16:00:00+00:00,261.0,19.967001,16.917,18.23575,20.099262,15.719664,17.297047,41221.28,36000.0,0.2,0.0,1.0,21.734581,39.239998,52.170597,16.29,3.0842857,755.074,692.7097,1870265.6,1209072.0,234.40002,234.20003,573.0,496.13,86.94124,47
2025-02-17 16:00:00+00:00,261.0,20.217001,16.467,17.783667,19.576084,16.049314,17.385843,41293.547,23227.395,0.1,0.0,1.0,15.94601,33.12,44.656258,10.9,2.1064174,772.85767,710.0956,1911559.1,1232299.4,234.50003,234.20003,574.0,507.03,89.04765,48
2025-02-18 16:00:00+00:00,261.0,19.067,16.917,17.737833,18.827845,16.634127,17.69311,41366.63,22667.879,0.0,0.0,0.0,13.779114,27.72,45.720905,8.17,1.6436604,790.5955,727.7887,1952925.8,1254967.2,234.50003,234.20003,574.0,515.2,90.691315,49
2025-02-19 16:00:00+00:00,261.0,20.017,17.617,18.6295,21.206944,18.55984,19.945925,41440.457,25839.662,0.0,0.0,0.0,9.504273,19.08,73.71319,8.68,1.5683095,809.22504,747.7346,1994366.2,1280806.9,234.50003,234.20003,574.0,523.88,92.25962,50
2025-02-20 16:00:00+00:00,261.0,19.767,17.767,18.706581,21.45985,17.216307,19.50506,41514.965,15376.621,1.7000002,0.0,8.0,16.610792,33.48,49.699722,5.44,1.1711614,827.93164,767.2397,2035881.2,1296183.5,236.20003,234.20003,582.0,529.32,93.43078,51
2025-02-21 16:00:00+00:00,261.0,20.567,17.467001,18.846163,20.428215,16.919714,18.944092,41590.082,25432.598,0.0,0.0,0.0,14.8257065,29.88,29.65107,10.98,2.2124484,846.77783,786.1838,2077471.4,1321616.1,236.20003,234.20003,582.0,540.3,95.64323,52
2025-02-22 16:00:00+00:00,261.0,20.317,17.767,18.616999,20.811714,16.443771,18.74336,41665.746,18193.643,0.0,0.0,0.0,15.277749,34.2,42.39448,7.8,1.728937,865.39484,804.9271,2119137.0,1339809.8,236.20003,234.20003,582.0,548.1,97.37216,53
2025-02-23 16:00:00+00:00,261.0,17.467001,15.217,16.506582,16.287804,13.193321,14.836212,41741.89,28612.68,0.0,0.0,0.0,20.696087,42.839996,38.884487,10.7,2.2963567,881.9014,819.7633,2160879.0,1368422.4,236.20003,234.20003,582.0,558.8,99.66852,54
2025-02-24 16:00:00+00:00,261.0,18.467001,15.167,16.714918,17.979357,13.576649,16.07429,41818.445,21600.0,0.3,0.0,2.0,14.417988,31.68,38.29019,11.03,2.115249,898.61633,835.8376,2202697.5,1390022.4,236.50003,234.20003,584.0,569.83,101.78377,55
2025-02-25 16:00:00+00:00,261.0,19.867,17.217001,18.527418,20.237509,17.374805,19.003347,41895.355,36934.74,0.3,0.0,3.0,11.304229,20.519999,33.08656,11.64,2.1118398,917.14374,854.84094,2244592.8,1426957.1,236.80003,234.20003,587.0,581.47003,103.89561,56
2025-02-26 16:00:00+00:00,261.0,20.567,18.717001,19.679499,21.768143,19.541113,20.967531,41972.55,5832.457,0.0,0.0,0.0,11.966954,21.96,71.88385,4.92,1.1381454,936.82324,875.8085,2286565.2,1432789.6,236.80003,234.20003,587.0,586.39,105.03375,57
2025-02-27 16:00:00+00:00,261.0,22.717001,19.567,21.037832,24.322342,21.243301,22.933996,42049.973,37017.84,0.90000004,0.0,3.0,10.028439,19.08,51.476093,13.73,2.5091467,957.8611,898.7425,2328615.2,1469807.5,237.70003,234.20003,590.0,600.12,107.5429,58
2025-02-28 16:00:00+00:00,261.0,22.167,20.117,21.152414,24.65191,21.978825,23.538599,42127.56,30749.662,0.0,0.0,0.0,8.287822,15.4800005,43.44424,9.1,1.7460209,979.0135,922.28107,2370742.8,1500557.1,237.70003,234.20003,590.0,609.22,109.28892,59
2025-03-01 16:00:00+00:00,261.0,25.2975,19.897501,22.217314,27.774906,21.681005,24.389254,42205.246,39362.996,0.3,0.0,3.0,13.849477,11.5199995,194.27257,22.25,4.022075,1001.2308,946.67035,2412948.0,1539920.1,238.00003,234.20003,593.0,631.47,113.31099,60
2025-03-02 16:00:00+00:00,261.0,25.997501,19.5475,22.457914,28.242573,20.179277,24.025904,42282.977,39639.695,0.0,0.0,0.0,14.081477,11.879999,220.56723,22.57,4.2584667,1023.68866,970.6962,2455231.0,1579559.9,238.00003,234.20003,593.0,654.04,117.56946,61
2025-03-03 16:00:00+00:00,261.0,25.8475,18.8475,22.32875,28.1283,19.489353,23.967798,42360.688,39720.54,0.0,0.0,0.0,14.934577,18.72,207.7431,22.98,4.257842,1046.0175,994.664,2497591.8,1619280.4,238.00003,234.20003,593.0,677.01996,121.8273,62
2025-03-04 16:00:00+00:00,261.0,26.4475,17.3475,21.630835,28.039753,15.949228,21.837906,42438.32,39056.34,1.2,0.0,6.0,29.01966,36.36,44.70004,19.85,3.8456366,1067.6483,1016.5019,2540030.0,1658336.8,239.20003,234.20003,599.0,696.86993,125.672935,63
2025-03-05 16:00:00+00:00,261.0,17.8475,12.0475,15.732915,16.761448,7.7918587,12.075302,42515.812,26497.707,0.0,0.0,0.0,35.864746,39.96,25.51382,10.35,2.5366187,1083.3812,1028.5771,2582545.8,1684834.5,239.20003,234.20003,599.0,707.2199,128.20955,64
2025-03-06 16:00:00+00:00,261.0,17.7975,10.447499,13.959999,14.859877,7.0368195,10.842476,42593.117,39950.707,0.0,0.0,0.0,23.1774,35.64,18.222416,15.85,3.062094,1097.3412,1039.4197,2625138.8,1724785.2,239.20003,234.20003,599.0,723.0699,131.27164,65
2025-03-07 16:00:00+00:00,261.0,20.147501,11.0975,15.4037485,18.699514,8.60819,13.13293,42670.168,39040.184,0.0,0.0,0.0,22.148046,24.48,20.919739,18.18,3.490188,1112.745,1052.5526,2667809.0,1763825.4,239.20003,234.20003,599.0,741.2499,134.76183,66
2025-03-08 16:00:00+00:00,261.0,20.397501,12.747499,15.964166,19.753387,11.322292,14.325661,42747.47,38873.684,0.3,0.3,3.0,23.051247,23.4,29.38192,17.2,3.1836193,1128.7091,1066.8783,2710556.5,1802699.0,239.50003,234.50003,602.0,758.4499,137.94545,67
2025-03-09 16:00:00+00:00,261.0,20.997501,12.497499,,21.046726,10.92765,,42825.258,,,,0.0,18.430452,14.759999,,,,,,2753381.8,,,,602.0,,,68
