date,elevation,temperature_2m_max,temperature_2m_min,temperature_2m_mean,apparent_temperature_max,apparent_temperature_min,apparent_temperature_mean,daylight_duration,sunshine_duration,precipitation_sum,rain_sum,precipitation_hours,wind_speed_10m_max,wind_gusts_10m_max,wind_direction_10m_dominant,shortwave_radiation_sum,et0_fao_evapotranspiration,cumulative_temperature_2m_mean,cumulative_apparent_temperature_mean,cumulative_daylight_duration,cumulative_sunshine_duration,cumulative_precipitation_sum,cumulative_rain_sum,cumulative_precipitation_hours,cumulative_shortwave_radiation_sum,cumulative_et0_fao_evapotranspiration,day
2025-01-01 16:00:00+00:00,1866.0,10.3085,9.2085,9.831416,9.972309,8.630659,9.43209,38386.67,0.0,14.199999,14.199999,24.0,3.3092594,23.759998,16.238901,1.33,0.37068912,9.831416,9.43209,38386.67,0.0,14.199999,14.199999,24.0,1.33,0.37068912,1
2025-01-02 16:00:00+00:00,1866.0,9.0085,5.6085,7.5355835,8.294936,3.7891235,6.2059474,38410.707,0.0,3.8999999,3.8999999,21.0,6.3639607,31.319998,17.111828,3.08,0.57601446,17.367,15.638037,76797.375,0.0,18.099998,18.099998,45.0,4.41,0.94670355,2
2025-01-03 16:00:00+00:00,1866.0,10.158501,4.1584997,6.754333,8.388391,2.433385,5.01959,38436.51,28478.072,2.8,2.8,16.0,7.458606,32.760002,95.0161,11.96,1.633293,24.121334,20.657627,115233.89,28478.072,20.899998,20.899998,61.0,16.369999,2.5799966,3
2025-01-04 16:00:00+00:00,1866.0,10.7085,5.9585,7.996,9.905673,4.2418165,6.708326,38464.06,32577.787,5.999999,5.999999,16.0,5.7204895,29.16,198.3099,10.5,1.5471693,32.117332,27.365953,153697.95,61055.86,26.899998,26.899998,77.0,26.869999,4.127166,4
2025-01-05 16:00:00+00:00,1866.0,10.658501,3.1585,6.743917,9.187312,0.3910246,4.932806,38493.316,31316.113,0.9000001,0.9000001,7.0,7.596341,34.92,351.3066,11.2,1.5744631,38.861248,32.29876,192191.27,92371.97,27.799997,27.799997,84.0,38.07,5.7016287,5
2025-01-06 16:00:00+00:00,1866.0,7.9585,4.0085,5.3876653,6.422965,2.221746,3.6601527,38524.27,14235.012,4.7,4.7,23.0,4.942631,32.399998,100.95402,5.6,0.84689933,44.248913,35.95891,230715.53,106606.984,32.499996,32.499996,107.0,43.67,6.548528,6
2025-01-07 16:00:00+00:00,1866.0,9.7085,3.3085,6.3564167,8.273142,0.9083562,4.698972,38557.234,19056.934,4.299999,4.299999,22.0,5.4656014,32.399998,235.95406,8.15,1.1776865,50.60533,40.657883,269272.75,125663.92,36.799995,36.799995,129.0,51.82,7.7262144,7
2025-01-08 16:00:00+00:00,1866.0,8.1085005,2.0585,4.4293337,6.7618637,-0.39003634,2.5086682,38592.32,14178.3545,10.799999,10.799999,18.0,4.8633323,31.319998,10.885482,6.05,0.8585046,55.034664,43.16655,307865.06,139842.28,47.599995,47.599995,147.0,57.87,8.584719,8
2025-01-09 16:00:00+00:00,1866.0,4.5585,1.7085,2.5918334,2.4711747,-0.6369169,0.28041744,38629.453,0.0,12.399999,9.900001,24.0,4.514377,34.2,28.44781,3.88,0.5935399,57.6265,43.446968,346494.5,139842.28,59.999992,57.499996,171.0,61.75,9.178259,9
2025-01-10 16:00:00+00:00,1866.0,3.4085,1.6585001,2.6314168,1.64464,-0.6630182,0.58649975,38668.555,0.0,20.300001,11.700001,24.0,2.8001428,33.839996,1.8595784,3.55,0.55595565,60.257915,44.033466,385163.06,139842.28,80.299995,69.2,195.0,65.3,9.734215,10
2025-01-11 16:00:00+00:00,1866.0,6.3585,2.6585,3.985583,4.6692123,0.37871838,1.9029961,38709.555,8851.281,6.799999,6.799999,21.0,4.669604,34.92,334.11703,5.6,0.86601365,64.2435,45.936462,423872.62,148693.56,87.09999,76.0,216.0,70.9,10.600228,11
2025-01-12 16:00:00+00:00,1866.0,8.3585005,2.7585,5.25225,6.556958,0.4478135,3.1904962,38752.363,21765.057,1.7000002,1.7000002,14.0,4.991553,33.48,168.38145,6.9,1.0200207,69.49575,49.126957,462625.0,170458.62,88.79999,77.7,230.0,77.8,11.620249,12
2025-01-13 16:00:00+00:00,1866.0,12.7085,2.7585,7.6939178,11.477677,0.36903572,6.040504,38796.914,25579.986,2.4,2.4,14.0,6.269067,34.2,200.40363,12.15,1.7997938,77.18967,55.16746,501421.9,196038.61,91.19999,80.1,244.0,89.950005,13.420043,13
2025-01-14 16:00:00+00:00,1866.0,8.3085,2.7085001,5.900167,7.361335,0.3873129,4.1072116,38843.12,3832.3066,10.8,10.8,24.0,6.361415,34.56,352.34946,3.15,0.52564716,83.089836,59.274673,540265.0,199870.92,101.99999,90.9,268.0,93.100006,13.94569,14
2025-01-15 16:00:00+00:00,1866.0,5.8085,2.6085,3.7939167,4.0006657,0.46956873,1.8027395,38890.914,345.51523,6.5000005,6.5000005,24.0,4.278551,31.68,35.720047,4.05,0.65463924,86.88375,61.07741,579155.94,200216.44,108.49999,97.4,292.0,97.15001,14.600329,15
2025-01-16 16:00:00+00:00,1866.0,7.2584996,2.7585,4.518917,5.3549814,0.64122057,2.5938284,38940.215,5638.4224,5.7,5.7,19.0,4.8633323,30.239998,40.219067,5.35,0.82374895,91.402664,63.67124,618096.1,205854.86,114.19999,103.1,311.0,102.50001,15.424078,16
2025-01-17 16:00:00+00:00,1866.0,9.7085,3.8085,6.1584992,7.913583,1.8380222,4.4866157,38990.95,14805.911,5.9000006,5.9000006,24.0,6.489992,26.28,160.48064,6.02,0.93151516,97.561165,68.15786,657087.06,220660.77,120.09999,109.0,335.0,108.520004,16.355593,17
2025-01-18 16:00:00+00:00,1866.0,11.158501,6.1085,7.8564167,10.6371155,4.540098,6.662721,39043.047,23561.213,6.0999994,6.0999994,23.0,4.5,29.519999,261.4955,8.77,1.3339719,105.41758,74.82058,696130.1,244221.98,126.19999,115.1,358.0,117.29001,17.689564,18
2025-01-19 16:00:00+00:00,1866.0,10.8085,4.6584997,6.616833,9.390121,2.3635025,4.8878736,39096.43,20544.346,4.8,4.8,21.0,6.162207,28.08,5.99243,7.3,1.1254103,112.03442,79.70845,735226.56,264766.34,130.99998,119.9,379.0,124.59001,18.814974,19
2025-01-20 16:00:00+00:00,1866.0,9.7585,4.8085,6.8355823,7.9534006,3.142095,5.1607027,39151.023,20164.033,3.8000002,3.8000002,22.0,6.320538,25.199999,111.33696,7.35,1.111503,118.869995,84.869156,774377.56,284930.38,134.79999,123.700005,401.0,131.94002,19.926477,20
2025-01-21 16:00:00+00:00,1866.0,10.5085,4.8085,7.1564155,9.141362,2.8260345,5.5859647,39206.76,33433.613,4.5999994,4.5999994,17.0,6.444905,31.68,188.97252,10.67,1.5116292,126.02641,90.455124,813584.3,318364.0,139.4,128.3,418.0,142.61002,21.438107,21
2025-01-22 16:00:00+00:00,1866.0,12.7585,4.1584997,8.3168335,12.317919,1.8756557,6.946181,39263.562,33867.52,2.4999995,2.4999995,16.0,6.638072,30.960001,259.1918,12.74,1.9351236,134.34325,97.401306,852847.9,352231.53,141.9,130.8,434.0,155.35002,23.37323,22
2025-01-23 16:00:00+00:00,1866.0,13.3585005,5.9084997,9.027251,12.875433,3.5940757,7.6514816,39321.37,31221.754,3.2,3.2,14.0,5.720489,28.8,345.4209,13.38,2.0417476,143.3705,105.05279,892169.25,383453.28,145.09999,134.0,448.0,168.73003,25.414978,23
2025-01-24 16:00:00+00:00,1866.0,11.6085005,5.3085,8.329333,10.500445,3.4209895,7.018741,39380.105,28692.57,4.6000004,4.6000004,16.0,6.384293,27.0,6.6324186,10.65,1.5583789,151.69983,112.071526,931549.4,412145.84,149.7,138.6,464.0,179.38002,26.973356,24
2025-01-25 16:00:00+00:00,1866.0,10.1085005,5.1584997,7.3085,9.135253,3.1374435,5.941166,39439.695,28006.07,9.1,9.1,24.0,5.6521144,33.12,19.685839,9.64,1.3891469,159.00833,118.012695,970989.06,440151.9,158.8,147.70001,488.0,189.02002,28.362503,25
2025-01-26 16:00:00+00:00,1866.0,4.7584996,0.6585,2.3085,2.6457067,-2.0341165,-0.20909147,39500.098,0.0,25.699999,18.3,24.0,5.815978,38.519997,347.7795,2.52,0.40435418,161.31683,117.803604,1010489.2,440151.9,184.5,166.00002,512.0,191.54002,28.766857,26
2025-01-27 16:00:00+00:00,1866.0,6.7584996,-1.7915,1.9105834,4.867217,-5.1702375,-0.7358838,39561.836,28405.717,2.5,2.1,13.0,5.5829024,27.359999,18.67344,13.74,1.7307619,163.22742,117.06772,1050051.0,468557.62,187.0,168.10002,525.0,205.28003,30.49762,27
2025-01-28 16:00:00+00:00,1866.0,5.6584997,0.2585,2.571,2.9754515,-2.486561,0.013290812,39625.152,19155.863,3.6999996,3.6999996,24.0,6.1569467,28.8,107.5414,8.58,1.1277784,165.79842,117.08101,1089676.1,487713.5,190.7,171.80002,549.0,213.86003,31.625399,28
2025-01-29 16:00:00+00:00,1866.0,11.0585,2.1085,5.6980834,9.195165,-0.36266375,3.601075,39689.95,23262.455,3.8000002,3.8000002,20.0,7.9383874,31.319998,164.65903,9.36,1.3654203,171.4965,120.68208,1129366.1,510975.97,194.5,175.60002,569.0,223.22003,32.990818,29
2025-01-30 16:00:00+00:00,1866.0,10.5585,3.6585,7.246001,9.705134,1.2218723,5.6882157,39756.145,5920.6836,4.8,4.8,19.0,6.297428,34.56,222.28026,4.67,0.8138953,178.74251,126.3703,1169122.2,516896.66,199.3,180.40002,588.0,227.89003,33.804714,30
2025-01-31 16:00:00+00:00,1866.0,14.0085,8.2085,10.558501,13.9249325,6.9889736,10.036748,39823.637,22698.402,12.700001,12.700001,20.0,5.072041,33.12,211.71289,7.89,1.3093517,189.30101,136.40704,1208945.9,539595.06,212.0,193.10002,608.0,235.78003,35.114067,31
2025-02-01 16:00:00+00:00,1866.0,10.908501,6.4084997,9.085583,10.585765,5.077135,8.353244,39892.348,0.13469696,7.7000003,7.7000003,24.0,3.572898,36.36,330.9032,4.69,0.84457386,198.3866,144.76028,1248838.2,539595.2,219.7,200.80002,632.0,240.47003,35.95864,32
2025-02-02 16:00:00+00:00,1866.0,7.4585,3.0085,5.608501,6.432232,0.73057127,3.9846046,39962.18,36.96785,20.1,20.1,24.0,4.724786,35.28,359.38394,2.75,0.5132951,203.9951,148.74489,1288800.4,539632.1,239.8,220.90002,656.0,243.22003,36.471935,33
2025-02-03 16:00:00+00:00,1866.0,4.9585,0.9085,2.7501667,2.752459,-1.6402998,0.4522026,40033.05,647.01245,16.4,10.6,24.0,5.8298883,32.399998,26.640541,5.2,0.78214425,206.74527,149.1971,1328833.4,540279.1,256.2,231.50003,680.0,248.42003,37.254078,34
2025-02-04 16:00:00+00:00,1866.0,5.0084996,1.8585,3.2751665,2.7868032,-0.6178708,1.0372796,40104.88,2437.3374,9.8,7.900001,24.0,4.6730714,36.719997,162.26167,4.84,0.72148633,210.02043,150.23438,1368938.2,542716.44,266.0,239.40002,704.0,253.26003,37.975563,35
2025-02-05 16:00:00+00:00,1866.0,8.5585,3.4585001,5.954333,7.4524145,1.2892251,4.319608,40177.58,1938.8163,8.699999,8.699999,24.0,4.3573384,30.239998,200.26576,4.86,0.79103583,215.97476,154.55399,1409115.9,544655.25,274.7,248.10002,728.0,258.12003,38.766598,36
2025-02-06 16:00:00+00:00,1866.0,8.158501,1.9585,5.1897507,6.465623,-0.51992154,3.244901,40251.066,14400.0,5.8,5.6000004,20.0,6.114703,33.839996,12.614667,5.61,0.82433975,221.16452,157.79889,1449367.0,559055.25,280.5,253.70003,748.0,263.73,39.59094,37
2025-02-07 16:00:00+00:00,1866.0,3.5585,1.0585,1.8043333,1.2770729,-1.4726899,-0.64434004,40325.258,0.0,11.3,9.000003,24.0,4.471107,36.719997,30.51218,4.16,0.61467636,222.96886,157.15456,1489692.2,559055.25,291.8,262.70004,772.0,267.89,40.205616,38
2025-02-08 16:00:00+00:00,1866.0,5.6584997,1.5085001,3.2439167,3.7369843,-0.8188753,1.17883,40400.086,0.0,4.499999,3.6999996,22.0,3.6402748,33.48,54.148758,4.7,0.7226182,226.21277,158.33339,1530092.4,559055.25,296.3,266.40005,794.0,272.59003,40.928234,39
2025-02-09 16:00:00+00:00,1866.0,9.4585,3.0585,5.700166,7.7508726,0.88888836,3.845647,40475.457,10960.305,2.3,2.3,20.0,5.414979,30.239998,166.77217,6.86,1.0414293,231.91293,162.17903,1570567.9,570015.56,298.59998,268.70004,814.0,279.45,41.96966,40
2025-02-10 16:00:00+00:00,1866.0,14.408501,3.5585,8.72725,13.497362,1.1483111,7.259235,40551.3,27719.133,1.8000001,1.8000001,9.0,8.161764,33.839996,185.91382,12.99,1.9765416,240.64018,169.43826,1611119.1,597734.7,300.39996,270.50003,823.0,292.44,43.946205,41
2025-02-11 16:00:00+00:00,1866.0,13.408501,7.9585,10.539749,13.736195,6.2273855,10.064934,40627.535,0.0,29.199999,29.199999,23.0,6.618519,32.760002,230.01317,2.48,0.5668174,251.17993,179.5032,1651746.6,597734.7,329.59998,299.70004,846.0,294.92,44.513023,42
2025-02-12 16:00:00+00:00,1866.0,10.5585,7.6085,8.458499,10.284287,6.247967,7.575678,40704.09,0.0,42.699997,42.699997,22.0,5.3999996,25.199999,26.983212,1.78,0.4323381,259.63843,187.07889,1692450.8,597734.7,372.3,342.40002,868.0,296.7,44.945362,43
2025-02-13 16:00:00+00:00,1866.0,12.5085,7.9084997,9.954333,12.165743,6.8410854,9.232338,40780.895,387.86316,2.0000002,2.0000002,15.0,6.090812,29.16,183.48318,5.23,0.92419666,269.59277,196.31122,1733231.6,598122.56,374.3,344.40002,883.0,301.93002,45.86956,44
2025-02-14 16:00:00+00:00,1866.0,17.411,9.511,12.533916,16.649265,7.6169147,11.198316,40876.797,36955.99,0.0,0.0,0.0,11.113451,81.0,202.04031,19.26,3.0342898,282.12668,207.50954,1774108.4,635078.56,374.3,344.40002,883.0,321.19003,48.90385,45
2025-02-15 16:00:00+00:00,1866.0,17.161,8.761,12.379749,16.522156,6.622155,10.325859,40953.344,37343.875,0.0,0.0,0.0,10.315115,76.32,202.80458,19.56,3.35757,294.50644,217.83539,1815061.8,672422.44,374.3,344.40002,883.0,340.75003,52.26142,46
2025-02-16 16:00:00+00:00,1866.0,14.011,6.1610003,9.494332,13.261623,4.459318,7.4851193,41030.574,37355.504,0.0,0.0,0.0,10.195057,69.84,172.81955,20.34,3.003977,304.00076,225.32051,1856092.4,709777.94,374.3,344.40002,883.0,361.09003,55.2654,47
2025-02-17 16:00:00+00:00,1866.0,10.761,5.361,7.4109993,8.8214445,3.3036394,5.4242225,41108.758,35177.34,0.0,0.0,0.0,9.422101,72.36,140.39778,10.93,1.546132,311.41177,230.74474,1897201.1,744955.25,374.3,344.40002,883.0,372.02002,56.81153,48
2025-02-18 16:00:00+00:00,1866.0,9.311,5.4110003,6.590166,7.3805857,3.4683347,4.738131,41187.824,29613.857,0.0,0.0,0.0,9.449572,74.159996,127.03631,8.01,1.0427582,318.00195,235.48286,1938389.0,774569.1,374.3,344.40002,883.0,380.03003,57.85429,49
2025-02-19 16:00:00+00:00,1866.0,11.761,5.461,8.300583,9.978215,3.6901665,6.8114514,41267.695,34737.46,0.0,0.0,0.0,8.404285,62.639996,158.11234,10.21,1.4811513,326.30255,242.29431,1979656.8,809306.56,374.3,344.40002,883.0,390.24002,59.33544,50
2025-02-20 16:00:00+00:00,1866.0,11.361,5.761,8.552667,9.9249935,3.887928,6.8880496,41348.293,33086.594,0.2,0.0,1.0,7.9932966,71.28,149.8964,9.97,1.4550778,334.85522,249.18236,2021005.0,842393.1,374.5,344.40002,884.0,400.21002,60.79052,51
2025-02-21 16:00:00+00:00,1866.0,8.861,5.561,6.9339175,6.6512165,3.6948457,5.118754,41429.55,31112.89,0.0,0.0,0.0,11.212135,74.520004,135.6355,7.97,1.0026504,341.78915,254.30112,2062434.5,873506.0,374.5,344.40002,884.0,408.18002,61.79317,52
2025-02-22 16:00:00+00:00,1866.0,11.111,7.511,8.90475,9.903329,6.3482304,7.8556304,41511.395,1098.758,0.5,0.3,5.0,5.692099,60.120003,143.47107,4.38,0.79779565,350.6939,262.15674,2103946.0,874604.75,375.0,344.7,889.0,412.56003,62.590965,53
2025-02-23 16:00:00+00:00,1866.0,7.261,3.7610002,5.4068336,6.203554,1.4163513,3.3234224,41593.75,26767.973,0.0,0.0,0.0,9.885262,78.479996,108.210335,7.08,0.8328596,356.10074,265.48016,2145539.8,901372.75,375.0,344.7,889.0,419.64,63.423824,54
2025-02-24 16:00:00+00:00,1866.0,11.761,4.211,8.167251,11.064039,2.0361462,6.5328927,41676.56,38730.98,0.0,0.0,0.0,7.9932966,59.039997,180.2068,16.15,2.2000525,364.26797,272.01306,2187216.2,940103.75,375.0,344.7,889.0,435.79,65.62388,55
2025-02-25 16:00:00+00:00,1866.0,12.961,7.961,9.869332,12.118721,5.1587753,8.4730015,41759.734,19772.695,1.2,1.2,9.0,7.208994,54.0,184.08553,9.5,1.573807,374.1373,280.48605,2228976.0,959876.44,376.2,345.90002,898.0,445.29,67.197685,56
2025-02-26 16:00:00+00:00,1866.0,12.811,8.511,10.25475,11.905146,7.427086,9.370241,41843.22,31650.016,0.0,0.0,0.0,8.427383,59.76,137.88307,8.97,1.3433286,384.39206,289.8563,2270819.2,991526.44,376.2,345.90002,898.0,454.26,68.541016,57
2025-02-27 16:00:00+00:00,1866.0,17.522001,8.811,12.211627,17.856354,7.502043,11.65831,41926.945,37230.008,1.5000001,0.0,9.0,11.367109,51.48,146.48654,20.15,3.1120875,396.6037,301.5146,2312746.2,1028756.44,377.7,345.90002,907.0,474.41,71.65311,58
2025-02-28 16:00:00+00:00,1866.0,18.322,9.172,12.305333,18.268778,6.775091,11.462939,42010.848,35686.207,1.2,0.0,6.0,10.538843,10.799999,199.5653,15.81,2.5774984,408.90903,312.97754,2354757.0,1064442.6,378.90002,345.90002,913.0,490.22,74.230606,59
2025-03-01 16:00:00+00:00,1866.0,19.372002,9.272,13.390751,20.093409,6.9233418,12.677285,42094.855,39423.54,3.6000004,0.0,12.0,10.495713,13.32,256.49365,21.96,3.5957365,422.29977,325.65482,2396851.8,1103866.1,382.50003,345.90002,925.0,512.18,77.82634,60
2025-03-02 16:00:00+00:00,1866.0,16.822,9.372,12.5345,18.514874,8.260939,12.233315,42178.902,39510.57,2.6999998,0.0,12.0,9.746631,9.72,195.7421,21.09,3.2345278,434.8343,337.88812,2439030.8,1143376.8,385.20004,345.90002,937.0,533.27,81.06087,61
2025-03-03 16:00:00+00:00,1866.0,17.772001,8.072,12.151166,18.195683,6.221197,11.472291,42262.93,39597.453,2.1,0.0,6.0,10.028439,7.5599995,201.584,20.06,3.0957265,446.98544,349.3604,2481293.8,1182974.2,387.30005,345.90002,943.0,553.33,84.15659,62
2025-03-04 16:00:00+00:00,1866.0,10.422,1.972,7.4115844,9.86671,-1.8508193,5.7195363,42346.875,3994.8494,1.5000002,1.5000002,12.0,13.527572,12.24,328.4596,2.88,0.5523832,454.39703,355.07996,2523640.5,1186969.1,388.80005,347.40002,955.0,556.21,84.70898,63
2025-03-05 16:00:00+00:00,1866.0,7.272,1.222,3.4574168,4.747238,-1.799818,0.85006595,42430.66,19336.791,0.0,0.0,0.0,8.225035,9.0,2.1969213,6.87,0.8976619,457.85446,355.93002,2566071.2,1206305.9,388.80005,347.40002,955.0,563.08,85.606636,64
2025-03-06 16:00:00+00:00,1866.0,5.272,1.572,3.1136668,2.207183,-0.7944591,0.605525,42514.234,32539.324,0.0,0.0,0.0,10.587917,7.5599995,109.60165,10.44,1.2187619,460.96814,356.53555,2608585.5,1238845.2,388.80005,347.40002,955.0,573.52,86.8254,65
2025-03-07 16:00:00+00:00,1866.0,7.3719997,2.072,4.4803333,4.557334,-0.33362436,2.2650092,42597.543,30984.955,0.0,0.0,0.0,9.779817,5.7599998,113.92107,11.66,1.4640013,465.4485,358.80057,2651183.0,1269830.2,388.80005,347.40002,955.0,585.18,88.289406,66
