date,elevation,temperature_2m_max,temperature_2m_min,temperature_2m_mean,apparent_temperature_max,apparent_temperature_min,apparent_temperature_mean,daylight_duration,sunshine_duration,precipitation_sum,rain_sum,precipitation_hours,wind_speed_10m_max,wind_gusts_10m_max,wind_direction_10m_dominant,shortwave_radiation_sum,et0_fao_evapotranspiration,cumulative_temperature_2m_mean,cumulative_apparent_temperature_mean,cumulative_daylight_duration,cumulative_sunshine_duration,cumulative_precipitation_sum,cumulative_rain_sum,cumulative_precipitation_hours,cumulative_shortwave_radiation_sum,cumulative_et0_fao_evapotranspiration,day
2025-01-01 16:00:00+00:00,1976.0,11.402,10.102,10.591584,11.159997,9.555168,10.124045,38484.04,0.0,14.300003,14.300003,23.0,5.0432134,36.719997,180.98773,1.41,0.37473297,10.591584,10.124045,38484.04,0.0,14.300003,14.300003,23.0,1.41,0.37473297,1
2025-01-02 16:00:00+00:00,1976.0,11.802,7.152,9.797833,11.317326,5.471328,8.985421,38507.617,11281.454,2.5999997,2.5999997,20.0,6.8423676,37.079998,121.29846,4.82,0.88196427,20.389418,19.109467,76991.66,11281.454,16.900003,16.900003,43.0,6.23,1.2566972,2
2025-01-03 16:00:00+00:00,1976.0,12.352,5.602,8.160334,10.6822815,3.58224,6.273234,38532.918,34498.04,0.6,0.6,6.0,6.198903,26.28,131.12134,12.44,1.8874334,28.549751,25.3827,115524.58,45779.492,17.500004,17.500004,49.0,18.67,3.1441307,3
2025-01-04 16:00:00+00:00,1976.0,11.452,7.002,8.641583,8.978849,5.2681303,6.7939568,38559.934,31549.957,2.4999995,2.4999995,18.0,9.761578,46.8,241.82852,9.68,1.5086135,37.191334,32.17666,154084.52,77329.45,20.000004,20.000004,67.0,28.35,4.6527443,4
2025-01-05 16:00:00+00:00,1976.0,12.002,5.752,8.474916,9.859875,3.8475037,6.632759,38588.625,35483.703,1.1,1.1,6.0,5.402999,40.68,199.2012,12.43,1.8956567,45.666252,38.809418,192673.14,112813.16,21.100004,21.100004,73.0,40.78,6.548401,5
2025-01-06 16:00:00+00:00,1976.0,9.302,5.052,7.172833,6.9768267,3.0717444,5.121199,38618.984,32389.846,2.1000001,2.1000001,18.0,8.53815,55.8,186.82521,6.98,1.1029265,52.839085,43.93062,231292.12,145203.0,23.200005,23.200005,91.0,47.76,7.651327,6
2025-01-07 16:00:00+00:00,1976.0,10.452,5.352,7.635334,7.879734,3.4225307,5.6876454,38651.31,34728.656,1.3000002,1.3000002,13.0,8.211235,48.6,209.27515,10.07,1.4964234,60.47442,49.618263,269943.44,179931.66,24.500004,24.500004,104.0,57.829998,9.147751,7
2025-01-08 16:00:00+00:00,1976.0,9.552,3.902,6.8561664,7.1177588,1.8805757,4.8359766,38685.723,23659.715,4.1,4.1,15.0,9.109138,51.12,189.11261,7.37,1.1590687,67.33058,54.45424,308629.16,203591.38,28.600004,28.600004,119.0,65.2,10.30682,8
2025-01-09 16:00:00+00:00,1976.0,6.952,3.352,5.3019996,5.327943,0.95617867,3.4109151,38722.145,17188.803,6.3999996,6.3999996,24.0,6.5049515,42.12,119.55078,5.55,0.82876354,72.63258,57.865154,347351.3,220780.17,35.000004,35.000004,143.0,70.75,11.135584,9
2025-01-10 16:00:00+00:00,1976.0,7.102,3.102,4.67075,5.1585207,0.86433935,2.491289,38760.492,26206.729,11.0,11.0,24.0,6.489992,49.68,188.21576,5.78,0.82892996,77.30334,60.35644,386111.8,246986.9,46.000004,46.000004,167.0,76.53,11.964514,10
2025-01-11 16:00:00+00:00,1976.0,8.402,3.752,5.4040833,6.3147345,1.4904242,3.325524,38800.703,32260.414,3.1999993,3.1999993,21.0,5.5596404,45.719997,177.67848,7.8,1.1625078,82.70742,63.681965,424912.5,279247.3,49.200005,49.200005,188.0,84.33,13.127022,11
2025-01-12 16:00:00+00:00,1976.0,10.452,2.552,6.2144985,8.286609,0.10419655,4.0577817,38842.69,35752.47,0.5,0.5,5.0,5.495161,41.760002,148.04776,9.11,1.3820654,88.92192,67.739746,463755.2,314999.78,49.700005,49.700005,193.0,93.44,14.509088,12
2025-01-13 16:00:00+00:00,1976.0,13.302,2.802,8.139501,11.488597,0.9405918,6.418295,38886.38,35197.652,1.3000001,1.3000001,4.0,6.0721655,46.8,220.18933,13.19,2.048518,97.061424,74.15804,502641.56,350197.44,51.000004,51.000004,197.0,106.630005,16.557606,13
2025-01-14 16:00:00+00:00,1976.0,9.352,5.752,7.9644985,8.620527,3.7918625,6.8628464,38931.703,3544.1025,9.500002,9.500002,24.0,6.341009,41.399998,98.619705,3.29,0.5850624,105.025925,81.02089,541573.25,353741.53,60.500008,60.500008,221.0,109.920006,17.142668,14
2025-01-15 16:00:00+00:00,1976.0,8.452,4.302,5.941582,6.614214,2.2594142,3.9777591,38978.574,31311.102,2.9,2.9,24.0,5.815978,45.0,167.25177,7.2,1.0771581,110.96751,84.99865,580551.8,385052.62,63.40001,63.40001,245.0,117.12,18.219826,15
2025-01-16 16:00:00+00:00,1976.0,9.052,4.002,6.068666,7.2689495,1.5914631,4.0028925,39026.938,32785.098,2.8999991,2.8999991,18.0,5.3517847,38.519997,150.45506,7.94,1.2013572,117.03617,89.00154,619578.75,417837.72,66.30001,66.30001,263.0,125.060005,19.421183,16
2025-01-17 16:00:00+00:00,1976.0,10.002,4.652,6.8749166,7.6428843,2.7567272,5.06247,39076.695,23973.562,2.6000001,2.6000001,15.0,7.689603,52.199997,221.41783,7.07,1.1026161,123.91109,94.06401,658655.44,441811.28,68.90001,68.90001,278.0,132.13,20.523798,17
2025-01-18 16:00:00+00:00,1976.0,11.252,6.752,8.435333,9.236731,5.247368,6.8944545,39127.793,33702.8,4.5999994,4.5999994,22.0,7.5019197,47.519997,234.51163,9.38,1.4274611,132.34642,100.958466,697783.25,475514.1,73.50001,73.50001,300.0,141.51001,21.95126,18
2025-01-19 16:00:00+00:00,1976.0,11.552,5.352,7.95825,9.304919,3.6230898,6.1567063,39180.152,33628.676,2.1000001,2.1000001,16.0,7.44121,46.44,196.62921,8.97,1.4246031,140.30467,107.11517,736963.4,509142.78,75.600006,75.600006,316.0,150.48001,23.375862,19
2025-01-20 16:00:00+00:00,1976.0,10.502,5.302,7.5082493,8.845045,3.2383618,5.63258,39233.707,31675.633,0.90000004,0.90000004,8.0,5.2323985,29.519999,153.10703,9.19,1.4196234,147.81293,112.74776,776197.06,540818.44,76.50001,76.50001,324.0,159.67001,24.795486,20
2025-01-21 16:00:00+00:00,1976.0,11.452,4.602,7.674916,8.844025,3.0387316,5.8587737,39288.38,35818.21,1.1,1.1,10.0,9.0,49.32,222.42514,11.45,1.6879094,155.48784,118.60653,815485.44,576636.6,77.600006,77.600006,334.0,171.12001,26.483397,21
2025-01-22 16:00:00+00:00,1976.0,13.552,5.702,9.220752,11.620822,4.105668,7.6314607,39344.098,35832.438,0.8000001,0.8000001,8.0,8.626865,57.239998,231.62743,13.62,2.1081374,164.70859,126.23799,854829.56,612469.06,78.40001,78.40001,342.0,184.74,28.591534,22
2025-01-23 16:00:00+00:00,1976.0,14.402,6.052,9.858251,12.513014,4.188897,8.1219,39400.797,35459.625,1.4000001,1.4000001,11.0,8.604301,51.12,207.39226,14.09,2.243682,174.56683,134.3599,894230.4,647928.7,79.80001,79.80001,353.0,198.83,30.835217,23
2025-01-24 16:00:00+00:00,1976.0,13.252,6.702,9.522833,11.539443,5.308838,8.156299,39458.41,35678.305,1.5000002,1.5000002,10.0,4.613762,38.16,172.28825,12.43,1.9602787,184.08966,142.51619,933688.8,683607.0,81.30001,81.30001,363.0,211.26001,32.795494,24
2025-01-25 16:00:00+00:00,1976.0,10.952,6.252,8.22075,8.867328,4.8377523,6.6570325,39516.867,33650.47,4.0000005,4.0000005,21.0,6.2613096,39.96,237.887,11.39,1.718009,192.31041,149.17322,973205.7,717257.5,85.30001,85.30001,384.0,222.65001,34.513504,25
2025-01-26 16:00:00+00:00,1976.0,6.202,2.502,4.8186665,4.90244,0.01213932,3.0754693,39576.12,8447.842,17.300001,12.9,24.0,5.506941,40.32,39.625565,3.07,0.5183784,197.12907,152.24869,1012781.8,725705.3,102.60001,98.20001,408.0,225.72002,35.031883,26
2025-01-27 16:00:00+00:00,1976.0,8.252,0.102,3.7395,6.591263,-2.6142654,1.3837727,39636.684,35924.86,1.3000001,1.3000001,12.0,5.5887027,34.92,112.71842,14.46,1.9370508,200.86858,153.63246,1052418.5,761630.2,103.90002,99.500015,420.0,240.18002,36.968933,27
2025-01-28 16:00:00+00:00,1976.0,7.852,2.152,4.591583,5.1909466,-0.40908742,2.1460676,39698.793,35910.14,1.4000002,1.4000002,13.0,5.815978,41.760002,165.96368,10.44,1.4534327,205.46016,155.77853,1092117.2,797540.3,105.30002,100.90002,433.0,250.62003,38.422367,28
2025-01-29 16:00:00+00:00,1976.0,10.602,3.2020001,6.2019997,8.297262,0.9021034,4.097358,39762.367,35242.12,0.4,0.4,4.0,5.020677,37.44,154.82648,11.25,1.6741557,211.66216,159.87589,1131879.6,832782.44,105.70002,101.30002,437.0,261.87003,40.096523,29
2025-01-30 16:00:00+00:00,1976.0,10.352,4.252,7.3853335,9.554434,2.4757109,6.1785207,39827.3,7500.705,4.7000003,4.7000003,17.0,3.2846913,43.56,121.11874,4.83,0.84761274,219.04749,166.05441,1171706.9,840283.1,110.40002,106.000015,454.0,266.7,40.944138,30
2025-01-31 16:00:00+00:00,1976.0,14.002,8.402,10.972833,14.363693,7.6210823,10.788467,39893.51,26420.041,11.299999,11.299999,23.0,3.536439,49.32,178.6361,7.86,1.3770745,230.02032,176.84288,1211600.4,866703.2,121.70001,117.30002,477.0,274.56,42.321213,31
2025-02-01 16:00:00+00:00,1976.0,13.352,8.552,11.116584,11.480924,7.3453627,10.073127,39960.918,19414.623,4.0,4.0,23.0,8.893166,64.799995,230.17412,6.4,1.1790287,241.1369,186.916,1251561.2,886117.8,125.70001,121.30002,500.0,280.96,43.50024,32
2025-02-02 16:00:00+00:00,1976.0,9.602,6.052,7.949917,8.278914,4.537037,6.6900196,40029.43,10551.468,11.599999,11.599999,24.0,5.441838,46.079998,212.77031,4.83,0.83673775,249.08682,193.60602,1291590.6,896669.25,137.30002,132.90002,524.0,285.78998,44.33698,33
2025-02-03 16:00:00+00:00,1976.0,6.352,3.752,4.756167,4.9457407,1.5352988,2.8460217,40098.96,12363.554,7.799999,7.799999,24.0,6.3231,35.28,125.676476,5.49,0.82699126,253.84299,196.45204,1331689.6,909032.8,145.10002,140.70003,548.0,291.27997,45.16397,34
2025-02-04 16:00:00+00:00,1976.0,6.602,2.602,4.581167,4.071313,0.19484043,2.2802927,40169.434,29921.717,5.9999995,5.9999995,24.0,8.958504,61.56,216.55252,7.12,0.93001175,258.42416,198.73233,1371859.0,938954.5,151.10002,146.70003,572.0,298.39996,46.093983,35
2025-02-05 16:00:00+00:00,1976.0,10.002,4.702,6.972832,7.988598,2.714274,5.250902,40240.758,14462.16,4.1,4.1,23.0,7.823272,50.399998,224.99986,5.83,0.9389802,265.397,203.98323,1412099.8,953416.7,155.20003,150.80003,595.0,304.22995,47.032963,36
2025-02-06 16:00:00+00:00,1976.0,11.602,5.602,8.285333,9.985334,3.785325,6.758852,40312.86,34108.746,1.8000002,1.8000002,13.0,6.9480934,49.32,186.47939,8.31,1.3556908,273.68234,210.74208,1452412.6,987525.44,157.00003,152.60004,608.0,312.53995,48.388653,37
2025-02-07 16:00:00+00:00,1976.0,8.152,3.4520001,5.749916,6.865671,1.1515675,4.000721,40385.652,10278.143,3.8999996,3.8999996,24.0,6.048107,46.8,135.15657,5.68,0.87586886,279.43225,214.7428,1492798.2,997803.56,160.90002,156.50003,632.0,318.21994,49.264523,38
2025-02-08 16:00:00+00:00,1976.0,8.702,3.302,5.2832503,6.9600506,1.0342321,3.16189,40459.062,23649.664,2.7999995,2.7999995,22.0,6.8777895,48.6,166.82935,7.28,1.0873305,284.7155,217.9047,1533257.2,1021453.25,163.70003,159.30003,654.0,325.49994,50.351852,39
2025-02-09 16:00:00+00:00,1976.0,11.352,3.9520001,7.1853337,9.295718,1.7276506,5.3450584,40533.016,36000.0,0.6,0.6,6.0,6.601363,51.48,190.76904,9.71,1.4858346,291.90085,223.24976,1573790.2,1057453.2,164.30003,159.90004,660.0,335.20993,51.83769,40
2025-02-10 16:00:00+00:00,1976.0,15.102,4.402,9.299916,14.106382,2.7500658,8.080717,40607.43,36000.0,0.0,0.0,0.0,5.223103,42.839996,175.14699,14.58,2.3263066,301.20078,231.33047,1614397.6,1093453.2,164.30003,159.90004,660.0,349.78992,54.163994,41
2025-02-11 16:00:00+00:00,1976.0,12.052,8.652,10.704085,12.592678,8.027377,10.704079,40682.23,0.0,34.7,34.7,23.0,3.438895,38.519997,91.648315,2.22,0.5333729,311.90485,242.03455,1655079.9,1093453.2,199.00003,194.60004,683.0,352.00992,54.697365,42
2025-02-12 16:00:00+00:00,1976.0,11.252,9.402,10.614501,10.974496,8.588151,10.11353,40757.348,0.0,47.399998,47.399998,21.0,5.720489,38.519997,122.81376,2.14,0.47728068,322.51935,252.14807,1695837.2,1093453.2,246.40002,242.00003,704.0,354.14993,55.174644,43
2025-02-13 16:00:00+00:00,1976.0,12.252,9.352,10.795751,11.82885,8.597982,10.272068,40832.71,406.49493,1.9000002,1.9000002,11.0,6.6405115,50.76,209.93478,5.05,0.88580346,333.3151,262.42014,1736670.0,1093859.8,248.30002,243.90002,715.0,359.19992,56.060448,44
2025-02-14 16:00:00+00:00,1976.0,16.6945,8.494499,11.815331,16.491638,6.819907,10.7966795,40939.57,36457.86,0.0,0.0,0.0,9.114471,44.639996,279.81116,17.02,2.7857597,345.13043,273.21683,1777609.6,1130317.6,248.30002,243.90002,715.0,376.2199,58.846207,45
2025-02-15 16:00:00+00:00,1976.0,17.9445,8.1945,11.959083,18.52636,5.2222757,10.285789,41014.316,37410.39,0.0,0.0,0.0,11.304229,52.56,279.31863,21.8,3.695068,357.0895,283.50262,1818624.0,1167728.0,248.30002,243.90002,715.0,398.0199,62.541275,46
2025-02-16 16:00:00+00:00,1976.0,17.0445,7.4445,10.906999,18.504963,4.801717,9.747031,41089.73,37083.72,0.0,0.0,0.0,12.144331,55.44,281.02704,20.73,3.3574243,367.99652,293.24966,1859713.8,1204811.8,248.30002,243.90002,715.0,418.7499,65.8987,47
2025-02-17 16:00:00+00:00,1976.0,12.794499,5.0945,8.286167,11.293365,3.4514208,6.5196743,41166.074,36000.0,0.0,0.0,0.0,7.9932976,48.6,270.27277,13.85,2.1476247,376.28268,299.76935,1900879.9,1240811.8,248.30002,243.90002,715.0,432.5999,68.04632,48
2025-02-18 16:00:00+00:00,1976.0,12.544499,4.2945,7.3090835,12.195646,2.4059672,6.084561,41243.285,36000.0,0.0,0.0,0.0,3.671294,45.0,162.5527,18.07,2.6865008,383.59177,305.8539,1942123.1,1276811.8,248.30002,243.90002,715.0,450.66992,70.73282,49
2025-02-19 16:00:00+00:00,1976.0,13.544499,4.5945,8.46325,12.355566,2.2397952,6.820066,41321.28,36921.875,0.0,0.0,0.0,7.208994,37.079998,259.74323,15.35,2.404765,392.05502,312.67398,1983444.4,1313733.6,248.30002,243.90002,715.0,466.01993,73.13758,50
2025-02-20 16:00:00+00:00,1976.0,13.1445,4.8945003,8.607,11.625482,3.0401502,6.9104156,41399.984,34880.195,0.0,0.0,0.0,14.003029,56.88,276.0468,11.79,1.8806022,400.66202,319.5844,2024844.4,1348613.9,248.30002,243.90002,715.0,477.80994,75.01818,51
2025-02-21 16:00:00+00:00,1976.0,10.3945,4.2445,6.70075,9.780486,2.4012918,5.3772454,41479.34,36000.0,0.1,0.0,1.0,5.8048253,44.28,135.31305,11.57,1.618275,407.36276,324.96167,2066323.8,1384613.9,248.40002,243.90002,716.0,489.37994,76.63646,52
2025-02-22 16:00:00+00:00,1976.0,12.5945,6.9945,9.215334,11.037723,5.4543676,7.7818913,41559.26,29702.482,0.0,0.0,0.0,7.5685663,48.6,268.22244,9.15,1.5323218,416.5781,332.74356,2107883.0,1414316.4,248.40002,243.90002,716.0,498.52994,78.16878,53
2025-02-23 16:00:00+00:00,1976.0,9.044499,1.8445001,5.7132506,8.019063,-0.4667077,4.1362643,41639.688,37982.08,0.3,0.0,3.0,5.6920996,45.0,131.98715,13.09,1.7817794,422.29135,336.87982,2149522.8,1452298.5,248.70003,243.90002,719.0,511.61993,79.950554,54
2025-02-24 16:00:00+00:00,1976.0,14.6445,2.4945002,8.636168,16.027897,0.27721262,7.186005,41720.555,39049.81,0.0,0.0,0.0,8.647496,43.56,274.11633,21.39,3.310523,430.92752,344.06583,2191243.2,1491348.2,248.70003,243.90002,719.0,533.00995,83.26108,55
2025-02-25 16:00:00+00:00,1976.0,13.794499,5.9945,9.4445,12.595959,2.797678,7.659679,41801.785,30255.4,0.6,0.6,3.0,10.594036,41.039997,264.1261,11.59,1.985728,440.372,351.7255,2233045.0,1521603.6,249.30003,244.50003,722.0,544.6,85.2468,56
2025-02-26 16:00:00+00:00,1976.0,12.6445,7.3445,9.6195,12.330601,5.7443314,8.662681,41883.32,38676.555,0.0,0.0,0.0,6.763786,33.48,126.68245,12.22,1.9066325,449.99152,360.38818,2274928.2,1560280.1,249.30003,244.50003,722.0,556.81995,87.153435,57
2025-02-27 16:00:00+00:00,1976.0,18.3485,7.9445,12.488667,17.751654,6.8429937,11.470704,41965.09,34523.594,0.0,0.0,0.0,11.966954,34.56,199.02563,20.5,3.4175706,462.4802,371.8589,2316893.2,1594803.8,249.30003,244.50003,722.0,577.31995,90.57101,58
2025-02-28 16:00:00+00:00,1976.0,19.4485,10.6985,13.508915,18.883045,9.178501,12.468408,42047.03,38540.543,0.9,0.0,6.0,13.1041975,15.84,131.31474,19.05,3.2663631,475.9891,384.3273,2358940.2,1633344.2,250.20003,244.50003,728.0,596.36993,93.83737,59
2025-03-01 16:00:00+00:00,1976.0,18.3985,8.8984995,12.794334,17.929188,7.617594,11.801678,42129.08,39465.64,0.3,0.0,3.0,18.671474,18.72,281.78384,23.53,3.5748312,488.78345,396.12897,2401069.2,1672809.9,250.50003,244.50003,731.0,619.89996,97.4122,60
2025-03-02 16:00:00+00:00,1976.0,16.3485,7.9485,12.002667,16.773542,6.9393196,11.371415,42211.16,39550.793,2.3999996,0.0,12.0,15.256526,18.0,288.6517,23.89,3.3421519,500.7861,407.5004,2443280.5,1712360.6,252.90002,244.50003,743.0,643.79,100.75436,61
2025-03-03 16:00:00+00:00,1976.0,17.748499,8.3984995,12.208916,17.271292,7.5719223,11.3944025,42293.23,39635.805,0.0,0.0,0.0,15.778518,14.759999,294.54156,24.34,3.714338,512.995,418.8948,2485573.8,1751996.4,252.90002,244.50003,743.0,668.13,104.4687,62
2025-03-04 16:00:00+00:00,1976.0,10.7985,8.7485,9.8047495,9.204127,7.270151,8.516113,42375.21,721.3546,1.5000002,1.5000002,9.0,12.43434,15.119999,289.10577,2.59,0.47995397,522.79974,427.41092,2527949.0,1752717.8,254.40002,246.00003,752.0,670.72003,104.948654,63
2025-03-05 16:00:00+00:00,1976.0,8.7485,3.9984999,6.9255843,6.8100595,2.1431904,4.7189674,42457.05,3891.6978,0.3,0.3,3.0,15.7908325,16.56,294.79532,4.0,0.5584576,529.72534,432.12988,2570406.0,1756609.5,254.70003,246.30003,755.0,674.72003,105.50711,64
2025-03-06 16:00:00+00:00,1976.0,11.098499,3.0484998,6.777666,9.8239355,-0.3821411,4.6998777,42538.676,39889.285,0.0,0.0,0.0,12.661564,11.879999,251.56488,21.63,2.7910087,536.503,436.82977,2612944.8,1796498.8,254.70003,246.30003,755.0,696.35004,108.29812,65
2025-03-07 16:00:00+00:00,1976.0,13.598499,1.7985001,7.2276664,12.909571,-2.1152663,5.0169225,42620.043,39973.035,0.0,0.0,0.0,13.450708,11.5199995,99.70675,24.55,3.4071262,543.73065,441.8467,2655564.8,1836471.8,254.70003,246.30003,755.0,720.9,111.705246,66
