date,elevation,temperature_2m_max,temperature_2m_min,temperature_2m_mean,apparent_temperature_max,apparent_temperature_min,apparent_temperature_mean,daylight_duration,sunshine_duration,precipitation_sum,rain_sum,precipitation_hours,wind_speed_10m_max,wind_gusts_10m_max,wind_direction_10m_dominant,shortwave_radiation_sum,et0_fao_evapotranspiration,cumulative_temperature_2m_mean,cumulative_apparent_temperature_mean,cumulative_daylight_duration,cumulative_sunshine_duration,cumulative_precipitation_sum,cumulative_rain_sum,cumulative_precipitation_hours,cumulative_shortwave_radiation_sum,cumulative_et0_fao_evapotranspiration,day
2025-01-01 16:00:00+00:00,639.0,16.546,14.096,15.402249,17.18258,14.802187,16.19615,38628.906,0.0,20.999998,20.999998,24.0,8.217153,20.16,56.288685,1.66,0.425552,15.402249,16.19615,38628.906,0.0,20.999998,20.999998,24.0,1.66,0.425552,1
2025-01-02 16:00:00+00:00,639.0,15.746,12.246,14.160583,15.892839,11.039744,13.808444,38651.79,0.0,22.1,22.1,24.0,12.492829,30.960001,53.770325,3.05,0.6177446,29.562832,30.004593,77280.695,0.0,43.1,43.1,48.0,4.71,1.0432966,2
2025-01-03 16:00:00+00:00,639.0,15.996,11.846,13.471002,15.270601,10.616491,12.713885,38676.35,33885.137,4.4,4.4,16.0,9.668195,29.519999,49.64488,11.39,1.7598616,43.033833,42.71848,115957.05,33885.137,47.5,47.5,64.0,16.1,2.8031583,3
2025-01-04 16:00:00+00:00,639.0,17.996,12.246,14.721,18.58944,12.260256,15.0496,38702.574,33196.477,10.000001,10.000001,24.0,7.388775,19.44,73.90911,11.52,1.8698921,57.754833,57.768078,154659.62,67081.61,57.5,57.5,88.0,27.62,4.6730504,4
2025-01-05 16:00:00+00:00,639.0,15.196,11.496,13.464748,14.333698,10.142028,12.822463,38730.434,15816.149,6.999999,6.999999,18.0,12.739371,31.68,62.768826,5.95,1.0202717,71.21958,70.59054,193390.06,82897.76,64.5,64.5,106.0,33.57,5.693322,5
2025-01-06 16:00:00+00:00,639.0,14.846,10.146,12.1335,13.769548,8.9827385,10.856084,38759.902,14304.506,12.799999,12.799999,23.0,10.8029995,27.72,69.02568,5.66,1.0323812,83.35308,81.446625,232149.97,97202.266,77.3,77.3,129.0,39.23,6.7257032,6
2025-01-07 16:00:00+00:00,639.0,15.646,10.096,12.568916,15.482407,8.968234,12.090305,38791.285,11741.524,34.4,34.4,24.0,8.260411,21.24,59.277996,4.99,0.8814811,95.922,93.53693,270941.25,108943.79,111.700005,111.700005,153.0,44.22,7.6071844,7
2025-01-08 16:00:00+00:00,639.0,13.696,10.096,12.0335,12.580309,8.443818,10.967987,38824.695,11336.644,24.900002,24.900002,24.0,12.879752,35.28,53.095463,3.61,0.6327174,107.9555,104.50491,309765.94,120280.43,136.6,136.6,177.0,47.83,8.239902,8
2025-01-09 16:00:00+00:00,639.0,11.946,8.846,10.18975,10.037592,6.746566,8.210724,38860.05,0.0,13.200001,13.200001,24.0,12.886039,33.839996,55.01711,3.8,0.6776786,118.14525,112.71564,348626.0,120280.43,149.8,149.8,201.0,51.63,8.91758,9
2025-01-10 16:00:00+00:00,639.0,11.996,8.796,9.981418,10.625389,6.6547527,8.384265,38897.285,0.0,28.800001,28.800001,24.0,10.837435,30.239998,55.39087,2.77,0.5184332,128.12666,121.0999,387523.28,120280.43,178.6,178.6,225.0,54.4,9.436013,10
2025-01-11 16:00:00+00:00,639.0,12.196,9.096,10.227249,10.644648,7.331418,8.597076,38936.32,0.0,23.1,23.1,22.0,10.931203,28.08,61.5554,1.94,0.5162242,138.35391,129.69698,426459.6,120280.43,201.70001,201.70001,247.0,56.34,9.952237,11
2025-01-12 16:00:00+00:00,639.0,14.046,9.096,10.873082,12.427629,7.249666,9.274698,38977.086,33573.117,4.6999993,4.6999993,18.0,9.779817,25.199999,76.99611,9.52,1.4863766,149.22699,138.97168,465436.7,153853.55,206.40001,206.40001,265.0,65.86,11.438614,12
2025-01-13 16:00:00+00:00,639.0,18.096,8.046,13.168916,17.890734,6.783799,12.797519,39019.508,35853.125,0.90000004,0.90000004,4.0,7.7879906,25.56,108.82479,14.01,2.2182305,162.3959,151.7692,504456.2,189706.67,207.3,207.3,269.0,79.87,13.656844,13
2025-01-14 16:00:00+00:00,639.0,14.396,10.396,13.156417,14.711428,8.573329,12.720471,39063.508,0.0,28.799997,28.799997,24.0,13.830749,35.64,53.187202,2.43,0.46550608,175.55232,164.48967,543519.7,189706.67,236.1,236.1,293.0,82.3,14.122351,14
2025-01-15 16:00:00+00:00,639.0,12.846,8.996,10.752248,11.220182,7.4556513,8.948308,39109.02,7331.093,9.6,9.6,23.0,11.844492,31.319998,64.706795,5.18,0.9245346,186.30457,173.43797,582628.7,197037.77,245.70001,245.70001,316.0,87.48,15.0468855,15
2025-01-16 16:00:00+00:00,639.0,12.396,9.046,10.395999,10.575184,7.556426,8.602506,39155.973,492.4633,9.0,9.0,21.0,11.307095,30.239998,63.560635,4.07,0.8057521,196.70056,182.04048,621784.7,197530.23,254.70001,254.70001,337.0,91.55,15.852637,16
2025-01-17 16:00:00+00:00,639.0,14.546,9.246,11.935584,13.971924,7.6072426,11.082072,39204.293,21444.56,7.4999995,7.4999995,23.0,8.951267,23.759998,73.649765,7.16,1.2175153,208.63614,193.12256,660989.0,218974.8,262.2,262.2,360.0,98.71001,17.070152,17
2025-01-18 16:00:00+00:00,639.0,16.746,12.696,13.956417,17.473606,12.634836,14.176564,39253.906,10698.709,61.399998,61.399998,24.0,8.863972,22.68,73.17008,4.99,0.84723437,222.59256,207.29912,700242.9,229673.5,323.6,323.6,384.0,103.700005,17.917387,18
2025-01-19 16:00:00+00:00,639.0,16.546,11.646,13.391834,16.063276,10.766492,12.618789,39304.75,23776.586,9.3,9.3,20.0,10.9859,28.08,70.518715,7.89,1.389711,235.98439,219.91791,739547.6,253450.1,332.9,332.9,404.0,111.590004,19.307098,19
2025-01-20 16:00:00+00:00,639.0,15.246,11.246,13.029334,14.738003,10.332275,12.266487,39356.754,25835.908,3.9,3.9,21.0,8.581677,21.96,64.64398,7.17,1.2569323,249.01372,232.18439,778904.4,279286.0,336.8,336.8,425.0,118.76,20.56403,20
2025-01-21 16:00:00+00:00,639.0,16.246,11.046,13.864751,16.53507,10.364902,13.889861,39409.836,18943.895,41.4,41.4,20.0,5.2323985,15.4800005,40.60123,6.6,1.1553444,262.87848,246.07425,818314.2,298229.9,378.19998,378.19998,445.0,125.36,21.719374,21
2025-01-22 16:00:00+00:00,639.0,19.696,12.896,16.246002,20.385618,13.288824,17.128815,39463.945,31420.188,74.399994,74.399994,24.0,8.281956,25.56,85.74122,10.83,1.8583874,279.12448,263.20306,857778.1,329650.1,452.59998,452.59998,469.0,136.19,23.57776,22
2025-01-23 16:00:00+00:00,639.0,18.646,13.996,15.575166,19.616146,14.352169,16.0548,39519.008,30635.422,10.4,10.4,22.0,9.346143,23.759998,63.024437,11.56,1.8582305,294.69965,279.25787,897297.1,360285.5,462.99997,462.99997,491.0,147.75,25.435991,23
2025-01-24 16:00:00+00:00,639.0,17.646,13.696,14.952251,18.029911,14.01857,15.225324,39574.953,25961.28,16.4,16.4,21.0,10.874741,28.08,57.1817,7.88,1.3063031,309.6519,294.4832,936872.06,386246.78,479.39996,479.39996,512.0,155.63,26.742294,24
2025-01-25 16:00:00+00:00,639.0,15.346,12.496,13.666833,15.185984,11.829828,13.54916,39631.723,11582.887,39.8,39.8,24.0,9.437563,24.48,61.72326,4.89,0.8399412,323.31873,308.03235,976503.8,397829.66,519.19995,519.19995,536.0,160.52,27.582235,25
2025-01-26 16:00:00+00:00,639.0,12.196,8.496,10.435582,11.483143,6.248287,8.898517,39689.266,0.0,48.4,48.4,24.0,12.303366,31.68,66.32056,2.26,0.42258888,333.7543,316.93088,1016193.06,397829.66,567.6,567.6,560.0,162.78,28.004824,26
2025-01-27 16:00:00+00:00,639.0,11.896,8.346,9.606416,9.85776,5.873211,7.3967514,39748.086,19245.832,7.9999995,7.9999995,21.0,11.177405,33.12,63.678333,7.08,1.124302,343.36072,324.32764,1055941.1,417075.5,575.6,575.6,581.0,169.86,29.129126,27
2025-01-28 16:00:00+00:00,639.0,11.596,8.346,9.735583,9.775234,6.3028173,7.736798,39808.406,9236.791,10.3,10.3,24.0,10.98,30.599998,70.18578,5.49,0.91927946,353.0963,332.06442,1095749.5,426312.28,585.89996,585.89996,605.0,175.35,30.048405,28
2025-01-29 16:00:00+00:00,639.0,15.446,8.946,11.8689165,14.912792,7.583626,10.873805,39870.15,18989.277,3.0999994,3.0999994,15.0,7.689603,19.8,75.96373,7.32,1.2484941,364.96524,342.93823,1135619.6,445301.56,588.99994,588.99994,620.0,182.67001,31.296898,29
2025-01-30 16:00:00+00:00,639.0,16.796,10.696,13.6814165,17.829344,9.781346,14.110802,39933.21,5162.2197,25.0,25.0,24.0,5.2416787,12.959999,29.458296,3.63,0.7259198,378.64667,357.04904,1175552.9,450463.78,613.99994,613.99994,644.0,186.30002,32.02282,30
2025-01-31 16:00:00+00:00,639.0,18.746,13.796,16.118917,20.356943,14.052099,17.238968,39997.523,2955.1094,49.900005,49.900005,24.0,6.1858225,17.28,122.960884,4.5,0.90170705,394.7656,374.28802,1215550.4,453418.88,663.89996,663.89996,668.0,190.80002,32.924526,31
2025-02-01 16:00:00+00:00,639.0,17.846,13.746,15.460584,18.490955,13.979082,15.858582,40062.992,0.0,35.8,35.8,24.0,10.564941,28.44,70.63407,4.06,0.8000172,410.22617,390.1466,1255613.4,453418.88,699.69995,699.69995,692.0,194.86002,33.724545,32
2025-02-02 16:00:00+00:00,639.0,14.996,10.596,13.179333,15.033102,9.0683565,12.716443,40129.54,0.0,55.4,55.4,24.0,12.71901,32.399998,62.00249,3.09,0.5755515,423.4055,402.86304,1295742.9,453418.88,755.1,755.1,716.0,197.95001,34.300095,33
2025-02-03 16:00:00+00:00,639.0,11.546,8.546,9.968917,9.7887125,6.42673,7.9708114,40197.074,1765.9766,19.099998,19.099998,21.0,12.791403,34.2,62.2585,4.31,0.7912624,433.3744,410.83386,1335940.0,455184.84,774.19995,774.19995,737.0,202.26001,35.09136,34
2025-02-04 16:00:00+00:00,639.0,13.396,8.146,10.450167,12.16646,6.1429863,8.947283,40265.523,12276.215,13.5,13.5,22.0,9.422101,24.119999,81.49817,4.58,0.86997986,443.82455,419.78116,1376205.5,467461.06,787.69995,787.69995,759.0,206.84001,35.961338,35
2025-02-05 16:00:00+00:00,639.0,15.346,10.396,12.733501,15.488531,9.7077,12.625867,40334.805,0.0,44.499996,44.499996,24.0,7.2022495,17.64,76.06336,3.05,0.61827236,456.55804,432.407,1416540.2,467461.06,832.19995,832.19995,783.0,209.89001,36.57961,36
2025-02-06 16:00:00+00:00,639.0,15.646,10.196,12.966834,14.700922,8.056463,12.049629,40404.84,8008.848,12.099998,12.099998,23.0,14.49531,37.079998,52.301098,4.46,0.8177108,469.52487,444.45663,1456945.1,475469.9,844.2999,844.2999,806.0,214.35002,37.39732,37
2025-02-07 16:00:00+00:00,639.0,10.996,7.746,9.385583,8.705705,5.197506,6.9317307,40475.55,5406.5503,6.6,6.6,22.0,14.087229,38.16,60.16151,5.13,0.84580773,478.91046,451.38837,1497420.6,480876.47,850.8999,850.8999,828.0,219.48003,38.243126,38
2025-02-08 16:00:00+00:00,639.0,11.546,7.8459997,9.385583,9.727194,5.5625324,7.3276935,40546.867,1307.8059,8.7,8.7,22.0,12.413476,30.960001,61.858498,3.81,0.71370995,488.29605,458.71606,1537967.5,482184.28,859.5999,859.5999,850.0,223.29002,38.956837,39
2025-02-09 16:00:00+00:00,639.0,15.096,8.996,11.625168,14.42333,7.2090225,10.447728,40618.703,25423.127,5.2999997,5.2999997,21.0,9.0645685,24.84,74.861984,8.52,1.3858021,499.9212,469.1638,1578586.2,507607.4,864.8999,864.8999,871.0,231.81003,40.34264,40
2025-02-10 16:00:00+00:00,639.0,17.646,9.296,14.123082,18.551418,8.318816,14.295814,40690.992,32120.822,1.8000001,1.8000001,12.0,7.1684303,23.039999,103.317604,10.83,1.7825348,514.0443,483.4596,1619277.2,539728.25,866.6999,866.6999,883.0,242.64003,42.125175,41
2025-02-11 16:00:00+00:00,639.0,17.346,14.546,16.316833,19.195393,15.001966,17.640142,40763.664,0.0,54.899998,54.899998,24.0,6.6818557,16.919998,159.85672,1.71,0.4482286,530.36115,501.09973,1660040.9,539728.25,921.5999,921.5999,907.0,244.35004,42.573402,42
2025-02-12 16:00:00+00:00,639.0,16.096,12.246,13.958501,17.090483,11.804016,13.815914,40836.64,0.0,57.100002,57.100002,24.0,11.966954,30.960001,50.940617,2.5,0.4949653,544.31964,514.91565,1700877.5,539728.25,978.6999,978.6999,931.0,246.85004,43.068367,43
2025-02-13 16:00:00+00:00,639.0,16.296,12.546,14.468917,16.898237,12.314978,14.71005,40909.86,1718.7156,5.8,5.8,21.0,6.6624317,18.72,74.267944,4.59,0.8848095,558.7886,529.6257,1741787.4,541446.94,984.4999,984.4999,952.0,251.44003,43.95318,44
2025-02-14 16:00:00+00:00,639.0,20.646,14.096,17.206417,22.50327,14.43219,18.613056,40983.24,26667.125,0.8000001,0.8000001,7.0,7.9932976,20.880001,56.76431,13.52,2.3041725,575.995,548.2387,1782770.6,568114.06,985.29987,985.29987,959.0,264.96002,46.25735,45
2025-02-15 16:00:00+00:00,639.0,19.796,14.146,16.764751,20.127241,14.58646,17.48496,41056.73,28341.014,5.1,5.1,12.0,10.957847,25.56,54.54335,10.95,1.8682972,592.75977,565.7237,1823827.4,596455.06,990.39984,990.39984,971.0,275.91003,48.12565,46
2025-02-16 16:00:00+00:00,639.0,15.996,12.696,13.9626665,15.328207,11.892897,13.295974,41130.88,13872.435,5.599999,5.599999,16.0,11.448055,30.239998,68.941864,7.9,1.3372134,606.7224,579.01965,1864958.2,610327.5,995.9998,995.9998,987.0,283.81003,49.46286,47
2025-02-17 16:00:00+00:00,639.0,14.936,11.136,12.817249,14.386396,10.324048,12.240726,41222.98,7597.513,0.0,0.0,0.0,8.78872,18.72,37.98032,4.47,0.833749,619.5397,591.2604,1906181.2,617925.0,995.9998,995.9998,987.0,288.28003,50.296608,48
2025-02-18 16:00:00+00:00,639.0,14.186,11.886,12.865167,13.596584,11.487343,12.634898,41298.344,39.983368,0.0,0.0,0.0,6.1094027,14.04,25.820946,2.27,0.5643288,632.40485,603.89526,1947479.6,617965.0,995.9998,995.9998,987.0,290.55002,50.860935,49
2025-02-19 16:00:00+00:00,639.0,16.386,13.285999,14.358917,16.629034,13.655407,15.010426,41374.473,3264.8098,0.0,0.0,0.0,6.3690495,14.04,201.25069,4.61,0.89541614,646.7638,618.9057,1988854.1,621229.8,995.9998,995.9998,987.0,295.16,51.75635,50
2025-02-20 16:00:00+00:00,639.0,14.5859995,12.785999,13.636001,15.224428,12.129471,13.662369,41451.31,566.85724,0.4,0.1,3.0,9.085988,17.64,44.696857,1.13,0.35424984,660.3998,632.56805,2030305.4,621796.7,996.39984,996.0998,990.0,296.29,52.1106,51
2025-02-21 16:00:00+00:00,639.0,16.386,12.136,14.025582,16.00342,11.253836,13.679311,41528.77,9322.004,0.0,0.0,0.0,8.0899935,18.0,348.6219,5.56,1.069155,674.42535,646.2474,2071834.1,631118.7,996.39984,996.0998,990.0,301.85,53.179756,52
2025-02-22 16:00:00+00:00,639.0,15.736,12.535999,13.750584,15.834427,11.280595,13.458244,41606.793,12653.544,0.0,0.0,0.0,9.957108,20.880001,42.20195,4.7,0.87201804,688.17596,659.7056,2113441.0,643772.25,996.39984,996.0998,990.0,306.55002,54.051773,53
2025-02-23 16:00:00+00:00,639.0,12.386,9.386,10.827666,11.1538925,7.9936476,9.283523,41685.305,0.0,0.0,0.0,0.0,10.883676,23.4,31.073963,0.46,0.3824368,699.0036,668.98914,2155126.2,643772.25,996.39984,996.0998,990.0,307.01,54.43421,54
2025-02-24 16:00:00+00:00,639.0,13.3359995,9.186,11.438083,12.7525425,7.8484125,10.789975,41764.246,8348.184,0.0,0.0,0.0,6.6087217,14.759999,41.693146,6.95,1.1485257,710.4417,679.7791,2196890.5,652120.44,996.39984,996.0998,990.0,313.96002,55.582737,55
2025-02-25 16:00:00+00:00,639.0,15.436,11.3359995,13.511001,15.678066,10.862124,13.747672,41843.55,5260.8765,0.2,0.0,2.0,5.8048253,12.599999,50.90607,5.01,0.92980057,723.9527,693.5268,2238734.0,657381.3,996.59985,996.0998,992.0,318.97003,56.51254,56
2025-02-26 16:00:00+00:00,639.0,16.386,13.486,14.981834,17.190636,13.863281,15.728855,41923.145,0.0,0.0,0.0,0.0,5.2416787,11.159999,246.50143,3.72,0.7688496,738.9345,709.2557,2280657.2,657381.3,996.59985,996.0998,992.0,322.69003,57.281387,57
2025-02-27 16:00:00+00:00,639.0,19.736,15.285999,17.019331,20.603254,15.694859,18.085667,42002.973,28515.79,0.0,0.0,0.0,7.491114,18.359999,108.43538,11.62,2.0351934,755.95386,727.3414,2322660.2,685897.1,996.59985,996.0998,992.0,334.31003,59.31658,58
2025-02-28 16:00:00+00:00,639.0,20.435999,14.386,17.202665,21.447235,14.171438,18.147396,42082.97,28889.473,0.0,0.0,0.0,8.4963045,19.44,183.57631,13.88,2.3916702,773.1565,745.4888,2364743.2,714786.6,996.59985,996.0998,992.0,348.19003,61.708252,59
2025-03-01 16:00:00+00:00,639.0,21.536,15.836,18.3735,23.080526,16.757877,19.912725,42163.066,28949.875,0.0,0.0,0.0,9.504272,23.039999,178.4235,14.12,2.4661767,791.52997,765.4015,2406906.2,743736.5,996.59985,996.0998,992.0,362.31003,64.17443,60
2025-03-02 16:00:00+00:00,639.0,26.805,16.586,20.68121,30.13491,17.373446,23.079943,42243.207,39202.07,2.1000001,0.3,9.0,11.304229,9.72,157.05641,21.41,3.9631095,812.2112,788.48145,2449149.5,782938.56,998.6998,996.3998,1001.0,383.72003,68.13754,61
2025-03-03 16:00:00+00:00,639.0,21.105,13.3550005,17.607084,23.199,13.113968,19.021273,42323.33,36167.73,0.9,0.0,6.0,9.531505,11.5199995,67.62781,15.41,2.575724,829.81824,807.50275,2491472.8,819106.3,999.59985,996.3998,1007.0,399.13004,70.713264,62
2025-03-04 16:00:00+00:00,639.0,14.705,9.555,12.038333,13.435371,8.009491,10.9928465,42403.37,26548.535,0.0,0.0,0.0,12.413477,21.24,51.61723,8.95,1.3393812,841.85657,818.4956,2533876.0,845654.9,999.59985,996.3998,1007.0,408.08005,72.05264,63
2025-03-05 16:00:00+00:00,639.0,16.155,8.405001,11.538333,15.47229,7.0584755,10.499117,42483.27,35503.137,0.0,0.0,0.0,9.659814,18.72,40.119347,15.36,2.3420231,853.3949,828.99475,2576359.2,881158.0,999.59985,996.3998,1007.0,423.44003,74.39467,64
2025-03-06 16:00:00+00:00,639.0,20.255001,11.055,14.694584,21.652283,10.513551,14.867107,42562.96,36501.902,0.0,0.0,0.0,8.350138,10.08,72.67817,18.88,3.0567183,868.0895,843.8619,2618922.2,917659.9,999.59985,996.3998,1007.0,442.32004,77.451385,65
2025-03-07 16:00:00+00:00,639.0,18.505001,12.405001,14.550834,19.039412,12.378458,14.3926735,42642.402,38185.492,0.0,0.0,0.0,10.315115,12.24,35.63772,18.22,2.8481498,882.6403,858.2546,2661564.8,955845.4,999.59985,996.3998,1007.0,460.54004,80.29954,66
2025-03-08 16:00:00+00:00,639.0,21.255001,12.255,16.484167,22.510359,11.609353,17.032694,42722.098,36948.848,0.0,0.0,0.0,7.928178,8.28,46.520706,17.11,2.9530795,899.1245,875.2873,2704286.8,992794.25,999.59985,996.3998,1007.0,477.65002,83.25262,67
2025-03-09 16:00:00+00:00,639.0,21.955,16.055,17.555,22.702253,16.633091,18.55675,42802.297,23518.098,0.0,0.0,0.0,7.145796,9.36,191.45386,9.38,1.7846806,916.6795,893.84406,2747089.0,1016312.4,999.59985,996.3998,1007.0,487.03003,85.0373,68
2025-03-10 16:00:00+00:00,639.0,23.905,15.905001,,26.067196,15.922123,,42882.93,,,,0.0,9.255571,6.4799995,,,,,,2789972.0,,,,1007.0,,,69
