date,elevation,temperature_2m_max,temperature_2m_min,temperature_2m_mean,apparent_temperature_max,apparent_temperature_min,apparent_temperature_mean,daylight_duration,sunshine_duration,precipitation_sum,rain_sum,precipitation_hours,wind_speed_10m_max,wind_gusts_10m_max,wind_direction_10m_dominant,shortwave_radiation_sum,et0_fao_evapotranspiration,cumulative_temperature_2m_mean,cumulative_apparent_temperature_mean,cumulative_daylight_duration,cumulative_sunshine_duration,cumulative_precipitation_sum,cumulative_rain_sum,cumulative_precipitation_hours,cumulative_shortwave_radiation_sum,cumulative_et0_fao_evapotranspiration,day
2025-01-01 16:00:00+00:00,20.0,18.3935,17.1435,17.780998,18.362955,16.354599,17.219856,38724.707,0.0,5.5000005,5.5000005,19.0,19.881649,35.64,350.37326,1.69,0.81979847,17.780998,17.219856,38724.707,0.0,5.5000005,5.5000005,19.0,1.69,0.81979847,1
2025-01-02 16:00:00+00:00,20.0,18.9935,15.893499,17.385164,17.132801,14.865107,15.938782,38747.137,9474.436,2.1,2.1,8.0,21.993172,40.32,349.90164,4.23,1.5133446,35.16616,33.158638,77471.84,9474.436,7.6000004,7.6000004,27.0,5.92,2.3331432,2
2025-01-03 16:00:00+00:00,20.0,22.293499,14.3435,17.876833,24.126717,14.54253,18.51751,38771.21,35717.07,0.3,0.3,3.0,11.35285,21.24,334.37918,13.89,2.4294138,53.04299,51.676147,116243.055,45191.508,7.9000006,7.9000006,30.0,19.810001,4.762557,3
2025-01-04 16:00:00+00:00,20.0,21.2435,15.9935,17.739332,20.681267,15.577038,17.379005,38796.918,34601.492,3.1000001,3.1000001,9.0,19.290257,33.839996,352.84802,10.47,1.9751223,70.782326,69.05515,155039.97,79793.0,11.000001,11.000001,39.0,30.280003,6.7376795,4
2025-01-05 16:00:00+00:00,20.0,21.4935,14.9435,17.7185,20.820772,13.20756,16.534855,38824.22,35694.023,0.0,0.0,0.0,19.73854,38.88,352.55527,16.38,3.11057,88.500824,85.59001,193864.19,115487.02,11.000001,11.000001,39.0,46.660004,9.848249,5
2025-01-06 16:00:00+00:00,20.0,20.5935,13.7435,16.647667,20.55659,13.487656,16.417046,38853.1,35475.273,0.2,0.2,1.0,14.941085,26.28,347.3444,12.55,2.2777348,105.14849,102.00706,232717.28,150962.3,11.200001,11.200001,40.0,59.210003,12.125984,6
2025-01-07 16:00:00+00:00,20.0,21.2435,12.643499,16.683084,20.958761,11.984373,16.112623,38883.867,35678.066,0.0,0.0,0.0,15.84409,25.919998,358.19543,15.56,2.7509894,121.83157,118.11968,271601.16,186640.36,11.200001,11.200001,40.0,74.770004,14.876974,7
2025-01-08 16:00:00+00:00,20.0,20.3935,14.6935,17.243498,19.354485,13.599916,16.008707,38916.605,27323.707,0.0,0.0,0.0,21.410923,34.2,353.00235,9.93,2.2893827,139.07507,134.12839,310517.75,213964.06,11.200001,11.200001,40.0,84.700005,17.166357,8
2025-01-09 16:00:00+00:00,20.0,17.4935,14.0435,15.328915,14.5077095,11.071833,12.267209,38951.266,16751.979,0.4,0.4,3.0,23.470507,40.32,353.15488,5.94,2.2450445,154.40399,146.3956,349469.0,230716.05,11.6,11.6,43.0,90.64001,19.411402,9
2025-01-10 16:00:00+00:00,20.0,17.543499,13.4435,14.972667,15.498453,10.710019,12.96207,38987.758,29061.553,1.8000002,1.8000002,13.0,21.782972,35.64,349.51462,8.3,1.9292923,169.37666,159.35767,388456.75,259777.6,13.400001,13.400001,56.0,98.94001,21.340694,10
2025-01-11 16:00:00+00:00,20.0,18.9935,12.0935,14.820583,16.760483,8.985064,12.051051,39026.023,35662.43,0.2,0.2,2.0,22.7057,39.6,355.0714,15.99,3.049162,184.19725,171.40872,427482.78,295440.03,13.6,13.6,58.0,114.93001,24.389856,11
2025-01-12 16:00:00+00:00,20.0,19.9935,9.2935,14.84975,19.565493,7.8378286,13.840783,39065.98,35661.8,0.0,0.0,0.0,11.34,21.599998,349.9737,16.34,2.807293,199.047,185.24951,466548.75,331101.84,13.6,13.6,58.0,131.27,27.19715,12
2025-01-13 16:00:00+00:00,20.0,20.543499,10.7935,15.9435005,19.80393,9.764658,15.429271,39107.56,33145.86,0.5,0.5,4.0,14.941083,23.4,340.2149,12.77,2.3916128,214.9905,200.67879,505656.3,364247.7,14.1,14.1,62.0,144.04001,29.588762,13
2025-01-14 16:00:00+00:00,20.0,17.3435,14.4435,16.235167,15.861244,11.813356,14.465244,39150.69,0.0,1.5000001,1.5000001,11.0,23.141727,39.96,350.9723,1.85,1.1337701,231.22566,215.14403,544807.0,364247.7,15.6,15.6,73.0,145.89001,30.722532,14
2025-01-15 16:00:00+00:00,20.0,18.3935,13.5435,15.012252,17.042898,11.239801,12.818629,39195.305,34467.723,0.4,0.4,4.0,21.567726,38.519997,350.6449,13.36,2.632033,246.23792,227.96266,584002.3,398715.4,16.0,16.0,77.0,159.25002,33.354565,15
2025-01-16 16:00:00+00:00,20.0,19.2435,12.0935,15.191417,18.615545,10.019834,13.439519,39241.33,35672.562,0.3,0.3,3.0,16.284779,29.519999,351.7834,14.67,2.7405224,261.42932,241.40218,623243.6,434387.97,16.3,16.3,80.0,173.92001,36.095085,16
2025-01-17 16:00:00+00:00,20.0,18.1935,13.393499,15.624751,17.806074,11.853468,14.972833,39288.695,9163.6455,2.3000002,2.3000002,13.0,13.558673,22.68,349.75653,5.32,1.2512733,277.05408,256.375,662532.3,443551.62,18.599998,18.599998,93.0,179.24002,37.34636,17
2025-01-18 16:00:00+00:00,20.0,20.4935,14.8435,17.012249,19.09961,14.197279,15.930509,39337.332,31270.992,1.7000002,1.7000002,7.0,20.418695,38.519997,352.27606,10.89,2.0736823,294.0663,272.3055,701869.6,474822.62,20.3,20.3,100.0,190.13002,39.42004,18
2025-01-19 16:00:00+00:00,20.0,21.293499,13.4935,16.933084,22.386894,12.893076,16.795141,39387.168,35697.855,0.0,0.0,0.0,14.33347,25.199999,346.2174,15.27,2.6669555,310.9994,289.10065,741256.8,510520.47,20.3,20.3,100.0,205.40002,42.086994,19
2025-01-20 16:00:00+00:00,20.0,21.6935,12.893499,17.081,22.511318,12.019562,17.141527,39438.145,35777.81,0.0,0.0,0.0,12.961249,26.64,338.52213,16.03,2.7979298,328.08038,306.2422,780694.94,546298.25,20.3,20.3,100.0,221.43002,44.884926,20
2025-01-21 16:00:00+00:00,20.0,21.5935,15.0435,17.795584,22.157978,15.259008,18.360516,39490.184,32947.59,2.8000002,2.8000002,7.0,12.57426,24.84,344.84586,9.95,1.8964206,345.87598,324.6027,820185.1,579245.8,23.099998,23.099998,107.0,231.38002,46.781345,21
2025-01-22 16:00:00+00:00,20.0,22.6935,15.4935,18.212252,21.890965,14.81164,17.688433,39543.227,35307.93,0.90000004,0.90000004,4.0,21.042301,36.36,354.27237,15.84,2.8115473,364.08823,342.29114,859728.4,614553.75,23.999998,23.999998,111.0,247.22002,49.59289,22
2025-01-23 16:00:00+00:00,20.0,22.6935,14.6935,18.239336,23.676807,13.960283,18.286188,39597.207,35969.88,0.0,0.0,0.0,13.510796,23.039999,347.66092,14.58,2.684881,382.32758,360.57733,899325.56,650523.6,23.999998,23.999998,111.0,261.80002,52.27777,23
2025-01-24 16:00:00+00:00,20.0,22.9935,14.4935,18.226833,24.783224,14.481163,18.461124,39652.06,35984.508,0.0,0.0,0.0,17.371632,29.519999,350.42404,16.67,2.9483826,400.5544,379.03845,938977.6,686508.1,23.999998,23.999998,111.0,278.47003,55.226154,24
2025-01-25 16:00:00+00:00,20.0,21.6435,15.2435,17.551832,22.07497,11.655484,16.400126,39707.715,35775.79,0.0,0.0,0.0,29.85722,52.199997,352.70377,15.03,2.8634222,418.10623,395.43857,978685.3,722283.94,23.999998,23.999998,111.0,293.50003,58.089577,25
2025-01-26 16:00:00+00:00,20.0,14.7935,12.5935,13.522666,11.342204,7.9149513,9.374219,39764.12,5436.5654,1.1,1.1,5.0,34.84476,58.32,354.05328,3.91,1.8717481,431.6289,404.81277,1018449.44,727720.5,25.099998,25.099998,116.0,297.41003,59.961327,26
2025-01-27 16:00:00+00:00,20.0,18.6935,12.3435,14.833083,16.483627,8.349806,11.771999,39821.79,34796.56,0.2,0.2,2.0,20.570463,34.92,354.0781,13.98,3.3670404,446.46198,416.58478,1058271.2,762517.06,25.3,25.3,118.0,311.39005,63.328365,27
2025-01-28 16:00:00+00:00,20.0,19.2435,13.6935,15.903916,18.453745,11.581699,14.571866,39880.926,32111.662,0.0,0.0,0.0,11.098865,22.68,344.38632,14.03,2.7632158,462.3659,431.15665,1098152.1,794628.75,25.3,25.3,118.0,325.42004,66.09158,28
2025-01-29 16:00:00+00:00,20.0,21.043499,11.5935,16.535168,21.25137,10.942129,16.194845,39941.457,36071.652,0.0,0.0,0.0,11.964246,23.759998,333.01288,16.96,3.006879,478.90106,447.3515,1138093.6,830700.4,25.3,25.3,118.0,342.38004,69.098465,29
2025-01-30 16:00:00+00:00,20.0,19.3435,14.4935,17.208082,19.401548,13.843901,17.128695,40003.29,10009.224,0.70000005,0.70000005,6.0,12.348051,26.28,332.72256,4.29,1.2421765,496.10913,464.4802,1178096.9,840709.6,26.0,26.0,124.0,346.67004,70.340645,30
2025-01-31 16:00:00+00:00,20.0,24.3435,16.543499,19.764334,25.000359,15.982559,19.889544,40066.344,33737.09,3.5999994,3.5999994,15.0,17.40424,36.36,345.21072,12.97,2.7189245,515.8735,484.36975,1218163.2,874446.7,29.599998,29.599998,139.0,359.64005,73.05957,31
2025-02-01 16:00:00+00:00,20.0,23.0935,16.3435,18.920584,25.301504,15.579586,19.038788,40130.53,36340.8,0.9000001,0.9000001,7.0,17.518356,31.319998,346.17087,16.67,2.9264138,534.79407,503.40854,1258293.8,910787.5,30.499998,30.499998,146.0,376.31006,75.985985,32
2025-02-02 16:00:00+00:00,20.0,19.8935,13.2935,16.608082,18.141207,9.985199,14.613225,40195.773,36367.695,2.3000002,2.3000002,10.0,29.060385,52.199997,351.70383,15.09,2.6698546,551.40216,518.0218,1298489.5,947155.2,32.8,32.8,156.0,391.40005,78.65584,33
2025-02-03 16:00:00+00:00,20.0,16.6935,13.1935,14.431,14.59321,10.015869,11.991706,40261.992,23639.496,1.7,1.7,10.0,24.565218,39.239998,353.44348,6.74,1.818524,565.8331,530.0135,1338751.5,970794.7,34.5,34.5,166.0,398.14005,80.474365,34
2025-02-04 16:00:00+00:00,20.0,19.3435,12.0435,16.070585,18.781515,10.941219,15.493534,40329.11,36000.0,0.1,0.1,1.0,10.609316,25.199999,324.87894,14.51,2.5040717,581.9037,545.507,1379080.6,1006794.7,34.6,34.6,167.0,412.65005,82.97844,35
2025-02-05 16:00:00+00:00,20.0,21.0935,14.9435,17.643497,20.745384,15.287371,17.331264,40397.04,35555.547,0.5,0.5,5.0,17.589418,30.239998,341.92026,12.7,2.541725,599.5472,562.83826,1419477.6,1042350.25,35.1,35.1,172.0,425.35007,85.520164,36
2025-02-06 16:00:00+00:00,20.0,21.6935,13.643499,17.110165,20.724731,10.215864,14.918312,40465.707,36000.0,1.0,1.0,4.0,29.09214,48.239998,350.56003,17.68,3.3645058,616.65735,577.7566,1459943.4,1078350.2,36.1,36.1,176.0,443.03006,88.884674,37
2025-02-07 16:00:00+00:00,20.0,16.543499,12.3435,14.19975,14.063068,8.869278,11.121888,40535.047,36000.0,1.4000002,1.4000002,13.0,23.14103,41.760002,351.2885,11.79,2.549964,630.8571,588.8785,1500478.4,1114350.2,37.5,37.5,189.0,454.82007,91.43464,38
2025-02-08 16:00:00+00:00,20.0,17.6935,12.2435,14.353916,16.725912,9.402516,12.444302,40604.973,31568.123,0.4,0.4,4.0,16.32055,29.519999,346.89722,13.2,2.5060313,645.21106,601.32275,1541083.4,1145918.4,37.9,37.9,193.0,468.02008,93.940674,39
2025-02-09 16:00:00+00:00,20.0,20.1435,11.643499,15.641418,20.064878,10.486181,14.825089,40675.418,37294.516,0.2,0.2,2.0,12.662843,21.96,351.1805,18.3,3.1250315,660.8525,616.1478,1581758.8,1183212.9,38.100002,38.100002,195.0,486.32007,97.065704,40
2025-02-10 16:00:00+00:00,20.0,22.9435,11.9935,17.570583,23.529465,10.873554,17.213099,40746.305,36373.113,0.0,0.0,0.0,13.864674,27.0,339.6592,16.9,3.184137,678.42303,633.3609,1622505.0,1219586.0,38.100002,38.100002,195.0,503.22006,100.24984,41
2025-02-11 16:00:00+00:00,20.0,19.043499,16.6435,17.901833,20.160797,16.142132,18.264582,40817.56,0.0,24.199999,24.199999,24.0,18.47084,28.8,343.03314,2.02,0.7011204,696.3249,651.6255,1663322.5,1219586.0,62.300003,62.300003,219.0,505.24005,100.95096,42
2025-02-12 16:00:00+00:00,20.0,18.1935,16.1435,17.30808,17.89143,14.953232,16.443605,40889.125,0.0,27.500002,27.500002,24.0,27.518814,40.32,346.05405,3.15,0.9379377,713.633,668.0691,1704211.6,1219586.0,89.8,89.8,243.0,508.39005,101.88889,43
2025-02-13 16:00:00+00:00,20.0,19.3435,16.1435,17.556002,19.567923,15.7848,17.695322,40960.918,0.0,4.0000005,4.0000005,13.0,13.948548,25.199999,342.96393,4.76,1.0942835,731.189,685.7644,1745172.5,1219586.0,93.8,93.8,256.0,513.15,102.98318,44
2025-02-14 16:00:00+00:00,20.0,23.3435,16.0935,19.239332,25.152464,15.482586,19.96631,41032.88,37678.152,0.4,0.4,3.0,17.377226,26.28,340.19424,18.07,3.036797,750.42834,705.7307,1786205.4,1257264.1,94.200005,94.200005,259.0,531.22003,106.01997,45
2025-02-15 16:00:00+00:00,20.0,24.3435,15.393499,19.149748,26.275879,14.533539,19.424677,41104.945,37986.562,0.0,0.0,0.0,20.435352,37.079998,345.05313,19.97,3.4253347,769.57806,725.1554,1827310.4,1295250.8,94.200005,94.200005,259.0,551.19,109.445305,46
2025-02-16 16:00:00+00:00,20.0,22.498,16.048,18.958418,22.732922,15.785851,18.983145,41177.66,36830.105,0.0,0.0,0.0,12.371645,23.039999,353.6787,15.93,2.9593892,788.5365,744.13855,1868488.0,1332080.9,94.200005,94.200005,259.0,567.12,112.40469,47
2025-02-17 16:00:00+00:00,20.0,21.448,15.298,17.518831,20.902508,14.076639,16.239193,41251.28,36703.656,0.0,0.0,0.0,23.319553,43.199997,0.25038594,17.8,3.1461277,806.05536,760.37775,1909739.2,1368784.5,94.200005,94.200005,259.0,584.92,115.55082,48
2025-02-18 16:00:00+00:00,20.0,21.498,15.148,17.589668,22.211578,14.376751,16.840492,41325.73,34714.89,0.0,0.0,0.0,20.478907,37.8,351.99734,18.73,3.3556077,823.645,777.21826,1951065.0,1403499.4,94.200005,94.200005,259.0,603.64996,118.906425,49
2025-02-19 16:00:00+00:00,20.0,21.198,15.598,17.662584,21.249784,14.929251,16.88235,41400.938,36114.84,0.0,0.0,0.0,21.542923,38.88,359.99997,17.63,2.9163694,841.3076,794.1006,1992466.0,1439614.2,94.200005,94.200005,259.0,621.27997,121.82279,50
2025-02-20 16:00:00+00:00,20.0,21.448,15.498,17.485498,20.079226,13.536911,15.63029,41476.836,35530.47,0.0,0.0,0.0,30.293522,56.519997,2.5698907,19.04,3.2289598,858.7931,809.7309,2033942.9,1475144.8,94.200005,94.200005,259.0,640.31995,125.05175,51
2025-02-21 16:00:00+00:00,20.0,22.298,14.348,17.472996,23.523184,13.024994,16.561117,41553.355,36177.203,0.0,0.0,0.0,20.780453,38.88,356.17163,19.92,3.471053,876.2661,826.292,2075496.2,1511322.0,94.200005,94.200005,259.0,660.2399,128.5228,52
2025-02-22 16:00:00+00:00,20.0,18.798,14.998,16.427164,16.49611,12.246511,14.0757265,41630.434,23656.861,0.0,0.0,0.0,29.162226,56.88,4.8999825,11.03,2.175559,892.6933,840.36774,2117126.8,1534978.9,94.200005,94.200005,259.0,671.26996,130.69835,53
2025-02-23 16:00:00+00:00,20.0,19.948,14.198,16.277164,18.02384,11.24444,13.966338,41707.996,34078.316,0.0,0.0,0.0,22.782625,43.199997,1.4198508,17.32,3.3042386,908.97046,854.33405,2158834.8,1569057.2,94.200005,94.200005,259.0,688.58997,134.0026,54
2025-02-24 16:00:00+00:00,20.0,20.848,13.048,16.433413,21.15473,12.282652,15.635589,41785.98,37716.066,0.0,0.0,0.0,18.919704,35.28,353.82993,20.43,3.4043612,925.4039,869.9696,2200620.8,1606773.4,94.200005,94.200005,259.0,709.01996,137.40695,55
2025-02-25 16:00:00+00:00,20.0,21.998,14.298,17.373,22.531513,13.783112,16.95997,41864.32,36528.773,0.0,0.0,0.0,20.12461,41.760002,355.19214,18.44,3.0950105,942.77686,886.92957,2242485.0,1643302.1,94.200005,94.200005,259.0,727.45996,140.50197,56
2025-02-26 16:00:00+00:00,20.0,23.098,16.348,19.06675,23.227036,16.033651,18.87365,41942.953,37132.81,0.0,0.0,0.0,19.386593,36.719997,355.4602,17.58,3.2574782,961.8436,905.8032,2284428.0,1680434.9,94.200005,94.200005,259.0,745.04,143.75945,57
2025-02-27 16:00:00+00:00,20.0,25.848,16.398,20.481335,27.018312,17.189642,20.935726,42021.816,39068.562,0.0,0.0,0.0,16.746773,32.039997,354.16846,20.59,4.040101,982.32495,926.73895,2326449.8,1719503.5,94.200005,94.200005,259.0,765.63,147.79955,58
2025-02-28 16:00:00+00:00,20.0,24.198,17.498,20.491747,26.053564,17.994326,21.701645,42100.844,33659.766,0.0,0.0,0.0,13.324863,25.919998,342.13663,17.16,3.1212237,1002.8167,948.4406,2368550.5,1753163.2,94.200005,94.200005,259.0,782.79,150.92078,59
2025-03-01 16:00:00+00:00,20.0,30.619001,18.998,23.817375,31.227604,20.604185,25.562452,42179.977,34817.8,0.0,0.0,0.0,15.893093,13.679999,289.62415,18.57,4.036529,1026.634,974.00305,2410730.5,1787981.0,94.200005,94.200005,259.0,801.36,154.9573,60
2025-03-02 16:00:00+00:00,20.0,31.119001,21.169,25.610666,32.866936,22.698841,27.179605,42259.156,39620.13,0.0,0.0,0.0,21.986542,27.0,222.56798,22.69,5.1644497,1052.2448,1001.1827,2452989.8,1827601.1,94.200005,94.200005,259.0,824.05,160.12175,61
2025-03-03 16:00:00+00:00,20.0,32.218998,23.019001,26.604416,32.265068,25.413364,28.267113,42338.31,39701.887,0.3,0.0,3.0,23.1774,25.919998,213.43988,20.08,5.0860868,1078.8491,1029.4498,2495328.0,1867303.0,94.50001,94.200005,262.0,844.13,165.20784,62
2025-03-04 16:00:00+00:00,20.0,31.319,21.919,25.948168,32.826244,23.593761,27.716507,42417.383,39783.44,1.8000002,0.0,9.0,22.42427,14.4,331.38962,22.45,5.1785865,1104.7972,1057.1664,2537745.5,1907086.5,96.30001,94.200005,271.0,866.58,170.38643,63
2025-03-05 16:00:00+00:00,20.0,21.469,17.119001,19.469,23.489614,16.064507,19.532385,42496.316,22838.162,1.2000002,0.0,12.0,17.87718,18.0,342.6539,9.37,2.0708945,1124.2662,1076.6987,2580241.8,1929924.6,97.50001,94.200005,283.0,875.95,172.45732,64
2025-03-06 16:00:00+00:00,20.0,21.069,16.419,18.748167,21.129244,13.969429,18.222773,42575.05,6452.079,0.0,0.0,0.0,21.129883,21.599998,292.45456,4.61,1.7621802,1143.0144,1094.9215,2622816.8,1936376.8,97.50001,94.200005,283.0,880.56,174.2195,65
2025-03-07 16:00:00+00:00,20.0,21.419,14.769,17.337751,21.261082,12.33753,15.544112,42653.53,38559.688,1.8000001,1.8000001,3.0,26.552288,27.72,344.9685,17.23,3.682792,1160.3522,1110.4656,2665470.2,1974936.5,99.30001,96.00001,286.0,897.79,177.90228,66
2025-03-08 16:00:00+00:00,20.0,24.819,14.818999,18.56067,24.172544,13.979998,17.689003,42732.27,40008.227,0.6,0.6,3.0,25.842384,27.0,345.96368,23.34,4.326595,1178.9128,1128.1545,2708202.5,2014944.8,99.90001,96.600006,289.0,921.13,182.22888,67
2025-03-09 16:00:00+00:00,20.0,25.219,16.419,,26.698744,16.668293,,42811.496,,,,0.0,20.870687,18.0,,,,,,2751014.0,,,,289.0,,,68
