date,elevation,temperature_2m_max,temperature_2m_min,temperature_2m_mean,apparent_temperature_max,apparent_temperature_min,apparent_temperature_mean,daylight_duration,sunshine_duration,precipitation_sum,rain_sum,precipitation_hours,wind_speed_10m_max,wind_gusts_10m_max,wind_direction_10m_dominant,shortwave_radiation_sum,et0_fao_evapotranspiration,cumulative_temperature_2m_mean,cumulative_apparent_temperature_mean,cumulative_daylight_duration,cumulative_sunshine_duration,cumulative_precipitation_sum,cumulative_rain_sum,cumulative_precipitation_hours,cumulative_shortwave_radiation_sum,cumulative_et0_fao_evapotranspiration,day
2025-01-01 16:00:00+00:00,830.0,14.353,12.653,13.4071665,14.107651,12.663162,13.547562,38288.64,0.0,12.400002,12.400002,24.0,7.570707,24.84,79.84417,1.77,0.46901003,13.4071665,13.547562,38288.64,0.0,12.400002,12.400002,24.0,1.77,0.46901003,1
2025-01-02 16:00:00+00:00,830.0,12.8029995,10.653,11.311333,12.782536,8.950488,10.237134,38313.15,0.0,6.2999997,6.2999997,22.0,9.97986,33.12,63.991894,3.05,0.6371723,24.718498,23.784695,76601.79,0.0,18.7,18.7,46.0,4.8199997,1.1061823,2
2025-01-03 16:00:00+00:00,830.0,15.253,9.453,12.105083,12.825855,7.2062206,10.149401,38339.457,28549.977,0.0,0.0,0.0,15.281989,49.32,108.20857,10.79,1.7873455,36.82358,33.934097,114941.25,28549.977,18.7,18.7,46.0,15.61,2.893528,3
2025-01-04 16:00:00+00:00,830.0,17.653,10.153,12.778,17.879852,8.735855,12.50787,38367.535,28397.08,3.5999994,3.5999994,10.0,7.386582,27.72,281.0407,9.23,1.539941,49.60158,46.441967,153308.78,56947.055,22.3,22.3,56.0,24.84,4.433469,4
2025-01-05 16:00:00+00:00,830.0,14.103,9.003,11.325916,12.222645,7.335104,9.893855,38397.363,35471.28,0.5,0.5,4.0,10.650465,37.8,37.178253,12.52,1.8299518,60.927498,56.335823,191706.14,92418.336,22.8,22.8,60.0,37.36,6.2634206,5
2025-01-06 16:00:00+00:00,830.0,13.153,8.153,10.107166,10.808888,5.8331413,7.965998,38428.918,28288.4,2.0,2.0,11.0,13.288341,38.519997,95.803825,10.02,1.5606275,71.03467,64.30182,230135.06,120706.734,24.8,24.8,71.0,47.38,7.824048,6
2025-01-07 16:00:00+00:00,830.0,14.603,8.203,11.302999,13.257618,6.7841654,10.177871,38462.523,17571.611,1.2,1.2,9.0,9.007196,28.08,101.24546,8.31,1.3529121,82.33767,74.47969,268597.6,138278.34,26.0,26.0,80.0,55.690002,9.17696,7
2025-01-08 16:00:00+00:00,830.0,10.653,6.8529997,9.50925,9.976466,4.915989,7.9353604,38498.29,7477.961,8.200001,8.200001,21.0,11.53265,32.039997,61.93538,3.6,0.717699,91.84692,82.415054,307095.88,145756.31,34.2,34.2,101.0,59.29,9.894659,8
2025-01-09 16:00:00+00:00,830.0,6.953,5.903,6.405083,4.63295,3.7299533,4.1589828,38536.15,0.0,6.0999985,6.0999985,24.0,9.187056,29.519999,60.18308,3.25,0.5911587,98.252,86.574036,345632.03,145756.31,40.3,40.3,125.0,62.54,10.485818,9
2025-01-10 16:00:00+00:00,830.0,9.103,6.153,7.4217496,6.3215866,4.2277126,5.404883,38576.01,688.5736,6.1999993,6.1999993,24.0,11.230904,27.359999,74.35466,3.51,0.6659652,105.67375,91.97892,384208.03,146444.89,46.5,46.5,149.0,66.05,11.151783,10
2025-01-11 16:00:00+00:00,830.0,11.203,5.8529997,8.036334,8.478749,2.7999382,5.758715,38617.8,30941.271,0.70000005,0.70000005,5.0,8.748075,28.08,45.92259,11.22,1.6659973,113.71008,97.73763,422825.84,177386.16,47.2,47.2,154.0,77.270004,12.8177805,11
2025-01-12 16:00:00+00:00,830.0,14.5529995,4.503,9.4155,12.227524,1.7566805,6.96567,38661.44,35698.3,0.0,0.0,0.0,13.202726,40.68,114.54618,13.66,2.0234807,123.12558,104.7033,461487.28,213084.45,47.2,47.2,154.0,90.93001,14.841261,12
2025-01-13 16:00:00+00:00,830.0,18.003,5.8529997,11.894666,18.024033,4.0424175,10.981617,38706.85,34473.695,0.3,0.3,2.0,7.7043357,23.4,144.12369,13.74,2.2384691,135.02025,115.68492,500194.12,247558.16,47.5,47.5,156.0,104.670006,17.079731,13
2025-01-14 16:00:00+00:00,830.0,11.753,6.8529997,9.74675,11.692284,4.90497,8.62448,38753.953,0.0,14.9000025,14.9000025,23.0,8.209263,28.08,21.186281,2.4,0.47689724,144.767,124.3094,538948.06,247558.16,62.4,62.4,179.0,107.07001,17.55663,14
2025-01-15 16:00:00+00:00,830.0,10.403,6.503,7.842583,7.7283955,4.3430195,5.59214,38802.676,11706.305,1.3000001,1.3000001,11.0,10.718693,32.039997,72.79979,6.54,1.0568881,152.60959,129.90155,577750.75,259264.47,63.7,63.7,190.0,113.61001,18.613518,15
2025-01-16 16:00:00+00:00,830.0,11.453,7.553,8.905084,8.799404,5.507182,6.56881,38852.926,16523.133,0.0,0.0,0.0,11.177405,33.48,85.05177,8.27,1.3516935,161.51468,136.47037,616603.7,275787.6,63.7,63.7,190.0,121.880005,19.965212,16
2025-01-17 16:00:00+00:00,830.0,14.853,6.953,10.88425,13.032913,4.8102865,9.370101,38904.64,30822.625,0.9,0.9,6.0,11.351422,30.599998,115.992386,9.32,1.5070683,172.39893,145.84047,655508.3,306610.22,64.6,64.6,196.0,131.20001,21.47228,17
2025-01-18 16:00:00+00:00,830.0,12.753,7.953,11.196751,12.2650585,6.5847006,10.610232,38957.742,5208.203,4.5,4.5,17.0,7.208994,23.039999,313.85104,4.13,0.7299946,183.59567,156.4507,694466.06,311818.44,69.1,69.1,213.0,135.33002,22.202274,18
2025-01-19 16:00:00+00:00,830.0,15.253,6.153,10.130083,13.651447,3.6854868,8.302819,39012.156,35746.78,0.8000001,0.8000001,7.0,10.819482,36.0,101.30989,13.19,2.013604,193.72575,164.75352,733478.25,347565.22,69.9,69.9,220.0,148.52002,24.215878,19
2025-01-20 16:00:00+00:00,830.0,15.953,7.153,11.223834,14.006811,4.768365,9.287192,39067.8,35759.32,0.0,0.0,0.0,13.797913,44.639996,111.19499,14.06,2.1454015,204.94958,174.04071,772546.06,383324.53,69.9,69.9,220.0,162.58002,26.361279,20
2025-01-21 16:00:00+00:00,830.0,16.953,8.753,12.659251,16.723185,7.329604,11.980338,39124.61,34153.043,1.9000001,1.9000001,6.0,7.193247,27.359999,146.39876,10.61,1.7936145,217.60884,186.02104,811670.7,417477.56,71.8,71.8,226.0,173.19002,28.154894,21
2025-01-22 16:00:00+00:00,830.0,16.003,10.253,12.650916,15.637932,9.604931,12.343998,39182.508,27609.016,0.3,0.3,3.0,8.528657,31.68,293.25262,8.19,1.3151293,230.25975,198.36504,850853.2,445086.56,72.100006,72.100006,229.0,181.38002,29.470024,22
2025-01-23 16:00:00+00:00,830.0,16.453,11.003,13.6655,15.998299,10.721008,13.617679,39241.42,26931.758,2.6,2.6,16.0,10.514218,31.68,60.945507,8.9,1.4618397,243.92525,211.98271,890094.6,472018.3,74.700005,74.700005,245.0,190.28001,30.931864,23
2025-01-24 16:00:00+00:00,830.0,14.603,12.353,13.171748,13.754196,12.156668,12.952183,39301.285,16269.462,4.5,4.5,24.0,10.583326,32.039997,66.06271,6.31,1.0484143,257.097,224.93489,929395.94,488287.78,79.200005,79.200005,269.0,196.59001,31.980278,24
2025-01-25 16:00:00+00:00,830.0,13.403,8.8029995,11.523831,12.291563,7.913021,10.803031,39362.027,7801.659,12.900001,12.900001,24.0,10.373061,32.039997,37.030487,5.57,0.93762624,268.62082,235.73792,968757.94,496089.44,92.100006,92.100006,293.0,202.16002,32.917904,25
2025-01-26 16:00:00+00:00,830.0,8.503,4.203,5.9800835,7.496953,1.5347548,3.6775653,39423.582,3081.3794,13.8,13.4,16.0,9.605998,31.68,326.6893,3.61,0.59440386,274.6009,239.41548,1008181.5,499170.8,105.90001,105.50001,309.0,205.77002,33.512306,26
2025-01-27 16:00:00+00:00,830.0,11.653,2.553,6.6905003,9.711549,-0.29510307,4.132713,39486.508,33307.05,0.0,0.0,0.0,11.19189,36.36,89.35084,15.58,2.1206317,281.29138,243.54819,1047668.0,532477.9,105.90001,105.50001,309.0,221.35002,35.63294,27
2025-01-28 16:00:00+00:00,830.0,12.403,3.553,7.6696663,9.60163,0.54340076,4.8227115,39551.035,35911.44,0.0,0.0,0.0,13.159711,38.519997,108.90467,14.4,2.0366678,288.96106,248.3709,1087219.0,568389.3,105.90001,105.50001,309.0,235.75002,37.669605,28
2025-01-29 16:00:00+00:00,830.0,16.803,5.403,10.815498,15.801464,3.024477,9.0537615,39617.074,35937.41,0.0,0.0,0.0,9.54679,29.88,116.97486,15.05,2.3534226,299.77655,257.42465,1126836.1,604326.75,105.90001,105.50001,309.0,250.80002,40.02303,29
2025-01-30 16:00:00+00:00,830.0,16.853,8.303,12.45925,17.238005,6.5023575,11.883209,39684.53,19526.896,2.0,2.0,8.0,6.76618,26.64,140.01607,6.68,1.2535375,312.2358,269.30786,1166520.6,623853.6,107.90001,107.50001,317.0,257.48,41.276566,30
2025-01-31 16:00:00+00:00,830.0,19.603,12.353,15.021748,20.792763,12.680395,15.673149,39753.316,26402.627,14.099999,14.099999,20.0,7.8954163,27.359999,57.129086,7.74,1.4087863,327.25757,284.98102,1206274.0,650256.25,122.00001,121.600006,337.0,265.22,42.685352,31
2025-02-01 16:00:00+00:00,830.0,14.103,11.853,12.682167,13.649496,11.881847,12.58257,39823.336,0.0,7.0,7.0,23.0,9.039514,28.44,34.710766,3.74,0.7421966,339.93973,297.5636,1246097.4,650256.25,129.0,128.6,360.0,268.96,43.427547,32
2025-02-02 16:00:00+00:00,830.0,11.753,6.903,9.271749,11.787256,5.7836447,8.393212,39894.504,107.873726,17.099998,17.099998,24.0,6.6624317,24.84,6.4859385,2.03,0.43036333,349.2115,305.95682,1285991.9,650364.1,146.1,145.70001,384.0,270.99,43.85791,33
2025-02-03 16:00:00+00:00,830.0,10.0529995,5.253,7.019666,7.4189577,2.771453,4.6588187,39966.727,26582.611,5.3,5.1,9.0,10.946013,32.039997,60.527527,10.6,1.521358,356.23114,310.61563,1325958.6,676946.75,151.40001,150.80002,393.0,281.59,45.37927,34
2025-02-04 16:00:00+00:00,830.0,12.153,5.403,8.58425,9.46457,2.830543,6.196314,40039.92,33336.594,0.9000001,0.9000001,9.0,12.399112,39.96,109.08504,10.68,1.6235445,364.8154,316.81195,1365998.5,710283.4,152.3,151.70001,402.0,292.27,47.00281,35
2025-02-05 16:00:00+00:00,830.0,14.3029995,8.153,11.346749,13.585876,6.528781,10.292061,40114.004,15049.072,1.4000001,1.4000001,11.0,8.089993,27.0,106.15808,7.15,1.231303,376.16214,327.104,1406112.5,725332.44,153.7,153.1,413.0,299.41998,48.234116,36
2025-02-06 16:00:00+00:00,830.0,11.353,5.703,9.061333,11.084339,3.4718533,7.6069074,40188.89,4170.1133,9.3,9.3,20.0,10.399576,29.88,68.342964,3.02,0.5517811,385.22348,334.7109,1446301.4,729502.56,163.0,162.40001,433.0,302.43997,48.785896,37
2025-02-07 16:00:00+00:00,830.0,5.3529997,4.403,4.8009167,2.950499,1.504509,2.0687428,40264.496,465.2705,6.5,5.7000003,24.0,9.614426,32.039997,66.25469,3.72,0.61528736,390.02438,336.77966,1486565.9,729967.8,169.5,168.1,457.0,306.15997,49.401184,38
2025-02-08 16:00:00+00:00,830.0,9.503,5.003,7.1446667,6.926732,2.5987134,4.6493,40340.74,4898.3994,0.9000001,0.9000001,9.0,10.435344,34.92,77.47121,6.52,1.0680476,397.16904,341.42896,1526906.6,734866.2,170.4,169.0,466.0,312.67996,50.46923,39
2025-02-09 16:00:00+00:00,830.0,15.203,6.6029997,10.280084,13.9542465,4.225628,8.36638,40417.54,36207.812,0.0,0.0,0.0,10.644379,32.760002,108.49212,13.18,2.0228465,407.44913,349.79535,1567324.1,771074.0,170.4,169.0,466.0,325.85995,52.492077,40
2025-02-10 16:00:00+00:00,830.0,20.003,6.553,13.209251,21.08937,4.894616,12.731301,40494.82,36103.4,0.0,0.0,0.0,7.44121,24.119999,137.48305,16.8,2.824946,420.6584,362.52664,1607819.0,807177.4,170.4,169.0,466.0,342.65994,55.317024,41
2025-02-11 16:00:00+00:00,830.0,17.203,11.703,14.669667,19.005594,11.374699,15.505948,40572.504,0.0,29.7,29.7,19.0,6.1226463,32.760002,255.14134,3.04,0.679273,435.32806,378.0326,1648391.5,807177.4,200.09999,198.7,485.0,345.69995,55.996296,42
2025-02-12 16:00:00+00:00,830.0,13.0529995,10.753,11.809249,12.344189,9.93903,10.911564,40650.508,0.0,35.399998,35.399998,19.0,10.703569,40.32,92.25137,3.07,0.62681574,447.1373,388.94415,1689042.0,807177.4,235.49998,234.09999,504.0,348.76996,56.62311,43
2025-02-13 16:00:00+00:00,830.0,18.353,11.403,14.2655,18.420536,10.695431,13.962078,40728.766,30708.377,0.1,0.1,1.0,9.867218,28.08,112.3016,10.41,1.7675391,461.4028,402.90622,1729770.8,837885.75,235.59999,234.2,505.0,359.17996,58.39065,44
2025-02-14 16:00:00+00:00,830.0,21.453,10.203,15.467586,23.853752,9.403056,16.143381,40807.2,36182.41,0.0,0.0,0.0,4.8466477,20.16,183.66185,15.65,2.7366357,476.8704,419.0496,1770578.0,874068.2,235.59999,234.2,505.0,374.82996,61.12729,45
2025-02-15 16:00:00+00:00,830.0,17.753,12.103,14.588417,18.084366,11.890009,14.802985,40885.742,24993.361,1.3000001,1.3000001,9.0,7.8480825,27.72,0.5474035,10.36,1.7665253,491.4588,433.85257,1811463.8,899061.56,236.9,235.5,514.0,385.18994,62.893814,46
2025-02-16 16:00:00+00:00,830.0,17.229,10.979,13.399834,16.843771,8.679241,11.881276,40970.973,37275.39,0.0,0.0,0.0,13.397612,50.76,102.225075,19.94,3.039198,504.85864,445.73386,1852434.8,936336.94,236.9,235.5,514.0,405.12994,65.933014,47
2025-02-17 16:00:00+00:00,830.0,14.129,10.679001,12.137333,13.515894,8.926483,10.786405,41051.016,11407.484,0.0,0.0,0.0,13.708391,47.16,95.118645,7.34,1.2156639,516.996,456.52026,1893485.8,947744.44,236.9,235.5,514.0,412.46994,67.14868,48
2025-02-18 16:00:00+00:00,830.0,16.529,11.179001,13.245667,15.814257,9.167949,11.847692,41131.953,33868.29,0.0,0.0,0.0,13.708391,47.88,113.20958,13.2,2.1174357,530.24164,468.36795,1934617.8,981612.75,236.9,235.5,514.0,425.66995,69.26612,49
2025-02-19 16:00:00+00:00,830.0,17.279001,12.329,14.429002,17.377508,11.307974,14.4275675,41213.715,32072.625,0.5,0.0,3.0,9.220499,34.92,79.69527,12.46,2.0298233,544.67065,482.79553,1975831.5,1013685.4,237.4,235.5,517.0,438.12994,71.295944,50
2025-02-20 16:00:00+00:00,830.0,13.429001,10.629,11.783169,14.105537,9.19695,10.860947,41296.22,1019.68756,0.2,0.0,2.0,14.685176,45.36,69.812355,4.44,0.71699,556.4538,493.6565,2017127.8,1014705.06,237.59999,235.5,519.0,442.56995,72.01293,51
2025-02-21 16:00:00+00:00,830.0,17.079,11.329,13.608167,16.13779,9.325994,12.274205,41379.402,28939.709,0.0,0.0,0.0,14.707222,41.399998,107.928,12.03,1.9638729,570.06195,505.9307,2058507.1,1043644.75,237.59999,235.5,519.0,454.59995,73.97681,52
2025-02-22 16:00:00+00:00,830.0,12.329,9.778999,11.27275,12.039188,7.492983,10.153551,41463.18,0.0,10.0,10.0,10.0,14.205182,39.239998,69.16259,1.87,0.45789146,581.3347,516.0842,2099970.2,1043644.75,247.59999,245.5,529.0,456.46994,74.4347,53
2025-02-23 16:00:00+00:00,830.0,11.479,8.679,9.7144165,8.566486,5.7404194,6.854957,41547.48,33278.707,0.0,0.0,0.0,16.055353,53.28,91.88369,11.85,1.638346,591.04913,522.9392,2141517.8,1076923.5,247.59999,245.5,529.0,468.31995,76.073044,54
2025-02-24 16:00:00+00:00,830.0,16.079,9.429001,12.491498,16.642296,6.46015,11.591469,41632.24,34387.566,0.0,0.0,0.0,14.021525,44.28,115.18466,14.06,2.224601,603.54065,534.5307,2183150.0,1111311.1,247.59999,245.5,529.0,482.37994,78.297646,55
2025-02-25 16:00:00+00:00,830.0,15.778999,10.729,13.403999,15.0408,9.411084,12.62436,41717.38,12141.427,0.0,0.0,0.0,11.013882,31.68,95.71049,9.24,1.5067259,616.94464,547.1551,2224867.5,1123452.5,247.59999,245.5,529.0,491.61993,79.804375,56
2025-02-26 16:00:00+00:00,830.0,15.679001,13.028999,14.387333,16.834932,13.096128,14.738414,41802.836,10065.305,0.3,0.3,3.0,8.049845,35.28,140.50035,6.25,1.0895212,631.332,561.8935,2266670.2,1133517.8,247.9,245.8,532.0,497.86993,80.8939,57
2025-02-27 16:00:00+00:00,830.0,20.629,12.079,16.466501,23.037092,10.150738,16.633938,41888.535,37847.277,0.0,0.0,0.0,8.669949,22.68,111.74747,18.91,3.2317204,647.79846,578.5274,2308558.8,1171365.0,247.9,245.8,532.0,516.7799,84.12562,58
2025-02-28 16:00:00+00:00,830.0,21.829,14.979,18.004002,24.618587,13.05167,18.677008,41974.41,36588.145,0.0,0.0,0.0,7.928177,20.16,129.84602,17.21,3.1653342,665.8025,597.2044,2350533.2,1207953.1,247.9,245.8,532.0,533.9899,87.290955,59
2025-03-01 16:00:00+00:00,830.0,24.3785,16.379,19.441187,26.81941,16.760489,20.717287,42060.395,34606.97,0.9000001,0.0,6.0,11.384199,15.119999,147.38087,18.88,3.447372,685.24365,617.9217,2392593.8,1242560.1,248.79999,245.8,538.0,552.86993,90.73833,60
2025-03-02 16:00:00+00:00,830.0,22.578499,15.6785,18.582663,23.8126,16.365862,19.848576,42146.42,36689.32,0.0,0.0,0.0,8.350138,5.04,334.59232,14.97,2.6999485,703.8263,637.77026,2434740.2,1279249.5,248.79999,245.8,538.0,567.8399,93.43828,61
2025-03-03 16:00:00+00:00,830.0,24.5285,15.9285,19.236832,26.41914,16.474247,20.524637,42232.42,39558.656,0.6,0.0,6.0,10.587917,9.36,314.99985,18.46,3.4088495,723.0631,658.2949,2476972.8,1318808.1,249.4,245.8,544.0,586.2999,96.84713,62
2025-03-04 16:00:00+00:00,830.0,20.6785,12.1785,16.230581,22.853556,10.718404,16.861086,42318.336,20333.674,11.100001,9.299999,18.0,13.32,16.199999,67.80102,10.78,1.86907,739.2937,675.156,2519291.0,1339141.8,260.5,255.1,562.0,597.07996,98.7162,63
2025-03-05 16:00:00+00:00,830.0,11.8785,5.8785,8.536834,10.306807,2.4355097,6.0379195,42404.094,0.0,12.6,12.6,15.0,14.799459,16.919998,86.0729,1.39,0.3398048,747.8305,681.1939,2561695.0,1339141.8,273.1,267.7,577.0,598.47,99.05601,64
2025-03-06 16:00:00+00:00,830.0,8.8785,5.8285003,7.2243342,6.4534607,2.4571276,4.598244,42489.633,25498.256,0.3,0.3,3.0,14.458382,17.28,101.21945,7.76,1.0146761,755.0548,685.7922,2604184.8,1364640.0,273.4,268.0,580.0,606.23,100.07069,65
2025-03-07 16:00:00+00:00,830.0,8.9785,7.4785004,7.9764175,6.9670267,5.439932,6.01483,42574.895,1648.5907,3.6000001,3.6000001,15.0,10.446206,12.959999,89.801094,3.27,0.54031557,763.03125,691.807,2646759.8,1366288.6,277.0,271.6,595.0,609.5,100.611,66
2025-03-08 16:00:00+00:00,830.0,10.4785,7.4785004,8.788917,9.334997,5.5960684,7.366817,42660.426,15454.588,1.5,1.5,3.0,9.957108,10.08,72.9571,6.01,0.8734101,771.8202,699.1738,2689420.2,1381743.2,278.5,273.1,598.0,615.51,101.48441,67
2025-03-09 16:00:00+00:00,830.0,18.7785,7.3285003,,19.771303,4.2447014,,42746.496,,,,0.0,12.261157,10.08,,,,,,2732166.8,,,,598.0,,,68
