date,elevation,temperature_2m_max,temperature_2m_min,temperature_2m_mean,apparent_temperature_max,apparent_temperature_min,apparent_temperature_mean,daylight_duration,sunshine_duration,precipitation_sum,rain_sum,precipitation_hours,wind_speed_10m_max,wind_gusts_10m_max,wind_direction_10m_dominant,shortwave_radiation_sum,et0_fao_evapotranspiration,cumulative_temperature_2m_mean,cumulative_apparent_temperature_mean,cumulative_daylight_duration,cumulative_sunshine_duration,cumulative_precipitation_sum,cumulative_rain_sum,cumulative_precipitation_hours,cumulative_shortwave_radiation_sum,cumulative_et0_fao_evapotranspiration,day
2025-01-01 16:00:00+00:00,1481.0,11.852,11.202,11.570751,11.964914,10.882293,11.429398,38386.67,0.0,13.8,13.8,24.0,4.5891175,18.72,78.06443,1.45,0.40140063,11.570751,11.429398,38386.67,0.0,13.8,13.8,24.0,1.45,0.40140063,1
2025-01-02 16:00:00+00:00,1481.0,10.952,8.152,9.493667,10.699613,6.81853,8.456234,38410.707,0.0,4.5999994,4.5999994,22.0,5.6492476,27.72,41.380856,2.97,0.604511,21.064419,19.885632,76797.375,0.0,18.4,18.4,46.0,4.42,1.0059116,2
2025-01-03 16:00:00+00:00,1481.0,11.452,6.652,8.808249,9.53323,4.9175615,7.1768875,38436.51,28710.25,0.8000001,0.8000001,8.0,8.641874,35.64,114.61694,11.46,1.6103252,29.87267,27.06252,115233.89,28710.25,19.199999,19.199999,54.0,15.88,2.6162367,3
2025-01-04 16:00:00+00:00,1481.0,12.752,8.052,10.227,12.390556,6.6091137,9.46618,38464.06,31769.053,6.0,6.0,12.0,5.2939587,25.919998,235.42062,9.85,1.56247,40.09967,36.528698,153697.95,60479.305,25.199999,25.199999,66.0,25.73,4.1787066,4
2025-01-05 16:00:00+00:00,1481.0,11.752,7.102,9.00825,10.128559,5.1177454,7.4507594,38493.316,34521.914,0.70000005,0.70000005,5.0,6.7853074,33.48,351.43338,12.12,1.6989295,49.10792,43.979458,192191.27,95001.22,25.9,25.9,71.0,37.85,5.877636,5
2025-01-06 16:00:00+00:00,1481.0,9.302,6.152,7.314499,7.55906,4.30474,5.581204,38524.27,23333.285,4.3999996,4.3999996,19.0,6.0077944,28.44,109.96091,7.63,1.1059754,56.42242,49.56066,230715.53,118334.5,30.3,30.3,90.0,45.48,6.983611,6
2025-01-07 16:00:00+00:00,1481.0,10.952,5.902,8.127,9.666796,4.0253744,6.8263726,38557.234,18752.99,2.2999997,2.2999997,14.0,5.5829024,27.359999,135.67793,8.46,1.2337176,64.54942,56.387035,269272.75,137087.48,32.6,32.6,104.0,53.94,8.217329,7
2025-01-08 16:00:00+00:00,1481.0,8.852,4.802,6.552,7.1671515,2.839028,4.936091,38592.32,14202.354,11.499999,11.499999,22.0,6.489992,26.64,47.50166,4.99,0.7562624,71.101425,61.323128,307865.06,151289.84,44.1,44.1,126.0,58.93,8.973592,8
2025-01-09 16:00:00+00:00,1481.0,6.152,4.052,4.6874166,4.0548153,1.8371143,2.4995923,38629.453,0.0,6.4999995,5.3999987,24.0,5.0911684,25.56,36.520958,3.52,0.6082481,75.78884,63.82272,346494.5,151289.84,50.6,49.499996,150.0,62.45,9.58184,9
2025-01-10 16:00:00+00:00,1481.0,5.502,3.9520001,4.756167,3.7178955,1.9412527,2.871462,38668.555,0.0,11.6,8.000001,24.0,5.3939967,24.119999,52.96667,3.44,0.5526849,80.545006,66.69418,385163.06,151289.84,62.199997,57.499996,174.0,65.89,10.134524,10
2025-01-11 16:00:00+00:00,1481.0,8.002,4.852,6.0374165,5.9744043,2.7978334,4.020127,38709.555,27255.967,2.0000002,2.0000002,11.0,4.7928696,28.08,349.61823,8.24,1.1906075,86.58242,70.71431,423872.62,178545.81,64.2,59.499996,185.0,74.13,11.325132,11
2025-01-12 16:00:00+00:00,1481.0,9.902,4.452,7.1957493,7.89118,2.0091443,5.0709486,38752.363,35797.605,0.1,0.1,1.0,6.5049515,29.16,138.66791,9.76,1.391869,93.77817,75.785255,462625.0,214343.42,64.299995,59.599995,186.0,83.89,12.717001,12
2025-01-13 16:00:00+00:00,1481.0,13.602,5.352,9.747833,13.147699,3.423253,8.506125,38796.914,30554.664,1.1,1.1,5.0,5.1826253,29.16,185.12808,12.67,1.9372058,103.526,84.29138,501421.9,244898.1,65.399994,60.699993,191.0,96.56,14.654207,13
2025-01-14 16:00:00+00:00,1481.0,9.952,5.002,7.9478335,9.043064,2.8907042,6.521353,38843.12,1190.7028,14.400002,14.400002,24.0,5.8769383,28.8,351.07367,2.79,0.53585035,111.47383,90.81274,540265.0,246088.8,79.799995,75.09999,215.0,99.35,15.190058,14
2025-01-15 16:00:00+00:00,1481.0,7.152,4.802,5.731167,5.142767,2.9530993,3.8219843,38890.914,4412.016,2.7,2.7,20.0,5.6060677,24.84,54.81922,5.1,0.8044326,117.205,94.63472,579155.94,250500.81,82.49999,77.79999,235.0,104.45,15.994491,15
2025-01-16 16:00:00+00:00,1481.0,8.502,5.102,6.4124165,6.500126,3.3373299,4.5785728,38940.215,10950.852,1.2000002,1.2000002,12.0,5.896202,22.68,86.50841,6.69,1.0057701,123.61742,99.213295,618096.1,261451.66,83.69999,78.999985,247.0,111.14,17.000261,16
2025-01-17 16:00:00+00:00,1481.0,11.052,6.002,8.160334,9.259616,4.083043,6.657397,38990.95,23773.094,2.0000002,2.0000002,15.0,6.302571,24.119999,131.4919,7.46,1.1437048,131.77776,105.87069,657087.06,285224.75,85.69999,80.999985,262.0,118.6,18.143967,17
2025-01-18 16:00:00+00:00,1481.0,12.052,8.252,9.687417,11.653586,7.1786337,8.803647,39043.047,18910.191,3.1,3.1,15.0,4.86,25.919998,293.24728,6.75,1.0942696,141.46518,114.67434,696130.1,304134.94,88.79999,84.09998,277.0,125.35,19.238235,18
2025-01-19 16:00:00+00:00,1481.0,11.902,6.402,8.666584,10.376421,4.489111,7.1484795,39096.43,32546.508,1.8000002,1.8000002,11.0,6.198903,26.64,69.71068,9.89,1.4823039,150.13176,121.822815,735226.56,336681.44,90.59999,85.89999,288.0,135.24,20.72054,19
2025-01-20 16:00:00+00:00,1481.0,11.202,6.902,8.887417,9.313712,5.050749,7.139136,39151.023,35163.28,1.2000002,1.2000002,12.0,7.689603,30.960001,120.49326,10.43,1.5113037,159.01918,128.96194,774377.56,371844.72,91.79999,87.09998,300.0,145.67001,22.231842,20
2025-01-21 16:00:00+00:00,1481.0,11.952,7.002,9.299916,11.413986,5.503935,8.196685,39206.76,34498.42,4.2,4.2,9.0,5.293959,26.64,173.34567,11.0,1.6505327,168.31909,137.15863,813584.3,406343.12,95.999985,91.29998,309.0,156.67001,23.882374,21
2025-01-22 16:00:00+00:00,1481.0,13.502,6.702,10.38325,13.39113,5.0392303,9.561425,39263.562,34485.562,0.3,0.3,3.0,5.8603754,32.039997,280.2426,10.69,1.6524606,178.70235,146.72006,852847.9,440828.7,96.29999,91.59998,312.0,167.36002,25.534834,22
2025-01-23 16:00:00+00:00,1481.0,14.402,8.702,11.17075,13.5796795,7.5299435,10.338613,39321.37,30338.887,2.6,2.6,10.0,6.6624317,26.64,9.993541,11.4,1.8023949,189.8731,157.05867,892169.25,471167.56,98.89999,94.19998,322.0,178.76001,27.337229,23
2025-01-24 16:00:00+00:00,1481.0,12.852,8.652,10.510334,11.845814,7.866688,9.726564,39380.105,26276.955,4.3999996,4.3999996,24.0,7.9077177,28.44,37.239834,8.73,1.3403198,200.38342,166.78523,931549.4,497444.53,103.29999,98.59998,346.0,187.49,28.67755,24
2025-01-25 16:00:00+00:00,1481.0,11.452,7.402,9.322833,10.483943,5.5958624,8.243121,39439.695,23569.959,9.1,9.1,23.0,6.8423676,29.88,10.426848,8.05,1.2240124,209.70625,175.02835,970989.06,521014.5,112.39999,107.69998,369.0,195.54001,29.901562,25
2025-01-26 16:00:00+00:00,1481.0,6.952,3.302,4.6019998,5.069704,0.9177742,2.1889565,39500.098,771.81085,11.4,7.9999995,18.0,6.522361,35.28,322.44775,2.8,0.49161607,214.30826,177.2173,1010489.2,521786.3,123.79999,115.69998,387.0,198.34001,30.393177,26
2025-01-27 16:00:00+00:00,1481.0,8.152,2.002,4.3853335,6.652851,-0.95906687,2.0429628,39561.836,33548.836,0.3,0.1,3.0,6.489992,23.039999,45.666126,15.06,1.9259515,218.69359,179.26027,1050051.0,555335.1,124.09999,115.79998,390.0,213.40001,32.31913,27
2025-01-28 16:00:00+00:00,1481.0,7.152,2.7020001,4.67075,4.617154,0.043239117,2.1789496,39625.152,35593.793,0.6,0.6,6.0,7.0568266,25.919998,125.49062,11.35,1.4510554,223.36433,181.43922,1089676.1,590928.94,124.69999,116.39998,396.0,224.75002,33.770184,28
2025-01-29 16:00:00+00:00,1481.0,12.152,4.402,7.8415833,10.573275,2.2084408,5.900934,39689.95,35156.605,1.3000002,1.3000002,13.0,6.424764,27.72,145.31166,12.06,1.7672209,231.20592,187.34016,1129366.1,626085.56,125.99999,117.69998,409.0,236.81001,35.537403,29
2025-01-30 16:00:00+00:00,1481.0,12.152,5.552,9.474917,12.093338,3.581061,8.552051,39756.145,13531.86,4.5000005,4.5000005,16.0,6.151683,29.16,188.53069,5.54,0.96082866,240.68083,195.89221,1169122.2,639617.44,130.5,122.19998,425.0,242.35,36.49823,30
2025-01-31 16:00:00+00:00,1481.0,15.502,10.952,12.574916,15.92304,10.462205,12.633408,39823.637,24372.033,21.499998,21.499998,20.0,4.39436,22.319998,41.78438,8.0,1.3695143,253.25575,208.52562,1208945.9,663989.5,152.0,143.69998,445.0,250.35,37.867744,31
2025-02-01 16:00:00+00:00,1481.0,12.202,8.602,10.662416,11.943035,7.7529554,10.19025,39892.348,0.0,7.0000005,7.0000005,18.0,4.3832865,29.16,344.36493,4.22,0.7935957,263.91818,218.71587,1248838.2,663989.5,159.0,150.69998,463.0,254.57,38.66134,32
2025-02-02 16:00:00+00:00,1481.0,8.852,5.152,7.5019994,7.782902,3.221024,6.088967,39962.18,195.58891,13.000001,13.000001,24.0,5.5916004,30.239998,347.84506,2.37,0.497895,271.4202,224.80484,1288800.4,664185.06,172.0,163.69998,487.0,256.94,39.159233,33
2025-02-03 16:00:00+00:00,1481.0,6.802,3.352,4.7915835,4.220704,1.1745038,2.5521107,40033.05,13815.068,6.9999986,4.499999,20.0,6.1305785,26.28,19.297678,7.53,1.0774155,276.2118,227.35695,1328833.4,678000.1,179.0,168.19998,507.0,264.47,40.23665,34
2025-02-04 16:00:00+00:00,1481.0,6.702,4.052,5.2749166,4.6450653,1.7268515,3.1397984,40104.88,24824.81,4.2,3.3999999,23.0,6.151683,30.960001,128.65984,7.32,1.0323168,281.4867,230.49675,1368938.2,702824.94,183.2,171.59998,530.0,271.79,41.268967,35
2025-02-05 16:00:00+00:00,1481.0,9.802,5.452,7.7915826,9.030935,3.7132058,6.6023803,40177.58,8786.274,4.0999994,4.0999994,22.0,5.004518,25.56,132.54242,6.07,0.93961483,289.2783,237.09914,1409115.9,711611.2,187.3,175.69998,552.0,277.86002,42.20858,36
2025-02-06 16:00:00+00:00,1481.0,9.252,4.002,7.118667,7.546726,1.7194986,5.5397363,40251.066,13744.986,6.700001,6.600001,22.0,7.458606,26.64,46.195644,4.47,0.7243556,296.39694,242.63887,1449367.0,725356.2,194.0,182.29999,574.0,282.33002,42.932934,37
2025-02-07 16:00:00+00:00,1481.0,4.652,3.002,3.5124166,2.2958546,0.53957415,1.1348768,40325.258,0.0,6.399999,4.2,24.0,5.004518,29.16,40.548775,3.77,0.61214274,299.90936,243.77374,1489692.2,725356.2,200.4,186.49998,598.0,286.1,43.54508,38
2025-02-08 16:00:00+00:00,1481.0,7.002,3.4520001,5.016584,5.0051985,1.3960047,2.9877756,40400.086,184.55887,1.3000002,1.2000002,12.0,4.8899083,26.64,74.81879,5.5,0.83461404,304.92593,246.76152,1530092.4,725540.75,201.7,187.69998,610.0,291.6,44.379692,39
2025-02-09 16:00:00+00:00,1481.0,10.602,4.852,7.435333,9.084123,2.7681766,5.668531,40475.457,32155.83,0.6,0.6,6.0,5.0911684,26.28,137.1086,9.71,1.4195691,312.36127,252.43005,1570567.9,757696.56,202.3,188.29999,616.0,301.31,45.799263,40
2025-02-10 16:00:00+00:00,1481.0,15.152,5.852,10.641583,15.240173,4.129361,9.712882,40551.3,35343.867,0.6,0.6,4.0,6.489992,27.359999,162.73239,14.89,2.2942119,323.00284,262.14294,1611119.1,793040.44,202.90001,188.9,620.0,316.2,48.093475,41
2025-02-11 16:00:00+00:00,1481.0,14.252,10.552,12.6395,15.34001,9.711671,12.902127,40627.535,0.0,31.900002,31.900002,21.0,5.1197267,25.199999,251.69577,2.78,0.634158,335.64233,275.04507,1651746.6,793040.44,234.80002,220.79999,641.0,318.98,48.727634,42
2025-02-12 16:00:00+00:00,1481.0,12.652,9.252,10.047833,12.478102,8.368055,9.39417,40704.09,0.0,39.299988,39.299988,22.0,6.444905,27.72,87.024506,2.28,0.50676847,345.69016,284.43924,1692450.8,793040.44,274.1,260.09998,663.0,321.26,49.2344,43
2025-02-13 16:00:00+00:00,1481.0,13.952,9.702,11.645751,13.815615,8.969056,11.221616,40780.895,17428.38,0.5,0.5,5.0,6.050785,26.28,142.98479,7.72,1.2697587,357.3359,295.66086,1733231.6,810468.8,274.6,260.59998,668.0,328.98,50.50416,44
2025-02-14 16:00:00+00:00,1481.0,16.902,11.152,13.591584,18.194294,10.555411,13.708064,40857.87,32031.912,0.8000001,0.8000001,5.0,5.854844,25.56,224.5936,14.55,2.401992,370.9275,309.36893,1774089.5,842500.75,275.4,261.39996,673.0,343.53,52.906155,45
2025-02-15 16:00:00+00:00,1481.0,16.0375,9.1375,11.958333,15.979567,7.194004,10.665745,40938.027,26096.238,0.0,0.0,0.0,9.726665,40.68,66.80137,12.72,2.109751,382.88583,320.03467,1815027.5,868597.0,275.4,261.39996,673.0,356.25,55.015907,46
2025-02-16 16:00:00+00:00,1481.0,9.9875,4.5874996,7.1458325,7.931754,2.1959538,5.166084,41015.715,30958.83,0.0,0.0,0.0,9.422101,25.56,74.05453,14.48,1.8670169,390.03168,325.20074,1856043.2,899555.8,275.4,261.39996,673.0,370.73,56.882923,47
2025-02-17 16:00:00+00:00,1481.0,7.9375,5.9875,6.845833,6.3486023,4.0363865,5.1738024,41094.363,0.0,0.6,0.0,6.0,8.473393,30.239998,83.281555,2.2,0.4091044,396.8775,330.37454,1897137.6,899555.8,276.0,261.39996,679.0,372.93002,57.292027,48
2025-02-18 16:00:00+00:00,1481.0,7.9375,6.0374994,6.9874997,6.619199,4.0268784,5.267475,41173.9,0.0,1.1000001,0.1,11.0,9.0,28.08,111.701866,1.49,0.3271507,403.865,335.64203,1938311.5,899555.8,277.1,261.49997,690.0,374.42,57.61918,49
2025-02-19 16:00:00+00:00,1481.0,11.4875,7.9875,9.437499,10.122457,6.6818457,8.4285345,41254.234,8827.925,0.1,0.0,1.0,8.435069,25.199999,139.35951,5.14,0.84224874,413.3025,344.07056,1979565.8,908383.75,277.2,261.49997,691.0,379.56003,58.461426,50
2025-02-20 16:00:00+00:00,1481.0,9.7375,6.4875,7.8979163,9.091855,4.680374,6.4812884,41335.316,1911.9607,0.2,0.0,2.0,8.161764,29.519999,40.79642,3.45,0.554536,421.2004,350.55185,2020901.1,910295.7,277.40002,261.49997,693.0,383.01004,59.01596,51
2025-02-21 16:00:00+00:00,1481.0,8.3375,6.3374996,7.614584,7.278061,4.332102,6.15147,41417.047,0.0,1.5000001,0.9000001,12.0,8.373386,30.599998,108.72344,1.17,0.30151436,428.815,356.7033,2062318.1,910295.7,278.90002,262.39996,705.0,384.18005,59.317474,52
2025-02-22 16:00:00+00:00,1481.0,9.1375,4.8374996,7.2812495,7.2767334,2.716669,5.4577317,41499.37,1676.011,3.6,3.5,12.0,9.021574,29.88,17.083181,4.06,0.6939664,436.09625,362.16104,2103817.5,911971.7,282.50003,265.89996,717.0,388.24005,60.01144,53
2025-02-23 16:00:00+00:00,1481.0,4.9375,3.5874999,4.34375,2.949521,0.9552574,1.8954254,41582.22,0.0,4.8,4.2,13.0,8.647496,36.0,84.15763,2.26,0.40759408,440.44,364.05646,2145399.8,911971.7,287.30002,270.09998,730.0,390.50006,60.419033,54
2025-02-24 16:00:00+00:00,1481.0,8.5875,3.9875,6.9791675,7.591298,1.5594254,5.3607345,41665.504,3176.6323,0.0,0.0,0.0,7.42159,27.359999,133.90259,5.26,0.77516687,447.41916,369.4172,2187065.2,915148.3,287.30002,270.09998,730.0,395.76007,61.1942,55
2025-02-25 16:00:00+00:00,1481.0,10.9875,7.6375,9.222918,9.708458,6.635377,8.15932,41749.17,0.0,0.6,0.3,6.0,8.373386,22.319998,130.87978,3.79,0.65927875,456.6421,377.57654,2228814.5,915148.3,287.90002,270.39996,736.0,399.55008,61.853477,56
2025-02-26 16:00:00+00:00,1481.0,12.6875,9.0875,10.610416,11.651836,7.9240284,9.703643,41833.15,22539.621,0.0,0.0,0.0,8.4042845,25.56,142.8152,8.5,1.322266,467.2525,387.28018,2270647.8,937687.94,287.90002,270.39996,736.0,408.05008,63.175743,57
2025-02-27 16:00:00+00:00,1481.0,15.037499,8.7375,11.468751,14.183245,6.093195,10.05597,41917.367,38684.363,0.0,0.0,0.0,11.480557,38.88,167.05531,16.35,2.4154997,478.72125,397.33615,2312565.0,976372.3,287.90002,270.39996,736.0,424.4001,65.59124,58
2025-02-28 16:00:00+00:00,1481.0,17.5705,9.537499,13.099792,16.993334,7.605795,12.24573,42001.758,33547.242,0.3,0.3,3.0,10.829959,36.719997,159.64381,13.09,2.1862056,491.82104,409.58188,2354566.8,1009919.56,288.2,270.69995,739.0,437.49008,67.77744,59
2025-03-01 16:00:00+00:00,1481.0,17.9705,12.4205,15.033002,18.032372,11.163834,14.873947,42086.26,33615.543,1.5000002,0.6,9.0,9.028754,26.28,242.38708,9.71,1.7534232,506.85403,424.4558,2396653.0,1043535.1,289.7,271.29996,748.0,447.20007,69.53087,60
2025-03-02 16:00:00+00:00,1481.0,16.5205,8.120501,11.835084,17.200996,6.728881,11.06928,42170.805,24288.822,0.3,0.0,3.0,8.534353,9.0,5.216821,12.11,1.8713595,518.68915,435.5251,2438823.8,1067824.0,290.0,271.29996,751.0,459.31006,71.40223,61
2025-03-03 16:00:00+00:00,1481.0,8.1705,7.4205,7.8225827,7.022027,6.041583,6.5868454,42255.324,0.0,2.4,2.4,6.0,5.3999996,8.28,51.141113,1.27,0.33983457,526.5117,442.11194,2481079.0,1067824.0,292.4,273.69995,757.0,460.58005,71.742065,62
2025-03-04 16:00:00+00:00,1481.0,11.4205,7.4205,9.422584,10.3877,6.5372868,8.654674,42339.758,28153.139,0.0,0.0,0.0,7.2359104,7.92,90.61277,8.36,1.2576158,535.9343,450.7666,2523418.8,1095977.1,292.4,273.69995,757.0,468.94003,72.99968,63
2025-03-05 16:00:00+00:00,1481.0,12.8205,7.6205006,10.174666,11.909922,6.3990936,9.299205,42424.035,29343.396,0.0,0.0,0.0,7.42159,6.12,16.614508,11.63,1.69655,546.109,460.0658,2565842.8,1125320.5,292.4,273.69995,757.0,480.57004,74.69623,64
2025-03-06 16:00:00+00:00,1481.0,9.4205,4.5205,7.253834,7.7828703,1.9489021,5.3538194,42508.098,22216.873,0.0,0.0,0.0,10.739833,7.92,356.3988,6.72,1.0113574,553.36285,465.41962,2608350.8,1147537.4,292.4,273.69995,757.0,487.29004,75.70759,65
2025-03-07 16:00:00+00:00,1481.0,9.5205,4.3205004,6.537167,7.413514,1.9251461,4.6040087,42591.895,30939.008,0.0,0.0,0.0,7.968939,7.2,46.420166,10.03,1.3892001,559.9,470.02362,2650942.8,1178476.4,292.4,273.69995,757.0,497.32004,77.09679,66
2025-03-08 16:00:00+00:00,1481.0,16.3205,6.1705,10.803834,16.889301,4.4477615,9.938044,42675.953,39522.33,0.0,0.0,0.0,10.105681,8.64,112.15032,22.14,3.2690518,570.70386,479.96167,2693618.8,1217998.8,292.4,273.69995,757.0,519.46,80.36584,67
