date,elevation,temperature_2m_max,temperature_2m_min,temperature_2m_mean,apparent_temperature_max,apparent_temperature_min,apparent_temperature_mean,daylight_duration,sunshine_duration,precipitation_sum,rain_sum,precipitation_hours,wind_speed_10m_max,wind_gusts_10m_max,wind_direction_10m_dominant,shortwave_radiation_sum,et0_fao_evapotranspiration,cumulative_temperature_2m_mean,cumulative_apparent_temperature_mean,cumulative_daylight_duration,cumulative_sunshine_duration,cumulative_precipitation_sum,cumulative_rain_sum,cumulative_precipitation_hours,cumulative_shortwave_radiation_sum,cumulative_et0_fao_evapotranspiration,day
2025-01-01 16:00:00+00:00,119.0,17.401,16.051,16.761417,17.489506,15.174477,16.595507,38214.684,0.0,12.3,12.3,24.0,16.62444,34.56,19.517857,2.05,0.7503324,16.761417,16.595507,38214.684,0.0,12.3,12.3,24.0,2.05,0.7503324,1
2025-01-02 16:00:00+00:00,119.0,16.051,15.000999,15.415584,14.717321,11.937496,13.008939,38239.543,0.0,4.6999993,4.6999993,18.0,22.39608,43.56,25.826696,3.91,1.6954505,32.177002,29.604446,76454.23,0.0,17.0,17.0,42.0,5.96,2.445783,2
2025-01-03 16:00:00+00:00,119.0,17.551,14.951,16.573915,15.262753,12.281883,13.719205,38266.227,28028.516,0.70000005,0.70000005,5.0,23.237434,49.32,91.952225,9.81,2.852636,48.750916,43.32365,114720.45,28028.516,17.7,17.7,47.0,15.77,5.298419,3
2025-01-04 16:00:00+00:00,119.0,19.601,15.851,17.330168,20.905884,14.984438,17.03631,38294.715,27360.158,1.6000001,1.6000001,5.0,19.875944,42.839996,131.39136,8.06,1.7489542,66.081085,60.359962,153015.17,55388.67,19.300001,19.300001,52.0,23.830002,7.0473733,4
2025-01-05 16:00:00+00:00,119.0,15.901,13.801,15.190583,15.463217,10.261463,12.56985,38324.973,35389.805,0.0,0.0,0.0,19.45416,40.68,18.892048,12.51,2.7297032,81.27167,72.92981,191340.14,90778.48,19.300001,19.300001,52.0,36.340004,9.777077,5
2025-01-06 16:00:00+00:00,119.0,14.851,13.551,14.09475,11.6055565,10.152542,10.919906,38356.984,25694.756,0.3,0.3,3.0,19.443333,38.16,71.50668,9.47,2.5585861,95.36642,83.84972,229697.12,116473.234,19.6,19.6,55.0,45.810005,12.335663,6
2025-01-07 16:00:00+00:00,119.0,16.351,13.801,15.313499,15.075125,11.541053,13.738027,38391.07,16293.237,2.6000001,2.6000001,16.0,15.991659,31.319998,75.643196,7.5,1.7566139,110.67992,97.587746,268088.2,132766.47,22.2,22.2,71.0,53.310005,14.092277,7
2025-01-08 16:00:00+00:00,119.0,15.500999,11.750999,13.819749,13.977789,7.9240036,10.804786,38427.355,545.9358,5.7000003,5.7000003,23.0,22.315643,44.28,32.40832,3.77,1.6684628,124.499664,108.39253,306515.53,133312.4,27.900002,27.900002,94.0,57.080006,15.760739,8
2025-01-09 16:00:00+00:00,119.0,11.901,10.701,11.26975,8.271237,6.555805,7.266386,38465.754,0.0,5.399999,5.399999,24.0,22.390293,45.36,24.13042,3.25,1.6185129,135.76941,115.65892,344981.28,133312.4,33.3,33.3,118.0,60.330006,17.379251,9
2025-01-10 16:00:00+00:00,119.0,12.601,11.651,12.105167,9.439848,8.103087,8.804524,38506.19,25.053406,3.5000002,3.5000002,21.0,18.491003,37.079998,35.373566,3.49,1.6148818,147.87457,124.46345,383487.47,133337.45,36.8,36.8,139.0,63.820007,18.994133,10
2025-01-11 16:00:00+00:00,119.0,13.451,11.951,12.551002,10.687312,8.345606,9.380843,38548.582,32593.812,0.70000005,0.70000005,3.0,17.108522,34.2,16.283434,14.12,2.770169,160.42557,133.84428,422036.06,165931.27,37.5,37.5,142.0,77.94001,21.764301,11
2025-01-12 16:00:00+00:00,119.0,15.551,12.701,14.278084,12.131193,9.532616,10.655716,38592.844,35685.0,0.0,0.0,0.0,23.406229,48.239998,108.80322,13.69,3.1420803,174.70364,144.5,460628.9,201616.27,37.5,37.5,142.0,91.63001,24.906382,12
2025-01-13 16:00:00+00:00,119.0,19.651,15.351,17.046831,19.331686,12.505426,16.194014,38638.91,35735.605,0.0,0.0,0.0,17.932373,34.2,145.74152,14.1,2.6897724,191.75047,160.69402,499267.8,237351.88,37.5,37.5,142.0,105.73001,27.596153,13
2025-01-14 16:00:00+00:00,119.0,16.451,11.551,14.080167,16.881826,7.626589,11.672585,38686.688,0.0,10.700001,10.700001,21.0,26.72803,52.92,8.469535,2.33,1.0688039,205.83064,172.36661,537954.5,237351.88,48.2,48.2,163.0,108.06001,28.664957,14
2025-01-15 16:00:00+00:00,119.0,12.901,11.250999,12.165582,10.226062,7.5444098,8.827337,38736.105,5658.6523,0.5,0.5,4.0,21.594748,43.199997,34.58154,6.15,1.9126588,217.99623,181.19394,576690.6,243010.53,48.7,48.7,167.0,114.210014,30.577616,15
2025-01-16 16:00:00+00:00,119.0,13.500999,12.451,12.965583,9.948692,8.648459,9.346244,38787.08,16628.76,0.0,0.0,0.0,18.624563,37.8,52.42482,8.67,2.5117164,230.9618,190.54018,615477.7,259639.3,48.7,48.7,167.0,122.88001,33.089333,16
2025-01-17 16:00:00+00:00,119.0,17.201,13.651,15.513501,16.132479,10.09964,13.668823,38839.535,34086.086,0.7,0.7,5.0,19.121557,38.519997,112.24756,9.94,2.2611072,246.47531,204.209,654317.25,293725.38,49.4,49.4,172.0,132.82,35.35044,17
2025-01-18 16:00:00+00:00,119.0,16.051,14.750999,15.492669,16.686804,13.273935,14.611243,38893.395,10046.877,3.3000002,3.3000002,15.0,16.499237,29.519999,350.63403,4.23,1.1113985,261.968,218.82024,693210.6,303772.25,52.7,52.7,187.0,137.05,36.461838,18
2025-01-19 16:00:00+00:00,119.0,17.051,14.601,15.513499,15.247953,12.501514,13.335675,38948.582,35806.684,0.0,0.0,0.0,18.620214,38.16,52.622074,15.67,3.0297372,277.48148,232.15591,732159.2,339578.94,52.7,52.7,187.0,152.72,39.491573,19
2025-01-20 16:00:00+00:00,119.0,17.401,15.151,16.280167,14.518959,12.918915,13.627686,39005.023,35819.65,0.0,0.0,0.0,23.057571,46.079998,100.74872,14.54,3.1711261,293.76166,245.7836,771164.2,375398.6,52.7,52.7,187.0,167.26,42.6627,20
2025-01-21 16:00:00+00:00,119.0,19.701,16.451,17.81975,19.681452,14.719475,17.219854,39062.645,33607.945,0.4,0.4,4.0,19.044306,41.760002,143.96983,9.63,2.1205075,311.58142,263.00345,810226.8,409006.53,53.100002,53.100002,191.0,176.89,44.783207,21
2025-01-22 16:00:00+00:00,119.0,17.401,15.351,16.305166,17.412884,15.0992775,15.9151125,39121.367,25048.357,3.1999996,3.1999996,17.0,18.080818,34.2,307.4172,8.15,1.351507,327.8866,278.91855,849348.2,434054.88,56.300003,56.300003,208.0,185.04,46.134712,22
2025-01-23 16:00:00+00:00,119.0,18.701,16.651,17.496832,18.739552,16.74269,17.600845,39181.12,29034.348,3.4,3.4,22.0,16.67892,30.239998,15.851521,9.06,1.5835825,345.38342,296.5194,888529.3,463089.22,59.700005,59.700005,230.0,194.09999,47.718296,23
2025-01-24 16:00:00+00:00,119.0,17.201,16.151001,16.571836,16.552288,14.942936,15.572795,39241.836,20277.346,8.800001,8.800001,24.0,21.413948,41.760002,26.864107,7.18,1.2954876,361.95526,312.0922,927771.1,483366.56,68.50001,68.50001,254.0,201.27998,49.013783,24
2025-01-25 16:00:00+00:00,119.0,16.601,12.651,15.419749,15.012377,9.976883,13.539439,39303.44,4286.1826,9.9,9.9,24.0,20.907913,42.839996,20.529818,5.81,1.480828,377.375,325.63162,967074.56,487652.75,78.40001,78.40001,278.0,207.08998,50.49461,25
2025-01-26 16:00:00+00:00,119.0,12.451,9.651,10.561417,9.679316,4.41737,6.387514,39365.87,8746.012,10.8,10.8,14.0,28.404089,56.16,352.71527,4.95,1.4982285,387.9364,332.01913,1006440.44,496398.75,89.20001,89.20001,292.0,212.03998,51.99284,26
2025-01-27 16:00:00+00:00,119.0,12.651,10.101,11.251,9.417769,6.3081293,7.7543683,39429.688,33937.48,0.0,0.0,0.0,17.826363,39.239998,44.002186,13.81,2.6765802,399.1874,339.7735,1045870.1,530336.25,89.20001,89.20001,292.0,225.84998,54.66942,27
2025-01-28 16:00:00+00:00,119.0,13.500999,10.801,12.330166,9.60257,7.32146,8.532364,39495.133,35975.39,0.0,0.0,0.0,21.332088,42.12,92.83481,14.87,3.0451396,411.51758,348.30585,1085365.2,566311.6,89.20001,89.20001,292.0,240.71997,57.714558,28
2025-01-29 16:00:00+00:00,119.0,17.751,13.401,15.8030815,15.046444,9.175758,12.899243,39562.11,36000.0,0.0,0.0,0.0,23.740902,44.639996,126.19604,15.85,3.4090083,427.32065,361.20508,1124927.4,602311.6,89.20001,89.20001,292.0,256.56998,61.123566,29
2025-01-30 16:00:00+00:00,119.0,19.451,16.001,17.64475,20.574713,14.511137,17.32056,39630.52,24989.46,2.9,2.9,21.0,19.770523,40.68,145.01053,7.12,1.5537969,444.9654,378.52563,1164557.9,627301.06,92.10001,92.10001,313.0,263.68997,62.677364,30
2025-01-31 16:00:00+00:00,119.0,21.101,16.101,18.403086,23.301994,14.684362,19.242708,39700.277,21088.467,12.099999,12.099999,19.0,23.103193,42.12,57.471153,7.48,1.4065206,463.36847,397.76834,1204258.1,648389.5,104.20001,104.20001,332.0,271.16998,64.083885,31
2025-02-01 16:00:00+00:00,119.0,16.901,15.451,16.040583,15.632404,14.282253,15.172398,39771.29,350.59686,8.4,8.4,24.0,16.048288,33.12,19.590393,4.69,1.1228545,479.40906,412.94073,1244029.4,648740.1,112.60001,112.60001,356.0,275.86,65.20674,32
2025-02-02 16:00:00+00:00,119.0,15.250999,11.801,13.386417,14.078405,8.379063,10.699215,39843.465,0.0,19.300001,19.300001,24.0,23.946089,46.44,12.976694,2.63,1.0050223,492.79547,423.63995,1283872.9,648740.1,131.90001,131.90001,380.0,278.49,66.21176,33
2025-02-03 16:00:00+00:00,119.0,12.401,10.601,11.405167,8.80018,6.5347395,7.6287932,39916.703,29379.652,5.9,5.9,7.0,24.27332,47.519997,23.437347,12.66,2.5491533,504.20062,431.26874,1323789.6,678119.75,137.8,137.8,387.0,291.15,68.76092,34
2025-02-04 16:00:00+00:00,119.0,14.601,11.250999,13.21975,11.502159,8.18508,9.857839,39990.934,35986.508,0.2,0.2,2.0,21.816414,42.839996,110.974846,11.85,2.6938896,517.42035,441.1266,1363780.5,714106.25,138.0,138.0,389.0,303.0,71.4548,35
2025-02-05 16:00:00+00:00,119.0,15.651,13.601,14.686418,13.878977,11.450587,12.766843,40066.062,16280.234,8.5,8.5,24.0,17.878994,34.56,100.15667,6.56,1.5432334,532.10675,453.89343,1403846.5,730386.5,146.5,146.5,413.0,309.56,72.99804,36
2025-02-06 16:00:00+00:00,119.0,15.101,9.750999,12.844749,14.217243,5.4710636,9.844327,40142.004,0.0,18.499998,18.499998,24.0,24.467422,47.88,35.137543,2.85,1.1461247,544.9515,463.73776,1443988.5,730386.5,165.0,165.0,437.0,312.41,74.144165,37
2025-02-07 16:00:00+00:00,119.0,9.750999,8.651,9.209332,5.6360664,3.7196674,4.6043143,40218.67,0.0,8.299999,8.299999,24.0,24.713154,48.6,27.063248,4.18,1.5406901,554.1608,468.34207,1484207.1,730386.5,173.3,173.3,461.0,316.59,75.68485,38
2025-02-08 16:00:00+00:00,119.0,12.651,9.750999,11.296832,9.119055,5.715225,7.5527625,40295.99,1771.9375,1.8000002,1.8000002,13.0,19.61587,39.239998,42.73062,6.55,1.9963477,565.45764,475.89484,1524503.1,732158.44,175.1,175.1,474.0,323.13998,77.6812,39
2025-02-09 16:00:00+00:00,119.0,16.251,12.701,14.655167,13.737152,9.32856,11.784118,40373.867,35454.55,0.0,0.0,0.0,18.396141,37.44,103.293884,12.47,2.8280199,580.1128,487.67896,1564877.0,767613.0,175.1,175.1,474.0,335.61,80.50922,40
2025-02-10 16:00:00+00:00,119.0,20.501,15.701,17.901001,20.301163,14.05806,17.318954,40452.234,36213.97,0.0,0.0,0.0,17.594023,37.8,138.15729,16.51,2.848934,598.0138,504.99792,1605329.2,803827.0,175.1,175.1,474.0,352.12,83.35815,41
2025-02-11 16:00:00+00:00,119.0,19.701,16.251,18.353083,22.257875,13.868286,19.64755,40531.004,0.0,34.7,34.7,18.0,27.934818,58.679996,219.75566,3.0,0.7256511,616.3669,524.64545,1645860.2,803827.0,209.8,209.8,492.0,355.12,84.0838,42
2025-02-12 16:00:00+00:00,119.0,15.451,14.051,14.640583,13.604479,11.681628,12.376465,40610.105,0.0,36.199993,36.199993,24.0,26.48509,56.88,46.97945,3.19,1.1629982,631.00745,537.0219,1686470.4,803827.0,246.0,246.0,516.0,358.31,85.246796,43
2025-02-13 16:00:00+00:00,119.0,18.251,15.051,16.80725,17.8903,13.143566,15.881406,40689.46,21808.71,1.2000002,1.2000002,12.0,18.59845,33.48,102.50899,9.42,1.8370924,647.8147,552.9033,1727159.9,825635.7,247.2,247.2,528.0,367.73,87.083885,44
2025-02-14 16:00:00+00:00,119.0,22.051,16.601,18.936419,24.706964,17.534863,20.646097,40768.99,36095.574,0.0,0.0,0.0,11.079873,18.359999,153.09172,15.61,2.5614464,666.7511,573.54944,1767928.9,861731.25,247.2,247.2,528.0,383.34,89.64533,45
2025-02-15 16:00:00+00:00,119.0,17.951,15.601,16.911419,18.376371,14.24234,16.660536,40848.63,10770.532,1.3000002,1.3000002,13.0,16.963984,33.48,1.2505988,8.71,1.6308053,683.66254,590.20996,1808777.5,872501.8,248.5,248.5,541.0,392.05,91.27614,46
2025-02-16 16:00:00+00:00,119.0,17.251,15.201,16.209333,15.061968,12.792555,13.603127,40928.99,36187.0,0.2,0.2,2.0,20.656126,39.6,68.40413,17.36,3.5365007,699.8719,603.8131,1849706.5,908688.8,248.7,248.7,543.0,409.40997,94.81264,47
2025-02-17 16:00:00+00:00,119.0,16.728498,15.278501,15.811833,15.028475,12.717762,13.781929,41021.977,0.0,2.5000002,0.5,14.0,21.9718,43.92,45.375324,1.39,1.2775811,715.6837,617.59503,1890728.5,908688.8,251.2,249.2,557.0,410.8,96.09022,48
2025-02-18 16:00:00+00:00,119.0,17.6285,15.2285,16.422247,16.662863,12.5166855,14.7443075,41103.86,0.0,3.0999997,0.2,12.0,21.09305,43.199997,83.07087,1.54,1.3297561,732.10596,632.33936,1931832.4,908688.8,254.3,249.4,569.0,412.34,97.419975,49
2025-02-19 16:00:00+00:00,119.0,19.228498,17.578499,18.559752,20.612001,16.376133,19.192327,41186.574,4222.1997,4.9999995,0.1,12.0,15.94601,32.039997,134.72588,4.31,1.1912521,750.6657,651.5317,1973019.0,912911.0,259.3,249.5,581.0,416.65,98.61123,50
2025-02-20 16:00:00+00:00,119.0,18.1785,15.2285,16.065998,18.458672,12.671837,14.060615,41270.04,0.0,4.2,1.8000002,18.0,25.2924,55.8,10.267377,1.42,1.0455654,766.7317,665.5923,2014289.0,912911.0,263.5,251.3,599.0,418.07,99.65679,51
2025-02-21 16:00:00+00:00,119.0,16.8785,15.6785,16.320166,15.862606,13.622507,14.713641,41354.184,0.0,3.5999994,0.8,19.0,21.599998,41.760002,51.161083,1.7,1.1122079,783.0519,680.3059,2055643.1,912911.0,267.1,252.1,618.0,419.77002,100.769,52
2025-02-22 16:00:00+00:00,119.0,16.3785,14.778501,15.641,16.268927,11.754122,13.652428,41438.934,0.0,18.600002,18.600002,24.0,26.200977,50.76,12.982323,1.19,0.8702951,798.6929,693.9583,2097082.0,912911.0,285.7,270.7,642.0,420.96002,101.63929,53
2025-02-23 16:00:00+00:00,119.0,14.1785,12.3785,13.182666,11.607357,9.098205,10.175824,41524.22,0.0,13.600001,12.2,24.0,24.95452,49.32,29.907038,3.28,1.1914477,811.87555,704.13416,2138606.2,912911.0,299.30002,282.90002,666.0,424.24002,102.830734,54
2025-02-24 16:00:00+00:00,119.0,17.5285,13.0785,15.551415,17.295534,10.46389,14.091275,41609.957,19369.031,1.5,0.0,7.0,16.394829,31.68,113.44725,8.16,1.8888125,827.42694,718.2254,2180216.2,932280.0,300.80002,282.90002,673.0,432.40002,104.71954,55
2025-02-25 16:00:00+00:00,119.0,18.9285,17.4285,18.018084,20.281548,16.14987,18.494703,41696.086,1026.4567,2.1,1.5,7.0,19.914217,38.88,80.81952,4.29,1.0748438,845.445,736.7201,2221912.2,933306.44,302.90002,284.40002,680.0,436.69003,105.79439,56
2025-02-26 16:00:00+00:00,119.0,18.728498,17.6285,18.234749,20.031607,18.765028,19.441473,41782.53,1535.654,1.2000002,1.2000002,8.0,8.654987,21.599998,327.69266,3.98,0.8777745,863.67975,756.16156,2263694.8,934842.06,304.10004,285.60004,688.0,440.67004,106.672165,57
2025-02-27 16:00:00+00:00,119.0,22.828499,18.0285,20.607662,24.347492,19.687479,22.004501,41869.223,35288.094,0.0,0.0,0.0,20.268991,42.839996,162.07698,14.76,2.696443,884.2874,778.1661,2305564.0,970130.1,304.10004,285.60004,688.0,455.43005,109.36861,58
2025-02-28 16:00:00+00:00,119.0,22.0285,20.328499,21.22225,22.43054,19.671305,21.368929,41956.094,7299.3706,0.0,0.0,0.0,22.734219,46.44,170.84926,10.27,2.375399,905.50964,799.53503,2347520.0,977429.5,304.10004,285.60004,688.0,465.70004,111.744,59
2025-03-01 16:00:00+00:00,119.0,23.728498,21.3785,22.334747,24.497694,22.197845,23.408274,42043.07,34150.63,0.0,0.0,0.0,22.45315,43.199997,170.2851,14.86,2.8294518,927.84436,822.9433,2389563.0,1011580.1,304.10004,285.60004,688.0,480.56003,114.573456,60
2025-03-02 16:00:00+00:00,119.0,25.991,17.091,20.73631,28.900703,17.516783,22.289825,42130.098,31963.605,0.3,0.3,3.0,16.704155,32.760002,71.06243,15.03,2.638992,948.5807,845.23315,2431693.0,1043543.75,304.40002,285.90002,691.0,495.59003,117.21245,61
2025-03-03 16:00:00+00:00,119.0,16.790998,13.741,15.391002,17.167189,11.600276,14.580205,42217.094,67.75211,0.9000001,0.9000001,9.0,20.746122,34.2,46.692745,3.06,0.65068924,963.9717,859.81335,2473910.0,1043611.5,305.30002,286.80002,700.0,498.65002,117.86314,62
2025-03-04 16:00:00+00:00,119.0,13.691,12.891,13.247249,11.802338,9.298459,10.741402,42304.0,0.0,5.399998,4.499999,24.0,24.535526,43.199997,43.73111,1.01,0.64161956,977.21893,870.55475,2516214.0,1043611.5,310.7,291.30002,724.0,499.66003,118.50475,63
2025-03-05 16:00:00+00:00,119.0,15.341001,12.891,14.093083,14.081415,9.390145,12.082906,42390.746,87.38102,0.9000001,0.9000001,9.0,23.906818,41.760002,87.890656,2.84,1.097954,991.312,882.63763,2558604.8,1043698.9,311.6,292.2,733.0,502.50003,119.60271,64
2025-03-06 16:00:00+00:00,119.0,18.991,14.341001,15.770167,19.82372,12.654842,15.559367,42477.27,14255.58,2.6999998,2.1000001,9.0,20.523157,39.6,19.826553,5.87,1.2010753,1007.08215,898.197,2601082.0,1057954.5,314.30002,294.30002,742.0,508.37003,120.80378,65
2025-03-07 16:00:00+00:00,119.0,15.091001,13.741,14.37225,13.940733,11.87767,12.532525,42563.516,0.0,2.9999993,2.6999996,21.0,22.702845,37.079998,53.58655,1.88,0.63736105,1021.4544,910.72955,2643645.5,1057954.5,317.30002,297.00003,763.0,510.25003,121.44114,66
2025-03-08 16:00:00+00:00,119.0,20.540998,14.791,17.4285,20.946342,13.475977,17.754686,42650.035,30321.504,0.0,0.0,0.0,16.73516,31.319998,88.04436,10.26,1.8193316,1038.8829,928.48425,2686295.5,1088276.0,317.30002,297.00003,763.0,520.51,123.26047,67
2025-03-09 16:00:00+00:00,119.0,22.591,17.091,19.105581,24.799952,18.375242,20.923086,42737.094,31115.764,0.0,0.0,0.0,7.4128532,11.5199995,177.70947,11.25,2.0287905,1057.9885,949.40735,2729032.5,1119391.8,317.30002,297.00003,763.0,531.76,125.28926,68
2025-03-10 16:00:00+00:00,119.0,26.191,18.691,,28.144497,20.283918,,42824.637,,,,0.0,14.345898,28.8,,,,,,2771857.2,,,,763.0,,,69
