date,elevation,temperature_2m_max,temperature_2m_min,temperature_2m_mean,apparent_temperature_max,apparent_temperature_min,apparent_temperature_mean,daylight_duration,sunshine_duration,precipitation_sum,rain_sum,precipitation_hours,wind_speed_10m_max,wind_gusts_10m_max,wind_direction_10m_dominant,shortwave_radiation_sum,et0_fao_evapotranspiration,cumulative_temperature_2m_mean,cumulative_apparent_temperature_mean,cumulative_daylight_duration,cumulative_sunshine_duration,cumulative_precipitation_sum,cumulative_rain_sum,cumulative_precipitation_hours,cumulative_shortwave_radiation_sum,cumulative_et0_fao_evapotranspiration,day
2025-01-01 16:00:00+00:00,400.0,20.6525,18.8025,19.787916,20.206787,18.988476,19.762823,38890.934,638.9104,6.3,6.3,16.0,21.437386,42.12,37.291225,3.57,1.3143535,19.787916,19.762823,38890.934,638.9104,6.3,6.3,16.0,3.57,1.3143535,1
2025-01-02 16:00:00+00:00,400.0,19.5025,17.602499,18.623333,19.241982,14.709295,17.304792,38912.58,0.0,9.299999,9.299999,24.0,29.052023,60.120003,36.768497,2.15,1.1744345,38.411247,37.067616,77803.516,638.9104,15.599999,15.599999,40.0,5.7200003,2.4887881,2
2025-01-03 16:00:00+00:00,400.0,19.852499,16.852499,17.987915,17.206614,13.8501,15.383277,38935.81,35928.746,2.0,2.0,13.0,27.648024,59.76,40.877197,13.65,3.1375425,56.399162,52.450893,116739.33,36567.656,17.599998,17.599998,53.0,19.369999,5.6263304,3
2025-01-04 16:00:00+00:00,400.0,20.3025,16.9025,18.525417,20.841045,15.541616,18.449266,38960.61,32668.338,3.4,3.4,12.0,18.089775,43.199997,44.586506,8.99,1.9968598,74.924576,70.90016,155699.94,69235.99,20.999998,20.999998,65.0,28.359999,7.62319,4
2025-01-05 16:00:00+00:00,400.0,20.352499,16.7025,18.18167,19.852627,13.814957,16.979368,38986.95,35904.715,3.8999996,3.8999996,13.0,23.424908,48.96,45.224556,13.67,2.6533968,93.10625,87.87953,194686.89,105140.7,24.899998,24.899998,78.0,42.03,10.276587,5
2025-01-06 16:00:00+00:00,400.0,18.4525,15.6525,16.900417,16.75634,12.916874,14.562695,39014.824,26057.19,0.0,0.0,0.0,22.791864,48.96,46.56039,10.08,2.6779695,110.00667,102.44223,233701.72,131197.89,24.899998,24.899998,78.0,52.11,12.9545555,6
2025-01-07 16:00:00+00:00,400.0,20.5025,16.0525,17.992083,20.037863,14.402662,17.265766,39044.504,35887.656,0.2,0.2,2.0,16.299694,34.92,45.88576,13.9,2.7361174,127.99875,119.70799,272746.22,167085.55,25.099998,25.099998,80.0,66.01,15.690673,7
2025-01-08 16:00:00+00:00,400.0,19.7525,16.602499,17.858751,17.438063,13.65728,15.952136,39076.1,25081.178,2.3999999,2.3999999,9.0,25.853039,53.639996,39.3601,11.05,2.5404994,145.8575,135.66013,311822.3,192166.72,27.499998,27.499998,89.0,77.060005,18.231173,8
2025-01-09 16:00:00+00:00,400.0,16.852499,14.8025,15.885834,13.348612,11.140886,12.333585,39109.54,16872.342,3.7999995,3.7999995,21.0,27.471678,56.88,39.80763,5.6,2.308419,161.74333,147.99371,350931.84,209039.06,31.299997,31.299997,110.0,82.66,20.53959,9
2025-01-10 16:00:00+00:00,400.0,16.4525,14.6025,15.327499,14.580967,11.13872,12.693442,39144.758,707.74316,4.1999993,4.1999993,20.0,23.899363,52.199997,41.559532,4.29,1.7652596,177.07083,160.68715,390076.6,209746.81,35.499996,35.499996,130.0,86.950005,22.30485,10
2025-01-11 16:00:00+00:00,400.0,17.7025,14.4025,15.771249,15.003916,11.727478,13.220477,39181.68,35869.4,1.5000001,1.5000001,12.0,23.950148,52.92,41.86581,13.58,2.6823893,192.84209,173.90762,429258.28,245616.22,36.999996,36.999996,142.0,100.53001,24.98724,11
2025-01-12 16:00:00+00:00,400.0,18.352499,14.0525,15.983748,15.698444,10.973978,13.099773,39220.24,33685.344,0.0,0.0,0.0,23.233252,48.239998,47.326096,14.98,3.2910492,208.82584,187.0074,468478.53,279301.56,36.999996,36.999996,142.0,115.51001,28.27829,12
2025-01-13 16:00:00+00:00,400.0,20.2525,15.5525,17.919167,20.166044,13.203949,17.05039,39260.363,35867.977,1.3000001,1.3000001,4.0,17.311846,37.8,39.824554,11.14,2.4819293,226.745,204.05779,507738.9,315169.53,38.299995,38.299995,146.0,126.65001,30.76022,13
2025-01-14 16:00:00+00:00,400.0,18.4525,16.0525,17.498335,18.927979,13.140268,16.698555,39301.984,0.0,17.400003,17.400003,24.0,26.94294,57.96,39.75691,2.19,0.8237214,244.24333,220.75635,547040.9,315169.53,55.699997,55.699997,170.0,128.84001,31.58394,14
2025-01-15 16:00:00+00:00,400.0,16.9525,14.6525,15.59625,14.58132,11.516858,12.8193245,39345.047,34943.566,0.5,0.5,4.0,26.250393,52.92,44.852203,10.16,2.4664,259.83957,233.57567,586385.94,350113.1,56.199997,56.199997,174.0,139.00002,34.05034,15
2025-01-16 16:00:00+00:00,400.0,18.0025,14.452499,15.931667,15.582699,11.858006,13.260123,39389.46,35875.574,0.0,0.0,0.0,23.05476,50.76,45.475224,13.97,2.9710097,275.77124,246.83578,625775.4,385988.66,56.199997,56.199997,174.0,152.97002,37.021347,16
2025-01-17 16:00:00+00:00,400.0,17.9525,15.2525,16.537916,16.655127,12.215271,14.503921,39435.176,8144.3184,2.1000004,2.1000004,15.0,21.479664,47.88,43.290207,5.86,2.014226,292.30914,261.3397,665210.56,394132.97,58.299995,58.299995,189.0,158.83002,39.035572,17
2025-01-18 16:00:00+00:00,400.0,21.5025,17.102499,18.65875,21.80282,16.791248,18.767843,39482.11,32980.97,2.8999999,2.8999999,15.0,16.80857,37.44,52.382526,10.91,2.225862,310.9679,280.10754,704692.7,427113.94,61.199997,61.199997,204.0,169.74002,41.261433,18
2025-01-19 16:00:00+00:00,400.0,20.7025,16.1025,17.956667,20.17176,14.258846,16.59173,39530.21,35895.023,0.5,0.5,5.0,20.765635,42.12,45.43292,16.2,3.2168512,328.92456,296.69928,744222.9,463008.97,61.699997,61.699997,209.0,185.94002,44.478283,19
2025-01-20 16:00:00+00:00,400.0,20.0025,16.0525,17.881666,17.947758,14.220772,16.016344,39579.41,35904.17,0.0,0.0,0.0,20.875343,48.239998,44.354034,15.22,3.2717228,346.8062,312.71564,783802.3,498913.12,61.699997,61.699997,209.0,201.16002,47.750008,20
2025-01-21 16:00:00+00:00,400.0,20.4025,17.2025,18.529581,20.715773,15.422092,17.938423,39629.64,26547.281,2.7999997,2.7999997,15.0,17.922432,40.68,42.55783,7.63,2.0354056,365.3358,330.65405,823431.94,525460.4,64.5,64.5,224.0,208.79002,49.78541,21
2025-01-22 16:00:00+00:00,400.0,22.9525,17.2025,19.648333,23.870167,17.266367,20.548311,39680.836,35712.688,0.8000001,0.8000001,4.0,16.045261,29.16,131.1859,15.86,2.9058099,384.98413,351.20236,863112.75,561173.06,65.3,65.3,228.0,224.65002,52.691223,22
2025-01-23 16:00:00+00:00,400.0,22.352499,18.102499,19.856667,23.024195,18.26129,19.972845,39732.938,35068.46,1.4000002,1.4000002,10.0,17.205778,33.48,48.39856,13.13,2.6288993,404.8408,371.1752,902845.7,596241.5,66.700005,66.700005,238.0,237.78003,55.32012,23
2025-01-24 16:00:00+00:00,400.0,21.7025,17.8025,19.42958,21.705912,17.315304,18.907713,39785.883,35954.305,0.6,0.6,6.0,18.022486,37.44,41.227436,15.51,3.06591,424.2704,390.08292,942631.56,632195.8,67.3,67.3,244.0,253.29002,58.386032,24
2025-01-25 16:00:00+00:00,400.0,20.7025,16.8025,18.57125,20.034363,15.417543,17.742006,39839.605,34835.76,4.3,4.3,16.0,18.921415,36.719997,39.06851,13.29,2.7417297,442.84164,407.82492,982471.2,667031.56,71.600006,71.600006,260.0,266.58002,61.12776,25
2025-01-26 16:00:00+00:00,400.0,16.852499,14.202499,15.669167,15.32515,10.380823,13.025434,39894.055,21741.375,6.2000003,6.2000003,24.0,25.890608,52.199997,41.463306,7.2,1.8656642,458.5108,420.85034,1022365.25,688772.94,77.8,77.8,284.0,273.78003,62.993427,26
2025-01-27 16:00:00+00:00,400.0,16.3025,14.0025,14.723334,12.906256,9.897327,10.98519,39949.723,13741.233,1.3,1.3,9.0,25.697166,52.56,46.358505,7.54,2.5940206,473.23413,431.83554,1062315.0,702514.2,79.100006,79.100006,293.0,281.32004,65.58745,27
2025-01-28 16:00:00+00:00,400.0,16.7525,13.9025,15.102501,13.536583,10.55644,11.668666,40006.81,25672.623,1.1000001,1.1000001,8.0,23.046328,51.12,49.836422,9.3,2.7558568,488.33664,443.5042,1102321.8,728186.8,80.200005,80.200005,301.0,290.62003,68.34331,28
2025-01-29 16:00:00+00:00,400.0,19.602499,14.5525,17.031666,17.295527,11.544746,14.548867,40065.242,36214.453,0.3,0.3,3.0,20.898613,46.079998,48.41311,15.47,3.5477405,505.36832,458.05307,1142387.0,764401.25,80.50001,80.50001,304.0,306.09003,71.891045,29
2025-01-30 16:00:00+00:00,400.0,19.4525,17.0025,17.983751,19.342958,15.050743,17.3165,40124.934,15927.342,27.199999,27.199999,24.0,19.440832,41.039997,44.0075,5.9,1.5560615,523.35205,475.36957,1182511.9,780328.56,107.700005,107.700005,328.0,311.99002,73.447105,30
2025-01-31 16:00:00+00:00,400.0,22.852499,18.4525,20.414999,24.214245,19.266363,21.517878,40185.805,27771.344,16.2,16.2,19.0,17.10284,38.16,53.14308,10.52,1.9877932,543.767,496.88745,1222697.6,808099.9,123.90001,123.90001,347.0,322.51,75.4349,31
2025-02-01 16:00:00+00:00,400.0,22.102499,18.6525,20.194166,23.040821,18.935596,20.83846,40247.773,31061.684,2.0,2.0,11.0,17.318394,30.599998,50.94287,12.89,2.387737,563.9612,517.7259,1262945.4,839161.56,125.90001,125.90001,358.0,335.40002,77.82263,32
2025-02-02 16:00:00+00:00,400.0,20.602499,15.7525,18.360834,20.315292,13.017723,17.74436,40310.766,36000.0,5.0,5.0,23.0,25.051704,47.16,43.527622,13.89,2.5195625,582.322,535.4703,1303256.1,875161.56,130.90001,130.90001,381.0,349.29004,80.34219,33
2025-02-03 16:00:00+00:00,400.0,16.602499,14.4025,15.44,13.467463,11.087076,12.26154,40374.7,32119.5,2.6999993,2.6999993,15.0,25.443748,54.719997,41.966366,8.35,2.3544693,597.762,547.7318,1343630.9,907281.06,133.6,133.6,396.0,357.64005,82.69666,34
2025-02-04 16:00:00+00:00,400.0,16.3025,13.8525,15.025417,14.034494,10.370083,12.335687,40439.5,14707.714,1.7000002,1.7000002,12.0,22.828087,46.44,52.36605,7.86,2.2227695,612.7874,560.0675,1384070.4,921988.75,135.3,135.3,408.0,365.50003,84.91943,35
2025-02-05 16:00:00+00:00,400.0,20.2025,15.4025,17.64625,20.117361,13.887541,17.212778,40505.09,18931.008,3.5000005,3.5000005,20.0,13.433838,32.399998,63.489548,8.83,1.9438272,630.43365,577.2803,1424575.5,940919.75,138.8,138.8,428.0,374.33002,86.86326,36
2025-02-06 16:00:00+00:00,400.0,20.8025,15.702499,18.235834,19.66524,12.100533,16.951117,40571.4,26113.613,1.3000002,1.3000002,12.0,28.16353,57.6,41.974136,13.53,2.6955144,648.6695,594.2314,1465146.9,967033.4,140.1,140.1,440.0,387.86002,89.55877,37
2025-02-07 16:00:00+00:00,400.0,15.9025,13.4025,14.767081,11.690064,9.234318,10.678895,40638.344,23692.408,2.2,2.2,20.0,29.160557,59.76,43.689568,9.15,2.6081743,663.4366,604.9103,1505785.2,990725.8,142.3,142.3,460.0,397.01,92.16695,38
2025-02-08 16:00:00+00:00,400.0,16.2525,13.1525,14.6170845,12.9298725,9.383073,11.150678,40705.863,27762.865,1.1000001,1.1000001,9.0,23.817883,51.839996,44.56499,10.65,2.6558762,678.05365,616.061,1546491.1,1018488.7,143.40001,143.40001,469.0,407.66,94.82282,39
2025-02-09 16:00:00+00:00,400.0,18.9025,14.0525,16.273335,16.937992,10.811441,13.956711,40773.883,36156.47,0.1,0.1,1.0,22.786179,49.32,46.751923,13.63,2.9871776,694.32697,630.0177,1587265.0,1054645.1,143.50002,143.50002,470.0,421.29,97.81,40
2025-02-10 16:00:00+00:00,400.0,21.102499,16.3525,18.750414,20.767082,14.740223,18.129557,40842.336,28576.117,4.2000003,4.2000003,18.0,18.581894,42.48,53.326527,11.26,2.4690335,713.0774,648.1473,1628107.4,1083221.2,147.70001,147.70001,488.0,432.55002,100.27903,41
2025-02-11 16:00:00+00:00,400.0,21.0525,19.2525,20.044168,23.292759,20.062695,21.96334,40911.145,0.0,32.8,32.8,24.0,12.466867,27.72,73.00427,3.24,0.7665814,733.1216,670.1106,1669018.5,1083221.2,180.50002,180.50002,512.0,435.79,101.04561,42
2025-02-12 16:00:00+00:00,400.0,20.352499,17.6525,19.19,22.172024,15.848698,18.544855,40980.254,982.64197,48.400005,48.400005,24.0,28.660158,60.120003,41.206985,4.65,1.2127525,752.3116,688.65546,1709998.8,1084203.9,228.90002,228.90002,536.0,440.44,102.25836,43
2025-02-13 16:00:00+00:00,400.0,20.6525,18.0525,19.129583,20.509205,16.472416,18.317781,41049.586,11486.196,3.799999,3.799999,21.0,23.623928,48.6,39.771236,7.21,1.9056321,771.44116,706.97327,1751048.4,1095690.1,232.70003,232.70003,557.0,447.65,104.163994,44
2025-02-14 16:00:00+00:00,400.0,23.7525,18.9525,21.02125,25.708147,19.506807,22.280226,41119.074,36946.062,0.5,0.5,5.0,16.909464,30.239998,42.30353,14.67,2.809355,792.4624,729.2535,1792167.5,1132636.2,233.20003,233.20003,562.0,462.32,106.97335,45
2025-02-15 16:00:00+00:00,400.0,24.102499,18.352499,20.889997,26.088001,19.358662,22.127466,41188.68,36827.105,1.0000001,1.0000001,10.0,19.73854,39.96,48.270576,17.52,3.1555147,813.3524,751.3809,1833356.1,1169463.4,234.20003,234.20003,572.0,479.84,110.12887,46
2025-02-16 16:00:00+00:00,400.0,22.522001,16.522001,19.117834,22.653328,15.189955,18.34889,41264.68,36825.18,0.0,0.0,0.0,15.941944,37.8,81.94898,20.04,3.9908764,832.4703,769.7298,1874620.8,1206288.5,234.20003,234.20003,572.0,499.88,114.11974,47
2025-02-17 16:00:00+00:00,400.0,22.522001,16.072,18.59075,23.677914,14.898918,18.53452,41335.598,34258.25,0.0,0.0,0.0,9.793058,30.960001,68.33979,16.44,3.2227483,851.06104,788.26434,1915956.4,1240546.8,234.20003,234.20003,572.0,516.32,117.34249,48
2025-02-18 16:00:00+00:00,400.0,22.272001,16.822,18.726164,23.208488,16.378124,18.923813,41407.324,36203.863,0.0,0.0,0.0,9.021574,38.519997,54.368362,16.38,3.09629,869.7872,807.1882,1957363.8,1276750.6,234.20003,234.20003,572.0,532.7,120.43878,49
2025-02-19 16:00:00+00:00,400.0,23.322,17.022001,19.428251,25.410812,17.814262,20.464811,41479.777,36000.0,0.0,0.0,0.0,7.628263,36.36,65.27269,15.38,2.8689616,889.2154,827.65295,1998843.5,1312750.6,234.20003,234.20003,572.0,548.08,123.30775,50
2025-02-20 16:00:00+00:00,400.0,23.372002,16.372002,19.351164,24.275768,17.13743,19.916563,41552.902,34226.098,0.0,0.0,0.0,12.0694,43.92,72.5895,13.32,2.7527204,908.5665,847.5695,2040396.4,1346976.8,234.20003,234.20003,572.0,561.4,126.06047,51
2025-02-21 16:00:00+00:00,400.0,23.522001,17.372002,19.697,24.574545,16.412098,19.703396,41626.625,36812.527,0.0,0.0,0.0,11.183201,50.039997,61.56481,18.49,3.6885867,928.26355,867.2729,2082023.0,1383789.2,234.20003,234.20003,572.0,579.89,129.74905,52
2025-02-22 16:00:00+00:00,400.0,23.972,17.022001,19.376165,26.642843,17.27509,20.339273,41700.883,34861.188,0.0,0.0,0.0,7.92,27.0,70.532005,15.12,2.918525,947.6397,887.6122,2123724.0,1418650.5,234.20003,234.20003,572.0,595.01,132.66757,53
2025-02-23 16:00:00+00:00,400.0,20.822,15.822,17.70117,20.650688,13.28323,16.347057,41775.617,37443.9,0.0,0.0,0.0,17.727943,64.079994,70.76304,19.12,3.819737,965.3409,903.9592,2165499.5,1456094.4,234.20003,234.20003,572.0,614.13,136.4873,54
2025-02-24 16:00:00+00:00,400.0,21.222,15.072,17.54075,22.50735,13.386719,17.201344,41850.75,36000.0,0.0,0.0,0.0,15.379206,61.920002,61.281536,15.93,3.1076066,982.88165,921.1606,2207350.2,1492094.4,234.20003,234.20003,572.0,630.06,139.59491,55
2025-02-25 16:00:00+00:00,400.0,22.172,15.622,18.722,22.11431,15.829205,18.90609,41926.234,38273.367,0.0,0.0,0.0,10.483357,45.0,64.073524,14.95,2.8413022,1001.60364,940.06665,2249276.5,1530367.8,234.20003,234.20003,572.0,645.01,142.43622,56
2025-02-26 16:00:00+00:00,400.0,22.272001,17.922,19.79492,23.355593,19.002169,21.079275,42002.004,21240.936,0.3,0.0,3.0,7.491114,39.96,76.171326,7.98,1.6584051,1021.39856,961.14594,2291278.5,1551608.6,234.50003,234.20003,575.0,652.99,144.09462,57
2025-02-27 16:00:00+00:00,400.0,25.722,18.872002,21.688667,27.432789,19.843256,22.650698,42077.992,39447.184,0.0,0.0,0.0,11.013882,44.639996,74.905876,15.48,3.229365,1043.0873,983.79663,2333356.5,1591055.8,234.50003,234.20003,575.0,668.47,147.32399,58
2025-02-28 16:00:00+00:00,400.0,25.422,20.472,22.276167,26.24694,20.838943,22.8955,42154.14,35378.875,0.0,0.0,0.0,14.154915,52.56,76.982925,14.46,3.3545668,1065.3634,1006.69214,2375510.8,1626434.6,234.50003,234.20003,575.0,682.93,150.67856,59
2025-03-01 16:00:00+00:00,400.0,25.1595,19.5595,21.832937,27.72237,21.029541,23.251532,42230.39,39256.938,0.0,0.0,0.0,13.202726,45.36,76.00623,22.12,4.1122293,1087.1963,1029.9437,2417741.2,1665691.5,234.50003,234.20003,575.0,705.05,154.79079,60
2025-03-02 16:00:00+00:00,400.0,24.9095,19.2595,21.5345,27.441753,20.665686,23.302004,42306.684,39678.508,0.3,0.0,3.0,13.138765,19.8,70.21091,20.7,3.7222657,1108.7308,1053.2457,2460048.0,1705370.0,234.80003,234.20003,578.0,725.75,158.51305,61
2025-03-03 16:00:00+00:00,400.0,25.3095,18.2095,21.872,28.012138,19.358011,23.951523,42382.96,39757.523,0.0,0.0,0.0,11.592895,17.64,84.35469,21.84,3.9766488,1130.6028,1077.1973,2502431.0,1745127.5,234.80003,234.20003,578.0,747.59,162.4897,62
2025-03-04 16:00:00+00:00,400.0,25.0095,17.6595,22.061583,28.877487,17.12481,23.98208,42459.156,37668.28,1.2,0.3,9.0,19.770523,35.64,47.219696,18.06,3.4094803,1152.6643,1101.1793,2544890.2,1782795.8,236.00003,234.50003,587.0,765.65,165.89919,63
2025-03-05 16:00:00+00:00,400.0,17.4595,11.2595005,14.990749,16.822037,7.7770395,12.760924,42535.223,29460.697,0.0,0.0,0.0,26.867676,48.96,54.193893,8.62,1.4365277,1167.655,1113.9402,2587425.5,1812256.5,236.00003,234.50003,587.0,774.27,167.33571,64
2025-03-06 16:00:00+00:00,400.0,16.359499,11.1595,13.230331,14.407997,7.8488655,10.632728,42611.094,39993.12,0.0,0.0,0.0,22.26477,45.0,51.510296,15.63,2.4430149,1180.8854,1124.5729,2630036.5,1852249.6,236.00003,234.50003,587.0,789.9,169.77872,65
2025-03-07 16:00:00+00:00,400.0,18.0595,12.7595005,14.8740835,17.24526,10.914652,13.193044,42686.734,36017.85,0.0,0.0,0.0,19.694992,25.919998,49.0574,17.85,2.8866398,1195.7594,1137.7659,2672723.2,1888267.5,236.00003,234.50003,587.0,807.75,172.66536,66
2025-03-08 16:00:00+00:00,400.0,17.5595,13.1095,15.0511675,17.48634,12.351788,14.258681,42762.6,24533.826,1.2,1.2,6.0,15.629971,29.16,49.728832,11.4,1.8527284,1210.8105,1152.0245,2715485.8,1912801.4,237.20003,235.70003,593.0,819.15,174.51808,67
2025-03-09 16:00:00+00:00,400.0,21.0595,13.3095,,22.415827,12.342316,,42838.957,,,,0.0,17.0763,30.239998,,,,,,2758324.8,,,,593.0,,,68
