date,elevation,temperature_2m_max,temperature_2m_min,temperature_2m_mean,apparent_temperature_max,apparent_temperature_min,apparent_temperature_mean,daylight_duration,sunshine_duration,precipitation_sum,rain_sum,precipitation_hours,wind_speed_10m_max,wind_gusts_10m_max,wind_direction_10m_dominant,shortwave_radiation_sum,et0_fao_evapotranspiration,cumulative_temperature_2m_mean,cumulative_apparent_temperature_mean,cumulative_daylight_duration,cumulative_sunshine_duration,cumulative_precipitation_sum,cumulative_rain_sum,cumulative_precipitation_hours,cumulative_shortwave_radiation_sum,cumulative_et0_fao_evapotranspiration,day
2025-01-01 16:00:00+00:00,2277.0,9.496,8.246,8.9835005,9.053082,7.390009,8.406639,38532.484,0.0,11.300001,11.300001,24.0,3.4949677,20.880001,85.31418,2.68,0.5526386,8.9835005,8.406639,38532.484,0.0,11.300001,11.300001,24.0,2.68,0.5526386,1
2025-01-02 16:00:00+00:00,2277.0,9.896,5.196,7.8147492,9.232856,3.0805836,6.7152677,38555.824,17893.395,4.0999994,4.0999994,24.0,5.720489,23.4,96.5548,4.92,0.86605626,16.79825,15.121906,77088.31,17893.395,15.400001,15.400001,48.0,7.6000004,1.4186949,2
2025-01-03 16:00:00+00:00,2277.0,10.096,4.046,6.3043327,8.754538,1.6749468,4.3429284,38580.883,35678.465,1.0000001,1.0000001,10.0,6.1120534,25.56,102.99463,13.03,1.8264984,23.102583,19.464834,115669.195,53571.86,16.400002,16.400002,58.0,20.630001,3.2451932,3
2025-01-04 16:00:00+00:00,2277.0,9.696,5.396,6.846,7.6175165,3.4587626,5.1783586,38607.633,35707.883,1.3000001,1.3000001,9.0,4.9785542,31.68,247.14119,11.46,1.6362573,29.948584,24.643192,154276.83,89279.74,17.7,17.7,67.0,32.09,4.8814507,4
2025-01-05 16:00:00+00:00,2277.0,10.446,4.246,6.693917,8.502378,2.350317,4.9395947,38636.047,35739.094,0.2,0.2,2.0,4.2366967,31.319998,58.298714,12.27,1.8022223,36.6425,29.582787,192912.88,125018.836,17.900002,17.900002,69.0,44.36,6.683673,5
2025-01-06 16:00:00+00:00,2277.0,8.046,3.6959999,5.325166,6.2861204,1.5349455,3.423195,38666.11,27674.229,0.70000005,0.70000005,7.0,4.514377,34.92,135.4696,8.45,1.2279685,41.967667,33.00598,231578.98,152693.06,18.600002,18.600002,76.0,52.81,7.911641,6
2025-01-07 16:00:00+00:00,2277.0,9.046,3.546,5.6480827,6.951273,1.5504117,3.8625457,38698.12,35790.105,0.6,0.6,6.0,3.84796,32.399998,248.9623,11.33,1.6089504,47.61575,36.868526,270277.1,188483.17,19.200003,19.200003,82.0,64.14,9.520592,7
2025-01-08 16:00:00+00:00,2277.0,7.046,2.846,4.7647495,5.1253595,0.6997428,2.8860962,38732.195,30389.035,2.5,2.5,10.0,3.8856654,34.56,178.06944,6.96,1.0483541,52.3805,39.754623,309009.28,218872.2,21.700003,21.700003,92.0,71.1,10.568946,8
2025-01-09 16:00:00+00:00,2277.0,5.746,1.546,3.4314163,4.392289,-0.9067452,1.3785969,38768.258,27561.934,5.8999996,5.8999996,24.0,4.802999,27.0,99.090195,6.78,0.9755769,55.811916,41.13322,347777.53,246434.14,27.600002,27.600002,116.0,77.88,11.544523,9
2025-01-10 16:00:00+00:00,2277.0,5.696,1.396,2.904333,3.902131,-0.9154799,0.8294689,38806.24,29129.76,7.6999993,7.6999993,23.0,3.671294,33.48,176.52013,7.83,1.0311965,58.716248,41.96269,386583.78,275563.9,35.300003,35.300003,139.0,85.71,12.57572,10
2025-01-11 16:00:00+00:00,2277.0,7.0959997,1.646,3.685583,5.1208515,-0.7105918,1.5602154,38846.055,35777.51,0.70000005,0.70000005,7.0,3.7585104,30.239998,100.70133,11.67,1.5742519,62.401833,43.522903,425429.84,311341.4,36.000004,36.000004,146.0,97.38,14.149972,11
2025-01-12 16:00:00+00:00,2277.0,10.096,1.5960001,5.0001664,8.962201,-0.9522195,2.9989102,38887.633,35777.742,0.0,0.0,0.0,4.6730714,29.88,111.8665,15.33,2.1492345,67.402,46.521812,464317.47,347119.16,36.000004,36.000004,146.0,112.71,16.299206,12
2025-01-13 16:00:00+00:00,2277.0,12.246,1.896,6.7793336,11.255897,-0.22851658,5.2332683,38930.895,35779.336,1.2,1.2,5.0,3.319036,33.48,296.99564,15.96,2.3480296,74.181335,51.75508,503248.38,382898.5,37.200005,37.200005,151.0,128.67,18.647236,13
2025-01-14 16:00:00+00:00,2277.0,9.746,3.896,6.6501656,8.998813,1.6647215,5.389212,38975.777,535.7011,10.800001,10.800001,24.0,4.6730714,30.960001,71.34202,2.51,0.5156314,80.8315,57.144295,542224.1,383434.2,48.000008,48.000008,175.0,131.18,19.162867,14
2025-01-15 16:00:00+00:00,2277.0,7.146,2.6959999,4.2293334,5.2626286,0.6593828,2.2716725,39022.2,31486.754,1.9000003,1.9000003,19.0,4.1046314,33.839996,103.916916,9.12,1.2752464,85.06083,59.415966,581246.3,414920.94,49.90001,49.90001,194.0,140.29999,20.438112,15
2025-01-16 16:00:00+00:00,2277.0,8.546,2.346,4.9251666,6.8335466,-0.25258112,2.782611,39070.086,35432.26,0.5,0.5,5.0,5.068846,26.28,103.83844,10.83,1.5836704,89.98599,62.198578,620316.4,450353.2,50.40001,50.40001,199.0,151.12999,22.021782,16
2025-01-17 16:00:00+00:00,2277.0,8.846,3.596,5.5814166,7.149619,1.5851088,3.7745304,39119.363,26340.086,1.5000001,1.5000001,10.0,4.327493,31.68,146.85979,8.09,1.2351415,95.567406,65.97311,659435.75,476693.28,51.90001,51.90001,209.0,159.21999,23.256924,17
2025-01-18 16:00:00+00:00,2277.0,9.996,5.3459997,6.9376664,8.069448,3.8649359,5.374537,39169.965,35807.695,1.5000002,1.5000002,15.0,4.5,30.960001,266.66617,10.65,1.5620189,102.50507,71.34764,698605.7,512500.97,53.40001,53.40001,224.0,169.86998,24.818943,18
2025-01-19 16:00:00+00:00,2277.0,10.496,4.046,6.212666,9.0442705,2.1706395,4.4296145,39221.82,35817.484,1.0000001,1.0000001,9.0,4.5322843,37.8,215.15898,12.81,1.8547843,108.71774,75.77725,737827.5,548318.44,54.40001,54.40001,233.0,182.67998,26.673727,19
2025-01-20 16:00:00+00:00,2277.0,9.096,3.796,5.798084,7.9544067,1.5843644,4.055879,39274.848,34298.58,0.70000005,0.70000005,7.0,4.724786,27.359999,120.96374,12.27,1.7594237,114.51582,79.83313,777102.4,582617.0,55.10001,55.10001,240.0,194.94998,28.433151,20
2025-01-21 16:00:00+00:00,2277.0,9.446,3.1959999,5.87725,7.3833876,1.3577623,4.118024,39328.99,35841.2,1.0000001,1.0000001,8.0,4.7827187,39.6,198.18913,10.51,1.5204517,120.393074,83.95116,816431.4,618458.2,56.10001,56.10001,248.0,205.45998,29.953604,21
2025-01-22 16:00:00+00:00,2277.0,12.596,4.796,7.7335,10.873276,2.8575764,6.15135,39384.17,35877.215,0.4,0.4,4.0,5.95906,36.0,293.7577,13.61,2.0468726,128.12657,90.10251,855815.56,654335.4,56.50001,56.50001,252.0,219.06998,32.000477,22
2025-01-23 16:00:00+00:00,2277.0,12.796,4.946,8.0772505,11.415761,3.1464338,6.411974,39440.324,35870.48,1.3000001,1.3000001,9.0,5.4744864,38.519997,234.06644,13.77,2.1235073,136.20383,96.51448,895255.9,690205.9,57.80001,57.80001,261.0,232.83998,34.123985,23
2025-01-24 16:00:00+00:00,2277.0,11.746,5.246,7.7168326,10.30703,3.7445931,6.269573,39497.38,35887.215,1.2000002,1.2000002,11.0,3.462369,34.56,246.63077,12.75,1.9599717,143.92065,102.78406,934753.25,726093.06,59.00001,59.00001,272.0,245.58998,36.083958,24
2025-01-25 16:00:00+00:00,2277.0,8.946,4.796,6.4584994,7.031329,3.1437435,4.79993,39555.273,28162.996,3.0000002,3.0000002,19.0,3.438895,28.08,256.86603,8.97,1.3790613,150.37915,107.583984,974308.5,754256.06,62.00001,62.00001,291.0,254.55998,37.46302,25
2025-01-26 16:00:00+00:00,2277.0,4.546,0.84599996,3.225167,2.7766738,-1.6485305,1.307788,39613.953,3634.3032,7.999999,7.999999,24.0,3.2846913,30.960001,137.89139,3.5,0.58029115,153.60432,108.89177,1013922.44,757890.4,70.00001,70.00001,315.0,258.06,38.043312,26
2025-01-27 16:00:00+00:00,2277.0,6.196,-0.65400004,1.9480833,3.6265311,-3.5189755,-0.6300662,39673.93,35580.418,1.1000001,0.9000001,10.0,3.7971036,32.760002,100.24398,11.1,1.4782473,155.55241,108.2617,1053596.4,793470.8,71.100006,70.90001,325.0,269.16,39.52156,27
2025-01-28 16:00:00+00:00,2277.0,6.246,0.446,2.654333,3.9314785,-2.1931276,0.19381912,39735.45,31991.52,2.2,2.0000002,19.0,5.4744864,33.12,133.28165,10.48,1.4100068,158.20674,108.45552,1093331.9,825462.3,73.3,72.90001,344.0,279.64,40.93157,28
2025-01-29 16:00:00+00:00,2277.0,8.996,1.196,4.2543335,7.18703,-1.374234,2.1033008,39798.4,36137.08,0.9000001,0.9000001,9.0,4.7657523,33.12,116.564995,14.2,1.9628162,162.46107,110.55882,1133130.2,861599.4,74.200005,73.80001,353.0,293.84003,42.894386,29
2025-01-30 16:00:00+00:00,2277.0,8.746,2.796,6.021,7.4025555,0.47340012,4.3349895,39862.71,16256.061,18.4,18.4,22.0,4.802999,30.960001,106.65624,4.65,0.76579994,168.48207,114.893814,1172993.0,877855.44,92.600006,92.20001,375.0,298.49002,43.660187,30
2025-01-31 16:00:00+00:00,2277.0,12.696,6.996,9.493915,12.156231,5.74555,8.740128,39928.293,34106.22,7.499999,7.499999,24.0,3.644722,32.760002,158.01752,10.62,1.6965266,177.97598,123.63394,1212921.2,911961.6,100.100006,99.70001,399.0,309.11002,45.356712,31
2025-02-01 16:00:00+00:00,2277.0,11.946,6.646,9.216832,10.338402,5.446357,8.034296,39995.047,36000.0,2.5,2.5,19.0,6.1569467,48.96,253.06203,12.46,1.8814248,187.19281,131.66824,1252916.2,947961.6,102.600006,102.20001,418.0,321.57,47.238136,32
2025-02-02 16:00:00+00:00,2277.0,8.296,4.046,6.2980824,6.8244286,2.2572598,4.8004518,40062.9,31594.387,2.6,2.6,20.0,5.0816135,36.719997,238.3512,9.53,1.3502475,193.49089,136.46869,1292979.1,979556.0,105.200005,104.80001,438.0,331.1,48.588383,33
2025-02-03 16:00:00+00:00,2277.0,4.996,1.896,3.2564163,3.3901348,-0.55629826,1.155142,40131.76,11200.716,3.6999993,3.5999992,20.0,4.6102495,27.359999,119.94871,5.72,0.8650933,196.74731,137.62383,1333110.9,990756.7,108.9,108.40001,458.0,336.82,49.453476,34
2025-02-04 16:00:00+00:00,2277.0,7.446,1.146,3.1814167,5.4822407,-1.3414283,0.9322532,40201.56,36024.516,2.8000002,2.8000002,17.0,5.5216303,41.760002,213.02386,11.87,1.4718772,199.92873,138.55608,1373312.4,1026781.2,111.700005,111.20001,475.0,348.69,50.925354,35
2025-02-05 16:00:00+00:00,2277.0,8.696,2.796,5.3085,6.970042,0.85433626,3.6270952,40272.203,31744.043,1.2,1.2,11.0,4.278551,33.839996,185.59924,10.55,1.5012178,205.23723,142.18317,1413584.6,1058525.2,112.9,112.40001,486.0,359.24,52.42657,36
2025-02-06 16:00:00+00:00,2277.0,10.296,3.396,6.4480824,8.831395,1.3109288,4.828628,40343.61,36304.586,1.7000002,1.7000002,10.0,4.991553,35.28,169.26118,13.47,1.9682441,211.68532,147.0118,1453928.2,1094829.9,114.6,114.100006,496.0,372.71,54.394814,37
2025-02-07 16:00:00+00:00,2277.0,7.496,2.1959999,4.262666,6.2782946,-0.15329647,2.3814075,40415.707,36000.0,1.7000003,1.7000003,17.0,4.896529,35.64,107.19391,11.41,1.613123,215.94798,149.3932,1494344.0,1130829.9,116.299995,115.8,513.0,384.12,56.00794,38
2025-02-08 16:00:00+00:00,2277.0,8.146,2.346,4.3084993,6.489066,0.20846319,2.310287,40488.418,33106.22,1.2,1.2,11.0,5.2939587,31.68,109.01822,11.02,1.5777946,220.25648,151.70349,1534832.4,1163936.1,117.49999,117.0,524.0,395.13998,57.58573,39
2025-02-09 16:00:00+00:00,2277.0,11.196,2.896,5.9585,9.907588,0.6080642,4.1241536,40561.66,36606.195,0.3,0.3,3.0,4.293669,36.719997,102.52884,15.64,2.247498,226.21498,155.82765,1575394.0,1200542.4,117.799995,117.3,527.0,410.78,59.83323,40
2025-02-10 16:00:00+00:00,2277.0,13.696,3.396,7.9480834,13.497131,1.568502,6.595484,40635.367,36501.832,0.8000001,0.8000001,7.0,4.198285,31.68,119.39097,16.1,2.5153875,234.16307,162.42314,1616029.4,1237044.2,118.6,118.100006,534.0,426.88,62.348618,41
2025-02-11 16:00:00+00:00,2277.0,10.446,7.8459997,9.418916,10.286364,6.6201077,8.88868,40709.457,0.0,46.4,46.4,24.0,3.5455887,37.44,112.24906,1.79,0.45518467,243.58199,171.31183,1656738.9,1237044.2,165.0,164.5,558.0,428.67,62.803802,42
2025-02-12 16:00:00+00:00,2277.0,10.146,7.696,9.027249,9.685156,6.50893,8.186582,40783.86,397.46774,57.000008,57.000008,24.0,5.7628117,35.64,94.14938,3.0,0.59701437,252.60924,179.49841,1697522.8,1237441.8,222.0,221.5,582.0,431.67,63.400818,43
2025-02-13 16:00:00+00:00,2277.0,10.896,7.546,9.129333,10.614291,6.3659754,8.464967,40858.5,12099.207,3.3999996,3.3999996,14.0,3.8856654,32.039997,89.19867,6.21,1.0671846,261.73856,187.96338,1738381.2,1249541.0,225.4,224.9,596.0,437.88,64.468,44
2025-02-14 16:00:00+00:00,2277.0,13.73,6.78,9.600833,13.117958,5.1380615,8.209257,40955.19,36673.562,0.0,0.0,0.0,12.879752,68.76,274.20523,18.17,2.573577,271.3394,196.17264,1779336.5,1286214.5,225.4,224.9,596.0,456.05002,67.04158,45
2025-02-15 16:00:00+00:00,2277.0,14.280001,6.13,9.184166,13.318518,3.2523737,7.067885,41029.484,37865.48,0.0,0.0,0.0,14.57889,74.88,267.72644,22.51,3.2680864,280.52356,203.24052,1820366.0,1324080.0,225.4,224.9,596.0,478.56003,70.30967,46
2025-02-16 16:00:00+00:00,2277.0,13.33,4.78,8.082083,12.958109,2.5067644,6.2559714,41104.45,37768.9,0.0,0.0,0.0,13.324863,76.67999,280.88058,21.87,2.9713807,288.60565,209.49649,1861470.5,1361848.9,225.4,224.9,596.0,500.43002,73.28105,47
2025-02-17 16:00:00+00:00,2277.0,9.58,2.28,6.138334,6.8795643,-0.3406012,3.8501642,41180.34,36482.992,0.0,0.0,0.0,13.089354,74.88,287.0645,16.11,2.050508,294.744,213.34665,1902650.9,1398331.9,225.4,224.9,596.0,516.54004,75.33156,48
2025-02-18 16:00:00+00:00,2277.0,10.629999,2.53,6.302916,8.796379,0.24135542,4.3159657,41257.086,36323.773,0.0,0.0,0.0,14.264361,82.439995,312.54324,19.12,2.4438736,301.0469,217.66261,1943908.0,1434655.6,225.4,224.9,596.0,535.66003,77.77543,49
2025-02-19 16:00:00+00:00,2277.0,10.379999,2.53,6.315417,8.0880165,-0.067353725,4.102725,41334.61,37102.445,0.1,0.0,1.0,12.538134,68.76,283.17712,16.54,2.1615582,307.36234,221.76534,1985242.6,1471758.1,225.5,224.9,597.0,552.2,79.93699,50
2025-02-20 16:00:00+00:00,2277.0,9.73,4.58,6.877917,7.1209497,2.584218,4.782693,41412.85,36470.992,0.8000001,0.0,6.0,13.854155,70.92,293.66644,13.57,1.7669888,314.24026,226.54803,2026655.5,1508229.1,226.3,224.9,603.0,565.77,81.70398,51
2025-02-21 16:00:00+00:00,2277.0,11.93,3.23,7.3008327,10.068505,0.9439583,5.3594785,41491.73,36367.152,0.1,0.0,1.0,11.212135,73.439995,323.76746,14.74,2.1052575,321.5411,231.90752,2068147.2,1544596.2,226.40001,224.9,604.0,580.51,83.809235,52
2025-02-22 16:00:00+00:00,2277.0,9.58,5.08,7.0424995,7.279907,3.1119518,5.069013,41571.176,31735.438,0.1,0.0,1.0,12.10157,70.2,289.87692,10.22,1.4000263,328.58362,236.97653,2109718.5,1576331.8,226.50002,224.9,605.0,590.73,85.20926,53
2025-02-23 16:00:00+00:00,2277.0,10.280001,1.38,6.192499,7.203326,-1.0867538,3.901889,41651.125,38019.08,0.1,0.0,1.0,14.512064,77.4,318.42395,15.94,2.0820296,334.77612,240.87842,2151369.5,1614350.9,226.60002,224.9,606.0,606.67,87.29129,54
2025-02-24 16:00:00+00:00,2277.0,11.780001,1.6300001,6.3570824,11.032363,-0.63025594,4.3665805,41731.504,39063.426,0.0,0.0,0.0,11.212135,55.8,281.441,21.91,2.883948,341.1332,245.245,2193101.0,1653414.2,226.60002,224.9,606.0,628.57996,90.17524,55
2025-02-25 16:00:00+00:00,2277.0,10.18,3.9299998,7.1341662,7.773958,1.1682467,4.978711,41812.25,31781.797,0.3,0.6,3.0,8.714677,54.36,256.60748,11.98,1.751706,348.26736,250.22371,2234913.2,1685196.0,226.90002,225.5,609.0,640.55994,91.92695,56
2025-02-26 16:00:00+00:00,2277.0,11.73,6.03,8.707083,10.029546,4.326599,7.1645145,41893.3,39008.676,0.0,0.0,0.0,9.19939,51.48,65.69541,13.43,1.9688582,356.97446,257.3882,2276806.5,1724204.6,226.90002,225.5,609.0,653.9899,93.895805,57
2025-02-27 16:00:00+00:00,2277.0,16.893501,7.48,11.338437,16.423647,5.3240137,9.83274,41974.586,34529.234,0.0,0.0,0.0,10.144082,50.039997,105.21259,19.82,3.3139818,368.3129,267.22095,2318781.0,1758733.9,226.90002,225.5,609.0,673.80994,97.209785,58
2025-02-28 16:00:00+00:00,2277.0,17.7435,9.0435,11.5476675,17.27441,7.0720024,10.231019,42056.035,34517.324,1.5000001,0.3,9.0,10.805998,15.119999,130.93835,15.02,2.6434348,379.86057,277.45197,2360837.0,1793251.2,228.40002,225.8,618.0,688.82996,99.85322,59
2025-03-01 16:00:00+00:00,2277.0,17.0435,7.3434997,11.089333,17.200817,5.2797556,9.597835,42137.594,39366.11,1.2000002,0.0,9.0,14.8257065,15.4800005,289.4401,22.44,3.4119215,390.9499,287.0498,2402974.5,1832617.4,229.60002,225.8,627.0,711.26996,103.26514,60
2025-03-02 16:00:00+00:00,2277.0,15.343499,6.3435,10.476833,15.647844,4.24774,9.282548,42219.195,39560.785,3.0000002,0.0,12.0,12.594856,16.199999,289.33243,23.88,3.4461517,401.42673,296.33237,2445193.8,1872178.1,232.60002,225.8,639.0,735.14996,106.71129,61
2025-03-03 16:00:00+00:00,2277.0,16.4935,6.6435,10.610166,16.067152,5.0568314,9.238293,42300.773,39645.324,0.3,0.0,3.0,13.896187,11.159999,289.3591,23.62,3.6093616,412.0369,305.57065,2487494.5,1911823.5,232.90002,225.8,642.0,758.76996,110.32065,62
2025-03-04 16:00:00+00:00,2277.0,10.2435,6.4435,8.489334,8.832984,4.6497965,6.8776126,42382.27,9069.926,1.2000002,0.6,9.0,10.883676,18.0,297.59473,3.82,0.63379323,420.52625,312.44827,2529876.8,1920893.4,234.10002,226.40001,651.0,762.58997,110.954445,63
2025-03-05 16:00:00+00:00,2277.0,7.6435,2.4435,5.439333,5.8418093,0.49455166,3.241814,42463.62,4175.8765,0.3,0.3,3.0,11.019764,24.84,321.5955,3.85,0.5708646,425.96558,315.6901,2572340.2,1925069.2,234.40002,226.70001,654.0,766.43994,111.52531,64
2025-03-06 16:00:00+00:00,2277.0,9.9435,1.2434999,4.983083,8.944585,-2.2315316,2.7095196,42544.76,39897.418,0.0,0.0,0.0,10.630672,16.919998,64.86706,20.36,2.7156973,430.94867,318.39963,2614885.0,1964966.6,234.40002,226.70001,654.0,786.7999,114.241005,65
2025-03-07 16:00:00+00:00,2277.0,12.5435,0.0934999,5.7934995,12.1238,-3.66302,3.4506912,42625.645,39980.703,0.0,0.0,0.0,10.990322,9.36,82.87503,23.09,3.2604764,436.74216,321.8503,2657510.8,2004947.4,234.40002,226.70001,654.0,809.88995,117.50148,66
