date,elevation,temperature_2m_max,temperature_2m_min,temperature_2m_mean,apparent_temperature_max,apparent_temperature_min,apparent_temperature_mean,daylight_duration,sunshine_duration,precipitation_sum,rain_sum,precipitation_hours,wind_speed_10m_max,wind_gusts_10m_max,wind_direction_10m_dominant,shortwave_radiation_sum,et0_fao_evapotranspiration,cumulative_temperature_2m_mean,cumulative_apparent_temperature_mean,cumulative_daylight_duration,cumulative_sunshine_duration,cumulative_precipitation_sum,cumulative_rain_sum,cumulative_precipitation_hours,cumulative_shortwave_radiation_sum,cumulative_et0_fao_evapotranspiration,day
2025-01-01 16:00:00+00:00,1762.0,13.2305,11.9305,12.413835,13.633467,12.05217,12.624725,38459.76,0.0,11.800002,11.800002,24.0,4.379589,25.56,194.79677,1.49,0.40683922,12.413835,12.624725,38459.76,0.0,11.800002,11.800002,24.0,1.49,0.40683922,1
2025-01-02 16:00:00+00:00,1762.0,13.6805,8.9305,11.574252,13.078608,7.755905,11.155212,38483.45,11812.943,4.2,4.2,24.0,5.5450516,36.0,167.48827,4.7,0.88838327,23.988087,23.779938,76943.21,11812.943,16.000002,16.000002,48.0,6.1899996,1.2952225,2
2025-01-03 16:00:00+00:00,1762.0,14.2305,7.3305,10.078417,13.05592,5.7777576,8.56747,38508.88,35488.465,0.8000001,0.8000001,8.0,6.5049515,24.119999,107.51191,12.46,1.9875308,34.066505,32.34741,115452.09,47301.406,16.800001,16.800001,56.0,18.65,3.2827535,3
2025-01-04 16:00:00+00:00,1762.0,13.1805,8.8805,10.451333,11.405858,7.5506697,9.2462435,38536.023,32396.844,2.2,2.2,16.0,7.2,34.56,276.19873,10.56,1.6794378,44.517838,41.59365,153988.12,79698.25,19.000002,19.000002,72.0,29.21,4.962191,4
2025-01-05 16:00:00+00:00,1762.0,13.880501,7.3305,10.290917,11.7775345,5.847869,8.699476,38564.86,35303.445,0.5,0.5,4.0,6.037383,37.079998,247.33107,10.98,1.8157041,54.808754,50.29313,192552.98,115001.695,19.500002,19.500002,76.0,40.19,6.777895,5
2025-01-06 16:00:00+00:00,1762.0,11.0305,6.4305,8.797167,9.554741,4.8772955,7.447869,38595.367,25697.062,2.4999998,2.4999998,21.0,5.0688457,36.36,205.40761,6.25,1.0742294,63.60592,57.740997,231148.34,140698.75,22.000002,22.000002,97.0,46.44,7.852124,6
2025-01-07 16:00:00+00:00,1762.0,12.1805,7.0805,9.420083,10.393541,5.6423607,8.119354,38627.85,33888.18,1.3000002,1.3000002,13.0,5.4744864,35.64,275.49814,9.18,1.4728931,73.026,65.86035,269776.2,174586.94,23.300003,23.300003,110.0,55.62,9.325017,7
2025-01-08 16:00:00+00:00,1762.0,11.830501,5.7304997,8.757584,9.878326,4.202593,7.2544055,38662.434,22224.883,5.2000003,5.2000003,16.0,6.2067385,38.16,222.68468,6.74,1.1623001,81.783585,73.11475,308438.62,196811.81,28.500004,28.500004,126.0,62.36,10.487317,8
2025-01-09 16:00:00+00:00,1762.0,8.830501,5.4305,7.2742496,7.42293,3.5574083,5.697457,38699.027,20821.992,11.099999,11.099999,24.0,6.2483597,33.48,162.49748,5.75,0.8743847,89.05783,78.81221,347137.66,217633.81,39.600002,39.600002,150.0,68.11,11.361702,9
2025-01-10 16:00:00+00:00,1762.0,8.5305,5.2305,6.5930004,6.961376,3.4701538,4.9024506,38737.57,26267.822,14.099998,14.099998,24.0,5.1197267,36.719997,203.15634,5.7,0.8730791,95.65083,83.71466,385875.22,243901.64,53.7,53.7,174.0,73.81,12.234781,10
2025-01-11 16:00:00+00:00,1762.0,9.880501,5.5805,7.1138325,7.902623,3.549821,5.28505,38777.973,31431.75,3.3999994,3.3999994,21.0,5.5596404,36.36,200.67447,6.61,1.0731919,102.76466,88.99971,424653.2,275333.38,57.1,57.1,195.0,80.42,13.307973,11
2025-01-12 16:00:00+00:00,1762.0,11.630501,3.6805,7.630501,10.36858,1.5288544,5.9613533,38820.164,35739.793,0.6,0.6,6.0,4.5572357,26.64,95.19435,9.46,1.4803128,110.395164,94.96106,463473.34,311073.16,57.699997,57.699997,201.0,89.88,14.788286,12
2025-01-13 16:00:00+00:00,1762.0,14.830501,4.1305,9.701334,13.808691,2.3483863,8.507367,38864.07,35741.72,1.1,1.1,4.0,3.964089,36.36,301.65118,13.71,2.186627,120.0965,103.46843,502337.4,346814.88,58.799995,58.799995,205.0,103.59,16.974913,13
2025-01-14 16:00:00+00:00,1762.0,11.0305,7.3305,9.486751,10.667338,5.8495045,8.723485,38909.613,3121.1611,8.199999,8.199999,24.0,5.7628117,34.56,177.63382,3.15,0.58796793,129.58325,112.19192,541247.0,349936.03,66.99999,66.99999,229.0,106.74,17.562881,14
2025-01-15 16:00:00+00:00,1762.0,10.2805,6.0805,7.6825833,8.611832,4.58255,6.1647544,38956.715,30401.291,3.5000002,3.5000002,24.0,5.2416787,36.0,190.5453,6.96,1.1062437,137.26584,118.356674,580203.7,380337.3,70.49999,70.49999,253.0,113.7,18.669125,15
2025-01-16 16:00:00+00:00,1762.0,10.5305,5.3805,7.5700836,8.974894,3.6458864,5.928409,39005.305,31742.953,3.099999,3.099999,20.0,4.9785542,28.08,147.09474,7.24,1.1823932,144.83592,124.28508,619209.0,412080.25,73.59999,73.59999,273.0,120.939995,19.851519,16
2025-01-17 16:00:00+00:00,1762.0,11.7805,6.1305,8.509666,10.251423,4.5720778,7.3618436,39055.316,24176.457,2.6,2.6,15.0,4.3832865,38.16,273.03928,7.04,1.174272,153.34558,131.64693,658264.3,436256.72,76.19999,76.19999,288.0,127.979996,21.025791,17
2025-01-18 16:00:00+00:00,1762.0,13.1805,8.3805,10.217999,11.823072,7.4148884,9.179788,39106.664,33933.06,3.8999994,3.8999994,24.0,6.384293,36.0,264.88095,9.18,1.4771861,163.56358,140.82672,697371.0,470189.78,80.09999,80.09999,312.0,137.16,22.502977,18
2025-01-19 16:00:00+00:00,1762.0,13.1805,6.7304997,9.582582,11.790575,5.7592144,8.389317,39159.273,31543.883,2.3000002,2.3000002,16.0,5.8048253,34.92,235.94817,8.53,1.4481347,173.14616,149.21603,736530.25,501733.66,82.399994,82.399994,328.0,145.69,23.951113,19
2025-01-20 16:00:00+00:00,1762.0,12.380501,6.5305,9.286751,11.135676,4.838708,7.8471284,39213.09,30172.78,1.1000001,1.1000001,11.0,5.1826253,21.24,115.31448,8.43,1.4167566,182.43292,157.06316,775743.3,531906.44,83.49999,83.49999,339.0,154.12,25.36787,20
2025-01-21 16:00:00+00:00,1762.0,13.2305,6.3805,9.59925,11.5881,5.302758,8.422587,39268.02,35806.68,1.0000001,1.0000001,9.0,5.9427266,40.32,241.44867,10.69,1.7110702,192.03217,165.48575,815011.3,567713.1,84.49999,84.49999,348.0,164.81,27.078941,21
2025-01-22 16:00:00+00:00,1762.0,15.1805,7.8805,11.142999,13.885012,6.551112,9.989806,39324.01,35821.05,1.1000001,1.1000001,11.0,6.489992,43.199997,285.78354,13.59,2.2185326,203.17517,175.47556,854335.3,603534.2,85.59999,85.59999,359.0,178.4,29.297474,22
2025-01-23 16:00:00+00:00,1762.0,16.3305,7.8805,11.728416,15.432575,6.36434,10.571336,39380.99,35836.82,1.5000001,1.5000001,12.0,6.1858225,39.239998,252.99191,14.28,2.373397,214.9036,186.04689,893716.3,639371.0,87.09999,87.09999,371.0,192.68,31.670872,23
2025-01-24 16:00:00+00:00,1762.0,15.130501,8.6305,11.411751,13.758862,7.5137167,10.406825,39438.883,35417.38,1.5000002,1.5000002,10.0,5.3939967,34.56,228.10896,12.14,2.0234525,226.31534,196.45372,933155.2,674788.4,88.59999,88.59999,381.0,204.81999,33.694324,24
2025-01-25 16:00:00+00:00,1762.0,12.9805,7.7805,10.103417,11.373652,6.6448116,8.9442835,39497.625,33120.867,4.8,4.8,22.0,5.7204895,33.12,237.88416,10.38,1.6912942,236.41876,205.39801,972652.8,707909.25,93.399994,93.399994,403.0,215.2,35.38562,25
2025-01-26 16:00:00+00:00,1762.0,7.6305,3.7805,6.157583,6.378044,1.7978592,4.4181476,39557.16,3765.9204,19.5,19.5,24.0,6.090812,38.16,218.56078,2.43,0.44183132,242.57634,209.81616,1012210.0,711675.2,112.899994,112.899994,427.0,217.62999,35.82745,26
2025-01-27 16:00:00+00:00,1762.0,10.1805,1.0805,5.2971673,7.73497,-1.3078337,3.0471938,39618.016,34773.656,1.4000002,1.4000002,13.0,4.724786,35.64,151.21346,12.01,1.7575315,247.8735,212.86336,1051828.0,746448.9,114.299995,114.299995,440.0,229.63998,37.58498,27
2025-01-28 16:00:00+00:00,1762.0,9.630501,3.3305001,6.21175,7.4893665,1.4220695,4.2475905,39680.43,31850.424,2.1000001,2.1000001,20.0,4.896529,32.760002,143.12999,8.61,1.3420881,254.08525,217.11095,1091508.4,778299.3,116.399994,116.399994,460.0,238.24998,38.927067,28
2025-01-29 16:00:00+00:00,1762.0,12.380501,5.0805,8.070083,10.891658,3.1930475,6.40769,39744.305,34089.805,1.0000001,1.0000001,10.0,5.720489,29.16,107.63188,10.18,1.6385776,262.15533,223.51863,1131252.6,812389.1,117.399994,117.399994,470.0,248.43,40.565643,29
2025-01-30 16:00:00+00:00,1762.0,12.330501,5.9305,9.207583,11.95989,4.3478804,8.385453,39809.555,6380.9595,5.7000003,5.7000003,20.0,3.7842832,30.239998,79.754036,4.33,0.8231695,271.3629,231.90408,1171062.1,818770.06,123.09999,123.09999,490.0,252.76,41.388813,30
2025-01-31 16:00:00+00:00,1762.0,15.7305,10.2305,12.793002,16.55236,9.834967,13.109791,39876.086,27342.549,8.099999,8.099999,24.0,3.4763772,33.839996,325.78427,7.61,1.3763504,284.1559,245.01387,1210938.2,846112.6,131.2,131.2,514.0,260.37,42.765163,31
2025-02-01 16:00:00+00:00,1762.0,14.9805,10.380501,12.828416,13.862541,9.656252,12.45955,39943.816,23376.967,5.3999996,5.3999996,24.0,6.391901,50.039997,260.63663,6.94,1.2862321,296.98434,257.47342,1250882.1,869489.56,136.59999,136.59999,538.0,267.31,44.051395,32
2025-02-02 16:00:00+00:00,1762.0,11.0305,7.6805,9.545083,9.845005,6.300886,8.499378,40012.656,16061.484,10.599998,10.599998,24.0,6.854195,41.399998,228.99413,5.59,0.93460476,306.52942,265.9728,1290894.8,885551.06,147.19998,147.19998,562.0,272.9,44.986,33
2025-02-03 16:00:00+00:00,1762.0,8.2805,5.6805,6.58675,6.849822,3.8470488,4.9377666,40082.523,4177.448,13.200001,13.200001,24.0,5.7964473,32.760002,173.8104,4.25,0.6966462,313.11618,270.91058,1330977.2,889728.5,160.39998,160.39998,586.0,277.15,45.682648,34
2025-02-04 16:00:00+00:00,1762.0,8.330501,4.6805,6.5242496,6.741894,2.884862,5.0000644,40153.332,28381.053,5.9999995,5.9999995,22.0,5.5887027,42.12,234.302,6.69,0.995569,319.64044,275.91064,1371130.6,918109.56,166.39998,166.39998,608.0,283.84,46.678215,35
2025-02-05 16:00:00+00:00,1762.0,11.6805,6.5805,8.809667,10.517555,5.429801,7.9630675,40225.0,17401.518,3.799999,3.799999,22.0,4.7110505,34.92,285.01108,5.76,0.998271,328.4501,283.87372,1411355.6,935511.06,170.19998,170.19998,630.0,289.6,47.676487,36
2025-02-06 16:00:00+00:00,1762.0,13.2805,7.4305,10.076334,11.983015,6.000905,9.011413,40297.445,35872.527,3.1000001,3.1000001,11.0,6.0908127,37.8,225.85072,9.12,1.5212674,338.52643,292.88513,1451653.1,971383.56,173.29999,173.29999,641.0,298.72,49.197754,37
2025-02-07 16:00:00+00:00,1762.0,9.630501,5.3305,7.4388337,8.393382,3.6136398,5.976127,40370.59,23681.523,8.400001,8.400001,24.0,6.439876,38.16,172.47447,6.82,1.005167,345.96527,298.86127,1492023.8,995065.06,181.69998,181.69998,665.0,305.54,50.20292,38
2025-02-08 16:00:00+00:00,1762.0,10.1805,5.1805,6.895084,8.666721,3.3846517,5.2028446,40444.35,23515.533,3.4999995,3.4999995,23.0,5.5567255,35.28,180.55487,6.99,1.1016362,352.86035,304.06412,1532468.1,1018580.6,185.19998,185.19998,688.0,312.53,51.304554,39
2025-02-09 16:00:00+00:00,1762.0,12.2805,5.5305,8.624249,10.732617,3.8285046,7.365499,40518.66,36092.6,0.9000001,0.9000001,9.0,4.913044,38.16,15.592807,9.66,1.5474167,361.4846,311.42963,1572986.8,1054673.2,186.09998,186.09998,697.0,322.19,52.85197,40
2025-02-10 16:00:00+00:00,1762.0,16.6805,5.7805,10.953416,16.396952,4.3893194,10.139996,40593.43,36085.605,0.0,0.0,0.0,3.4623692,32.760002,95.50531,13.91,2.351316,372.43802,321.5696,1613580.1,1090758.9,186.09998,186.09998,697.0,336.1,55.203285,41
2025-02-11 16:00:00+00:00,1762.0,14.080501,10.2805,12.515918,15.158951,9.957537,12.999776,40668.59,0.0,30.3,30.3,24.0,3.0652893,24.84,41.893898,1.89,0.49761462,384.95395,334.5694,1654248.8,1090758.9,216.39998,216.39998,721.0,337.99002,55.7009,42
2025-02-12 16:00:00+00:00,1762.0,13.0305,11.1805,12.305499,13.524483,11.157864,12.5041275,40744.066,0.0,45.999992,45.999992,22.0,5.3426957,29.88,118.48475,2.07,0.50274456,397.25946,347.07352,1694992.9,1090758.9,262.39996,262.39996,743.0,340.06003,56.203644,43
2025-02-13 16:00:00+00:00,1762.0,14.130501,11.080501,12.63675,15.039305,11.240453,13.097337,40819.79,0.0,3.3000002,3.3000002,19.0,2.907989,31.68,326.30997,3.99,0.8149531,409.8962,360.17087,1735812.6,1090758.9,265.69995,265.69995,762.0,344.05002,57.018597,44
2025-02-14 16:00:00+00:00,1762.0,16.8575,10.1075,12.734585,17.055452,9.459892,12.312984,40923.918,36526.016,0.0,0.0,0.0,12.72283,72.72,305.87717,17.9,2.6823156,422.6308,372.48386,1776736.5,1127284.9,265.69995,265.69995,762.0,361.95,59.700912,45
2025-02-15 16:00:00+00:00,1762.0,17.4075,8.6075,12.374168,16.922817,7.072606,11.370067,40999.117,37702.227,0.0,0.0,0.0,14.372974,71.28,271.65543,21.99,3.3644896,435.00497,383.8539,1817735.6,1164987.1,265.69995,265.69995,762.0,383.94,63.065403,46
2025-02-16 16:00:00+00:00,1762.0,16.307499,8.1575,11.286667,16.552845,6.5223665,10.385451,41074.98,36625.15,0.0,0.0,0.0,13.570615,69.84,280.7843,20.69,3.0074935,446.29163,394.23935,1858810.6,1201612.2,265.69995,265.69995,762.0,404.63,66.0729,47
2025-02-17 16:00:00+00:00,1762.0,13.5075,7.3575,10.034583,11.437789,6.3235235,8.8743515,41151.785,36370.062,0.0,0.0,0.0,13.570615,64.079994,281.70648,14.78,2.0542305,456.3262,403.1137,1899962.4,1237982.2,265.69995,265.69995,762.0,419.41,68.12713,48
2025-02-18 16:00:00+00:00,1762.0,13.5575,7.3075,9.924166,12.103664,5.3587475,8.506719,41229.453,36266.79,0.0,0.0,0.0,14.118243,59.039997,262.99896,18.12,2.4731438,466.25037,411.62042,1941191.9,1274249.0,265.69995,265.69995,762.0,437.53,70.60027,49
2025-02-19 16:00:00+00:00,1762.0,13.4575,6.7075,9.572083,12.298401,5.0327444,8.161828,41307.918,36319.96,0.0,0.0,0.0,12.768586,58.32,276.22586,16.05,2.2221293,475.82245,419.78226,1982499.8,1310569.0,265.69995,265.69995,762.0,453.58,72.8224,50
2025-02-20 16:00:00+00:00,1762.0,13.6075,7.9075003,10.061667,11.845345,5.7705193,8.865104,41387.098,33755.484,0.70000005,0.0,4.0,14.345898,65.88,287.67627,13.33,1.9085069,485.88412,428.64737,2023886.9,1344324.5,266.39996,265.69995,766.0,466.90997,74.73091,51
2025-02-21 16:00:00+00:00,1762.0,15.7075,6.3575,10.567917,15.658091,4.2292595,9.15622,41466.926,36350.277,0.0,0.0,0.0,12.864649,65.159996,153.4343,17.11,2.5135705,496.45203,437.8036,2065353.8,1380674.8,266.39996,265.69995,766.0,484.01996,77.244484,52
2025-02-22 16:00:00+00:00,1762.0,12.8575,8.4575,10.511665,11.345404,7.8430605,9.550487,41547.33,29496.57,0.70000005,0.0,5.0,11.631956,58.32,288.43506,10.22,1.5506514,506.96368,447.35406,2106901.0,1410171.4,267.09998,265.69995,771.0,494.23996,78.795135,53
2025-02-23 16:00:00+00:00,1762.0,13.4575,5.1575003,9.878333,11.644338,2.3366985,8.30096,41628.24,38066.81,1.2,0.0,6.0,14.578888,63.72,262.45078,16.6,2.2999933,516.84204,455.65503,2148529.2,1448238.1,268.3,265.69995,777.0,510.83997,81.09513,54
2025-02-24 16:00:00+00:00,1762.0,13.8575,5.4575,9.409583,13.6471195,3.028376,8.084343,41709.586,39036.152,0.0,0.0,0.0,12.768586,47.519997,281.60477,20.06,2.7049541,526.25165,463.73938,2190238.8,1487274.2,268.3,265.69995,777.0,530.89996,83.80009,55
2025-02-25 16:00:00+00:00,1762.0,13.3575,6.8075,10.307499,11.800056,4.6781693,8.971685,41791.297,25283.172,0.6,0.6,6.0,8.557102,45.719997,216.67448,11.59,1.7930417,536.55914,472.71106,2232030.0,1512557.4,268.9,266.29996,783.0,542.49,85.59313,56
2025-02-26 16:00:00+00:00,1762.0,14.6575,9.9075,12.1825,13.785156,8.606904,11.234387,41873.32,39206.39,0.0,0.0,0.0,10.163227,46.8,133.22856,14.57,2.1852617,548.74164,483.94543,2273903.2,1551763.8,268.9,266.29996,783.0,557.06,87.7784,57
2025-02-27 16:00:00+00:00,1762.0,19.921501,11.3575,14.501668,19.612389,9.379265,13.391705,41955.58,34517.938,0.0,0.0,0.0,11.269782,48.96,141.22583,21.17,3.676866,563.2433,497.33713,2315858.8,1586281.8,268.9,266.29996,783.0,578.23,91.45526,58
2025-02-28 16:00:00+00:00,1762.0,21.171501,11.021501,14.746501,21.019104,10.204339,14.048767,42038.008,38625.883,0.90000004,0.0,3.0,10.8955765,10.799999,112.99944,21.46,3.7106543,577.9898,511.3859,2357896.8,1624907.6,269.8,266.29996,786.0,599.69,95.16592,59
2025-03-01 16:00:00+00:00,1762.0,20.3715,9.9715,14.119418,20.397308,8.711479,13.548697,42120.543,39455.16,1.2000002,0.0,12.0,15.596767,13.32,290.61172,23.4,3.8047507,592.10925,524.9346,2400017.2,1664362.8,271.0,266.29996,798.0,623.09,98.970665,60
2025-03-02 16:00:00+00:00,1762.0,17.921501,10.321501,13.623586,18.940771,9.582033,13.493295,42203.117,39540.78,1.2000002,0.0,12.0,12.522619,9.72,311.41183,23.69,3.560742,605.73285,538.42786,2442220.2,1703903.5,272.2,266.29996,810.0,646.78,102.53141,61
2025-03-03 16:00:00+00:00,1762.0,19.3715,9.4715,13.506917,19.575962,8.503715,12.982678,42285.67,39626.258,0.0,0.0,0.0,12.864649,7.5599995,308.9623,24.2,3.8470352,619.23975,551.4105,2484506.0,1743529.8,272.2,266.29996,810.0,670.98004,106.37845,62
2025-03-04 16:00:00+00:00,1762.0,11.7215,9.571501,10.761083,11.02729,8.37042,10.129724,42368.145,1781.5729,3.6000001,2.9999995,18.0,8.473393,12.24,287.17596,2.57,0.51748955,630.00085,561.5402,2526874.2,1745311.4,275.80002,269.29996,828.0,673.55005,106.895935,63
2025-03-05 16:00:00+00:00,1762.0,9.2215,5.0715,7.7194176,7.918459,3.5001736,6.035404,42450.47,10947.379,0.3,0.3,3.0,12.758432,9.0,287.65027,5.14,0.7116592,637.7203,567.5756,2569324.8,1756258.8,276.1,269.59995,831.0,678.69006,107.6076,64
2025-03-06 16:00:00+00:00,1762.0,12.3715,3.7215,7.350666,11.332942,0.8313117,5.461493,42532.582,39881.133,0.0,0.0,0.0,10.8955765,7.5599995,160.2328,21.89,2.925715,645.0709,573.0371,2611857.2,1796139.9,276.1,269.59995,831.0,700.5801,110.53331,65
2025-03-07 16:00:00+00:00,1762.0,14.4715,3.2215,8.173583,13.965698,-0.17232132,6.2172437,42614.43,39965.344,0.0,0.0,0.0,11.720751,5.7599998,134.17024,24.42,3.443973,653.2445,579.25433,2654471.8,1836105.2,276.1,269.59995,831.0,725.00006,113.97728,66
