date,elevation,temperature_2m_max,temperature_2m_min,temperature_2m_mean,apparent_temperature_max,apparent_temperature_min,apparent_temperature_mean,daylight_duration,sunshine_duration,precipitation_sum,rain_sum,precipitation_hours,wind_speed_10m_max,wind_gusts_10m_max,wind_direction_10m_dominant,shortwave_radiation_sum,et0_fao_evapotranspiration,cumulative_temperature_2m_mean,cumulative_apparent_temperature_mean,cumulative_daylight_duration,cumulative_sunshine_duration,cumulative_precipitation_sum,cumulative_rain_sum,cumulative_precipitation_hours,cumulative_shortwave_radiation_sum,cumulative_et0_fao_evapotranspiration,day
2025-01-01 16:00:00+00:00,2254.0,11.175,10.075,10.583334,10.879229,9.520443,10.122939,38459.76,0.0,14.300003,14.300003,23.0,5.0432134,36.719997,180.98773,1.41,0.3776446,10.583334,10.122939,38459.76,0.0,14.300003,14.300003,23.0,1.41,0.3776446,1
2025-01-02 16:00:00+00:00,2254.0,11.425,6.875,9.383333,10.96266,5.0705357,8.505244,38483.45,11342.368,2.5999997,2.5999997,20.0,6.8423676,37.079998,121.29846,4.82,0.8771109,19.966667,18.628183,76943.21,11342.368,16.900003,16.900003,43.0,6.23,1.2547555,2
2025-01-03 16:00:00+00:00,2254.0,11.825,5.475,7.972915,10.276225,3.324543,6.0870347,38508.88,34510.258,0.6,0.6,6.0,6.198903,26.28,131.12134,12.44,1.899259,27.939583,24.715218,115452.09,45852.625,17.500004,17.500004,49.0,18.67,3.1540146,3
2025-01-04 16:00:00+00:00,2254.0,10.625,6.975,8.360416,8.382734,5.2768507,6.607473,38536.023,31559.383,2.4999995,2.4999995,18.0,9.761578,46.8,241.82852,9.68,1.4673858,36.3,31.322691,153988.12,77412.01,20.000004,20.000004,67.0,28.35,4.6214004,4
2025-01-05 16:00:00+00:00,2254.0,11.474999,5.725,8.095832,9.560518,3.7708063,6.315296,38564.86,35492.562,1.1,1.1,6.0,5.402999,40.68,199.2012,12.43,1.8814877,44.395832,37.637985,192552.98,112904.57,21.100004,21.100004,73.0,40.78,6.502888,5
2025-01-06 16:00:00+00:00,2254.0,8.775,4.825,6.785417,6.432769,2.7148318,4.69464,38595.367,32409.045,2.1000001,2.1000001,18.0,8.53815,55.8,186.82521,6.98,1.0783057,51.181248,42.332626,231148.34,145313.61,23.200005,23.200005,91.0,47.76,7.581194,6
2025-01-07 16:00:00+00:00,2254.0,9.775,5.475,7.316667,7.536892,3.6290593,5.454991,38627.85,34772.848,1.3000002,1.3000002,13.0,8.211235,48.6,209.27515,10.07,1.4563639,58.497913,47.787617,269776.2,180086.45,24.500004,24.500004,104.0,57.829998,9.037558,7
2025-01-08 16:00:00+00:00,2254.0,8.925,4.1749997,6.3895836,6.949958,2.236102,4.433703,38662.434,23756.633,4.1,4.1,15.0,9.109138,51.12,189.11261,7.37,1.1163747,64.8875,52.22132,308438.62,203843.1,28.600004,28.600004,119.0,65.2,10.153933,8
2025-01-09 16:00:00+00:00,2254.0,6.1749997,3.125,4.7541666,4.5450077,0.68629885,2.792778,38699.027,17296.81,6.3999996,6.3999996,24.0,6.5049515,42.12,119.55078,5.55,0.81740093,69.64166,55.0141,347137.66,221139.9,35.000004,35.000004,143.0,70.75,10.9713335,9
2025-01-10 16:00:00+00:00,2254.0,5.7749996,3.025,4.2708335,3.8561487,0.6753106,2.109337,38737.57,26293.164,11.0,11.0,24.0,6.489992,49.68,188.21576,5.78,0.7998352,73.9125,57.123436,385875.22,247433.06,46.000004,46.000004,167.0,76.53,11.771169,10
2025-01-11 16:00:00+00:00,2254.0,7.825,3.825,5.2125,5.919051,1.4760032,3.193944,38777.973,32318.348,3.1999993,3.1999993,21.0,5.5596404,45.719997,177.67848,7.8,1.1573131,79.125,60.31738,424653.2,279751.4,49.200005,49.200005,188.0,84.33,12.928482,11
2025-01-12 16:00:00+00:00,2254.0,9.775,2.775,6.1854167,7.7349243,0.26876736,4.076156,38820.164,35763.797,0.5,0.5,5.0,5.495161,41.760002,148.04776,9.11,1.3710179,85.31042,64.39353,463473.34,315515.2,49.700005,49.700005,193.0,93.44,14.2994995,12
2025-01-13 16:00:00+00:00,2254.0,12.825,3.9750001,8.377083,11.238963,2.3267689,6.8300586,38864.07,35265.21,1.3000001,1.3000001,4.0,6.0721655,46.8,220.18933,13.19,2.0296516,93.6875,71.22359,502337.4,350780.4,51.000004,51.000004,197.0,106.630005,16.329151,13
2025-01-14 16:00:00+00:00,2254.0,9.125,5.125,7.5791664,8.319602,3.018116,6.379412,38909.613,3570.272,9.500002,9.500002,24.0,6.341009,41.399998,98.619705,3.29,0.59172505,101.26666,77.603,541247.0,354350.7,60.500008,60.500008,221.0,109.920006,16.920876,14
2025-01-15 16:00:00+00:00,2254.0,7.7749996,4.325,5.5520825,5.7509804,2.3469758,3.5704272,38956.715,31370.984,2.9,2.9,24.0,5.815978,45.0,167.25177,7.2,1.0596467,106.81875,81.17342,580203.7,385721.7,63.40001,63.40001,245.0,117.12,17.980522,15
2025-01-16 16:00:00+00:00,2254.0,8.825,3.825,6.0437493,6.9753056,1.6509252,4.063023,39005.305,32852.945,2.8999991,2.8999991,18.0,5.3517847,38.519997,150.45506,7.94,1.2086306,112.862495,85.23645,619209.0,418574.62,66.30001,66.30001,263.0,125.060005,19.189152,16
2025-01-17 16:00:00+00:00,2254.0,9.425,5.075,6.8458333,7.2374783,3.1847563,5.112435,39055.316,24040.273,2.6000001,2.6000001,15.0,7.689603,52.199997,221.41783,7.07,1.0795032,119.70833,90.348885,658264.3,442614.9,68.90001,68.90001,278.0,132.13,20.268656,17
2025-01-18 16:00:00+00:00,2254.0,10.875,6.725,8.252084,8.97798,5.314678,6.75956,39106.664,33771.465,4.5999994,4.5999994,22.0,7.5019197,47.519997,234.51163,9.38,1.4074337,127.96041,97.108444,697371.0,476386.38,73.50001,73.50001,300.0,141.51001,21.67609,18
2025-01-19 16:00:00+00:00,2254.0,11.075,5.325,7.6520844,9.238882,3.5902815,5.9374237,39159.273,33698.484,2.1000001,2.1000001,16.0,7.44121,46.44,196.62921,8.97,1.3879684,135.61249,103.04587,736530.25,510084.88,75.600006,75.600006,316.0,150.48001,23.064058,19
2025-01-20 16:00:00+00:00,2254.0,10.175,5.225,7.4749985,8.433781,3.1557899,5.6408405,39213.09,31739.682,0.90000004,0.90000004,8.0,5.2323985,29.519999,153.10703,9.19,1.4354812,143.0875,108.68671,775743.3,541824.56,76.50001,76.50001,324.0,159.67001,24.49954,20
2025-01-21 16:00:00+00:00,2254.0,10.474999,5.575,7.6687503,8.152234,4.1633024,5.927056,39268.02,35830.684,1.1,1.1,10.0,9.0,49.32,222.42514,11.45,1.6552359,150.75624,114.61376,815011.3,577655.25,77.600006,77.600006,334.0,171.12001,26.154776,21
2025-01-22 16:00:00+00:00,2254.0,12.925,5.5249996,8.9,11.356465,3.848545,7.3789425,39324.01,35845.047,0.8000001,0.8000001,8.0,8.626865,57.239998,231.62743,13.62,2.0727057,159.65623,121.99271,854335.3,613500.3,78.40001,78.40001,342.0,184.74,28.227482,22
2025-01-23 16:00:00+00:00,2254.0,13.775,6.825,9.608335,12.311214,4.8090334,8.041284,39380.99,35521.88,1.4000001,1.4000001,11.0,8.604301,51.12,207.39226,14.09,2.196666,169.26457,130.034,893716.3,649022.2,79.80001,79.80001,353.0,198.83,30.424149,23
2025-01-24 16:00:00+00:00,2254.0,12.775,6.6749997,9.258334,11.303985,5.085228,7.9240685,39438.883,35741.918,1.5000002,1.5000002,10.0,4.613762,38.16,172.28825,12.43,1.9514819,178.5229,137.95807,933155.2,684764.1,81.30001,81.30001,363.0,211.26001,32.37563,24
2025-01-25 16:00:00+00:00,2254.0,10.325,5.9249997,7.8749995,8.297408,4.482293,6.3292694,39497.625,33693.875,4.0000005,4.0000005,21.0,6.2613096,39.96,237.887,11.39,1.6993996,186.3979,144.28734,972652.8,718458.0,85.30001,85.30001,384.0,222.65001,34.075027,25
2025-01-26 16:00:00+00:00,2254.0,5.725,2.075,4.3125,4.372549,-0.4910977,2.5055466,39557.16,8534.576,17.300001,12.9,24.0,5.506941,40.32,39.625565,3.07,0.51795536,190.7104,146.79288,1012210.0,726992.56,102.60001,98.20001,408.0,225.72002,34.592983,26
2025-01-27 16:00:00+00:00,2254.0,7.575,-0.024999976,3.270833,5.9792814,-2.895093,0.8562173,39618.016,35938.215,1.3000001,1.3000001,12.0,5.5887027,34.92,112.71842,14.46,1.9425889,193.98123,147.6491,1051828.0,762930.75,103.90002,99.500015,420.0,240.18002,36.535572,27
2025-01-28 16:00:00+00:00,2254.0,7.075,1.575,4.016667,4.53203,-1.1103017,1.562281,39680.43,35915.15,1.4000002,1.4000002,13.0,5.815978,41.760002,165.96368,10.44,1.4271474,197.9979,149.21138,1091508.4,798845.9,105.30002,100.90002,433.0,250.62003,37.96272,28
2025-01-29 16:00:00+00:00,2254.0,10.075,3.2250001,6.1104164,8.006577,0.9297795,4.099123,39744.305,35247.945,0.4,0.4,4.0,5.020677,37.44,154.82648,11.25,1.6678919,204.1083,153.3105,1131252.6,834093.8,105.70002,101.30002,437.0,261.87003,39.63061,29
2025-01-30 16:00:00+00:00,2254.0,10.125,4.825,7.514584,9.320675,3.0203261,6.3034153,39809.555,7534.3643,4.7000003,4.7000003,17.0,3.2846913,43.56,121.11874,4.83,0.8633958,211.6229,159.61392,1171062.1,841628.2,110.40002,106.000015,454.0,266.7,40.494007,30
2025-01-31 16:00:00+00:00,2254.0,13.474999,8.525,10.883334,13.750637,7.762969,10.662043,39876.086,26456.977,11.299999,11.299999,23.0,3.536439,49.32,178.6361,7.86,1.3866328,222.50623,170.27597,1210938.2,868085.2,121.70001,117.30002,477.0,274.56,41.88064,31
2025-02-01 16:00:00+00:00,2254.0,12.325,7.575,10.562499,10.717452,6.238763,9.525119,39943.816,19480.953,4.0,4.0,23.0,8.893166,64.799995,230.17412,6.4,1.127662,233.06873,179.80109,1250882.1,887566.1,125.70001,121.30002,500.0,280.96,43.0083,32
2025-02-02 16:00:00+00:00,2254.0,8.525,5.4249997,7.2875004,7.2440186,3.7610302,6.0006766,40012.656,10607.121,11.599999,11.599999,24.0,5.441838,46.079998,212.77031,4.83,0.8012535,240.35623,185.80176,1290894.8,898173.25,137.30002,132.90002,524.0,285.78998,43.809555,33
2025-02-03 16:00:00+00:00,2254.0,6.1749997,3.275,4.4041667,4.859209,1.0175843,2.4384246,40082.523,12360.571,7.799999,7.799999,24.0,6.3231,35.28,125.676476,5.49,0.83619404,244.76039,188.24019,1330977.2,910533.8,145.10002,140.70003,548.0,291.27997,44.64575,34
2025-02-04 16:00:00+00:00,2254.0,5.7749996,2.775,4.2125,3.1970205,0.39931488,1.8757213,40153.332,29976.34,5.9999995,5.9999995,24.0,8.958504,61.56,216.55252,7.12,0.91633636,248.97289,190.1159,1371130.6,940510.1,151.10002,146.70003,572.0,298.39996,45.562084,35
2025-02-05 16:00:00+00:00,2254.0,9.375,4.475,6.722917,7.4945183,2.4509616,5.037708,40225.0,14487.067,4.1,4.1,23.0,7.823272,50.399998,224.99986,5.83,0.9080978,255.6958,195.15361,1411355.6,954997.2,155.20003,150.80003,595.0,304.22995,46.47018,36
2025-02-06 16:00:00+00:00,2254.0,10.575,4.7749996,7.5833335,8.753532,2.8033438,6.0289063,40297.445,34163.848,1.8000002,1.8000002,13.0,6.9480934,49.32,186.47939,8.31,1.3043454,263.27914,201.18251,1451653.1,989161.06,157.00003,152.60004,608.0,312.53995,47.774525,37
2025-02-07 16:00:00+00:00,2254.0,7.0249996,3.275,4.914583,5.5353737,0.9140277,3.014094,40370.59,10318.111,3.8999996,3.8999996,24.0,6.048107,46.8,135.15657,5.68,0.8569463,268.19373,204.19661,1492023.8,999479.2,160.90002,156.50003,632.0,318.21994,48.63147,38
2025-02-08 16:00:00+00:00,2254.0,8.075,3.275,5.120833,6.269367,1.0115709,2.9978154,40444.35,23700.355,2.7999995,2.7999995,22.0,6.8777895,48.6,166.82935,7.28,1.0826497,273.31454,207.19443,1532468.1,1023179.56,163.70003,159.30003,654.0,325.49994,49.71412,39
2025-02-09 16:00:00+00:00,2254.0,10.125,4.225,7.0166664,8.170398,2.0636797,5.225081,40518.66,36000.0,0.6,0.6,6.0,6.601363,51.48,190.76904,9.71,1.4600346,280.3312,212.41951,1572986.8,1059179.5,164.30003,159.90004,660.0,335.20993,51.174152,40
2025-02-10 16:00:00+00:00,2254.0,14.425,5.225,9.3375,13.560009,3.691183,8.187457,40593.43,36000.0,0.0,0.0,0.0,5.223103,42.839996,175.14699,14.58,2.3268251,289.6687,220.60696,1613580.1,1095179.5,164.30003,159.90004,660.0,349.78992,53.500977,41
2025-02-11 16:00:00+00:00,2254.0,12.875,8.775,10.908334,13.156143,8.092731,10.892505,40668.59,0.0,34.7,34.7,23.0,3.438895,38.519997,91.648315,2.22,0.5500932,300.57703,231.49947,1654248.8,1095179.5,199.00003,194.60004,683.0,352.00992,54.05107,42
2025-02-12 16:00:00+00:00,2254.0,11.025,9.224999,10.177083,10.505188,8.335448,9.546884,40744.066,0.0,47.399998,47.399998,21.0,5.720489,38.519997,122.81376,2.14,0.4821163,310.75412,241.04636,1694992.9,1095179.5,246.40002,242.00003,704.0,354.14993,54.533188,43
2025-02-13 16:00:00+00:00,2254.0,11.974999,9.175,10.614584,11.530132,8.39506,10.050162,40819.79,407.54987,1.9000002,1.9000002,11.0,6.6405115,50.76,209.93478,5.05,0.89131635,321.3687,251.09651,1735812.6,1095587.0,248.30002,243.90002,715.0,359.19992,55.424503,44
2025-02-14 16:00:00+00:00,2254.0,14.894,6.644,10.10025,14.015261,5.1596794,8.446042,40908.242,37831.613,0.0,0.0,0.0,15.03835,84.24,287.5009,21.39,3.0362432,331.46896,259.54254,1776720.9,1133418.6,248.30002,243.90002,715.0,380.5899,58.460747,45
2025-02-15 16:00:00+00:00,2254.0,14.944,6.994,9.95025,13.000225,4.307622,7.3144536,40983.887,37929.277,0.0,0.0,0.0,15.188415,75.6,282.95914,22.86,3.5441897,341.41922,266.857,1817704.8,1171347.9,248.30002,243.90002,715.0,403.4499,62.004936,46
2025-02-16 16:00:00+00:00,2254.0,14.894,5.5439997,9.094,13.329412,3.1861563,6.6773605,41060.207,37975.258,0.0,0.0,0.0,13.684735,74.520004,276.27722,22.89,3.4074922,350.5132,273.53436,1858765.0,1209323.1,248.30002,243.90002,715.0,426.3399,65.41243,47
2025-02-17 16:00:00+00:00,2254.0,10.944,4.344,7.3315005,7.9616385,2.1397786,4.9710937,41137.473,36146.316,0.0,0.0,0.0,14.440443,73.079994,263.7492,15.75,2.1486282,357.84473,278.50546,1899902.5,1245469.5,248.30002,243.90002,715.0,442.0899,67.56106,48
2025-02-18 16:00:00+00:00,2254.0,11.144,4.244,7.139833,8.74136,2.342647,5.072888,41215.605,36000.0,0.0,0.0,0.0,12.287555,63.36,241.01334,16.02,2.2553556,364.98456,283.57834,1941118.1,1281469.5,248.30002,243.90002,715.0,458.1099,69.816414,49
2025-02-19 16:00:00+00:00,2254.0,11.394,3.7940001,6.898167,9.151344,1.4206686,4.8172345,41294.53,36740.42,0.0,0.0,0.0,11.525623,57.239998,274.5224,16.73,2.2966049,371.88272,288.39557,1982412.6,1318209.9,248.30002,243.90002,715.0,474.8399,72.11302,50
2025-02-20 16:00:00+00:00,2254.0,10.794,4.844,7.321083,8.243222,2.9259834,5.1185203,41374.188,33401.93,0.0,0.0,0.0,13.722565,68.76,262.548,13.4,1.803616,379.2038,293.5141,2023786.8,1351611.8,248.30002,243.90002,715.0,488.2399,73.91664,51
2025-02-21 16:00:00+00:00,2254.0,11.844,3.4940002,7.0481668,9.277419,1.1879978,5.107479,41454.49,35713.19,0.0,0.0,0.0,11.440978,69.479996,227.0454,13.5,1.9328862,386.25195,298.62158,2065241.2,1387325.0,248.30002,243.90002,715.0,501.7399,75.849525,52
2025-02-22 16:00:00+00:00,2254.0,9.844,5.944,7.5085845,7.330599,3.77705,5.4219947,41535.37,22430.816,0.1,0.0,1.0,11.609651,66.24,273.20422,8.12,1.2108654,393.76053,304.04358,2106776.5,1409755.9,248.40002,243.90002,716.0,509.8599,77.060394,53
2025-02-23 16:00:00+00:00,2254.0,10.4939995,2.444,6.696085,7.3309393,0.014222145,4.3541994,41616.766,37968.023,0.70000005,0.0,5.0,12.429127,64.799995,235.91504,13.08,1.8447958,400.4566,308.39777,2148393.2,1447723.9,249.10002,243.90002,721.0,522.9399,78.90519,54
2025-02-24 16:00:00+00:00,2254.0,12.194,2.7440002,6.904417,11.491792,0.8057351,5.0009212,41698.594,39022.46,0.0,0.0,0.0,11.165805,52.199997,277.89456,22.32,2.9657807,407.36102,313.39868,2190091.8,1486746.4,249.10002,243.90002,721.0,545.2599,81.87097,55
2025-02-25 16:00:00+00:00,2254.0,10.644,4.894,7.6210823,8.394914,1.979754,5.597057,41780.797,22658.082,0.6,0.6,6.0,8.28,49.32,280.78424,10.74,1.6155218,414.98212,318.99573,2231872.5,1509404.5,249.70003,244.50003,727.0,555.9999,83.486496,56
2025-02-26 16:00:00+00:00,2254.0,12.094,6.844,9.204417,10.550358,5.260109,7.898171,41863.305,38707.01,0.0,0.0,0.0,8.217153,50.039997,207.68825,12.84,1.9286985,424.18652,326.8939,2273735.8,1548111.5,249.70003,244.50003,727.0,568.8399,85.41519,57
2025-02-27 16:00:00+00:00,2254.0,17.753,7.444,11.295459,17.333775,5.756895,10.085655,41946.05,34484.145,0.6,0.0,6.0,9.0,46.8,170.15894,20.98,3.4586687,435.482,336.97955,2315681.8,1582595.6,250.30003,244.50003,733.0,589.8199,88.87386,58
2025-02-28 16:00:00+00:00,2254.0,17.503,8.253,11.798835,16.026846,6.5962095,10.22394,42028.97,38869.477,0.3,0.0,3.0,10.883676,21.96,228.95763,17.88,3.0220907,447.28082,347.2035,2357710.8,1621465.1,250.60004,244.50003,736.0,607.6999,91.89595,59
2025-03-01 16:00:00+00:00,2254.0,17.153,7.803,11.432166,17.064796,5.2328033,9.579509,42111.992,39444.65,1.5000001,0.0,12.0,14.618837,20.880001,285.16696,23.76,3.6609018,458.71298,356.783,2399822.8,1660909.8,252.10004,244.50003,748.0,631.4599,95.556854,60
2025-03-02 16:00:00+00:00,2254.0,15.8029995,7.7029996,11.032166,15.8912735,5.5257683,9.604156,42195.062,39530.74,0.9000001,0.0,6.0,12.144331,16.56,277.88147,23.73,3.532258,469.74515,366.38715,2442017.8,1700440.5,253.00003,244.50003,754.0,655.1899,99.08911,61
2025-03-03 16:00:00+00:00,2254.0,16.903,7.253,11.25925,16.128563,5.2713223,9.48326,42278.105,39616.688,0.0,0.0,0.0,13.1041975,15.119999,278.82562,23.98,3.7586894,481.0044,375.8704,2484295.8,1740057.2,253.00003,244.50003,754.0,679.16986,102.8478,62
2025-03-04 16:00:00+00:00,2254.0,9.503,7.403,8.773833,7.626978,5.4335384,6.9248548,42361.066,0.0,4.2,3.6,18.0,11.659777,19.8,269.5496,1.68,0.38022932,489.77823,382.79526,2526656.8,1740057.2,257.20004,248.10004,772.0,680.84985,103.22803,63
2025-03-05 16:00:00+00:00,2254.0,7.9029994,3.003,6.2300835,5.1452007,0.28405285,3.7176373,42443.875,25382.393,0.6,0.6,6.0,13.339445,16.919998,265.46097,8.11,1.0218551,496.0083,386.5129,2569100.5,1765439.6,257.80005,248.70004,778.0,688.95984,104.249886,64
2025-03-06 16:00:00+00:00,2254.0,9.853001,1.303,4.905083,7.4262133,-1.3235819,2.4034948,42526.477,39731.145,0.0,0.0,0.0,10.464797,16.199999,213.79655,17.54,2.291187,500.9134,388.9164,2611627.0,1805170.8,257.80005,248.70004,778.0,706.4998,106.54107,65
2025-03-07 16:00:00+00:00,2254.0,12.453,0.40299997,6.086333,11.677601,-2.3828926,3.9569914,42608.812,39957.625,0.0,0.0,0.0,9.504272,11.5199995,202.72266,23.31,3.2135286,506.99973,392.8734,2654235.8,1845128.4,257.80005,248.70004,778.0,729.8098,109.7546,66
