date,elevation,temperature_2m_max,temperature_2m_min,temperature_2m_mean,apparent_temperature_max,apparent_temperature_min,apparent_temperature_mean,daylight_duration,sunshine_duration,precipitation_sum,rain_sum,precipitation_hours,wind_speed_10m_max,wind_gusts_10m_max,wind_direction_10m_dominant,shortwave_radiation_sum,et0_fao_evapotranspiration,cumulative_temperature_2m_mean,cumulative_apparent_temperature_mean,cumulative_daylight_duration,cumulative_sunshine_duration,cumulative_precipitation_sum,cumulative_rain_sum,cumulative_precipitation_hours,cumulative_shortwave_radiation_sum,cumulative_et0_fao_evapotranspiration,day
2025-01-01 16:00:00+00:00,132.0,18.6945,16.2945,17.673666,20.081804,17.675673,19.24737,38580.77,0.0,20.999998,20.999998,24.0,8.217153,20.16,56.288685,1.66,0.43745622,17.673666,19.24737,38580.77,0.0,20.999998,20.999998,24.0,1.66,0.43745622,1
2025-01-02 16:00:00+00:00,132.0,17.8945,15.1445,16.492416,19.471615,14.914888,16.891926,38603.883,0.0,22.1,22.1,24.0,12.492829,30.960001,53.770325,3.05,0.6441786,34.166084,36.139297,77184.66,0.0,43.1,43.1,48.0,4.71,1.0816349,2
2025-01-03 16:00:00+00:00,132.0,17.8945,15.1945,16.369501,17.35377,14.388531,16.073633,38628.695,33950.35,4.4,4.4,16.0,9.668195,29.519999,49.64488,11.39,1.9940113,50.535583,52.21293,115813.35,33950.35,47.5,47.5,64.0,16.1,3.0756462,3
2025-01-04 16:00:00+00:00,132.0,20.0445,15.1445,17.611168,21.630898,15.941132,18.900995,38655.18,33199.676,10.000001,10.000001,24.0,7.388775,19.44,73.90911,11.52,1.9440339,68.14675,71.11392,154468.53,67150.03,57.5,57.5,88.0,27.62,5.01968,4
2025-01-05 16:00:00+00:00,132.0,17.3445,14.6945,16.36325,18.928713,13.955791,16.526312,38683.316,15869.739,6.999999,6.999999,18.0,12.739371,31.68,62.768826,5.95,1.1401381,84.51,87.640236,193151.84,83019.77,64.5,64.5,106.0,33.57,6.159818,5
2025-01-06 16:00:00+00:00,132.0,15.9445,13.5945,14.702834,14.87751,13.271017,13.965932,38713.082,14340.912,12.799999,12.799999,23.0,10.8029995,27.72,69.02568,5.66,1.1764548,99.21284,101.60617,231864.92,97360.69,77.3,77.3,129.0,39.23,7.336273,6
2025-01-07 16:00:00+00:00,132.0,16.1945,13.6445,15.259083,16.914843,13.435524,15.712745,38744.78,11780.553,34.4,34.4,24.0,8.260411,21.24,59.277996,4.99,0.8345789,114.471924,117.31892,270609.7,109141.24,111.700005,111.700005,153.0,44.22,8.170852,7
2025-01-08 16:00:00+00:00,132.0,16.1445,13.0445,14.879918,16.95407,12.123938,14.780537,38778.52,11355.826,24.900002,24.900002,24.0,12.879752,35.28,53.095463,3.61,0.60854936,129.35184,132.09946,309388.22,120497.07,136.6,136.6,177.0,47.83,8.779401,8
2025-01-09 16:00:00+00:00,132.0,13.8445,12.3945,13.223666,12.487251,11.180754,11.766215,38814.23,0.0,13.200001,13.200001,24.0,12.886039,33.839996,55.01711,3.8,0.8900962,142.5755,143.86568,348202.44,120497.07,149.8,149.8,201.0,51.63,9.669497,9
2025-01-10 16:00:00+00:00,132.0,13.7945,11.8945,12.65075,12.405468,10.625042,11.542363,38851.836,0.0,28.800001,28.800001,24.0,10.837435,30.239998,55.39087,2.77,0.65243214,155.22626,155.40804,387054.28,120497.07,178.6,178.6,225.0,54.4,10.321929,10
2025-01-11 16:00:00+00:00,132.0,13.8445,12.8445,13.223666,12.632845,11.783876,12.245492,38891.258,0.0,23.1,23.1,22.0,10.931203,28.08,61.5554,1.94,0.60875154,168.44992,167.65353,425945.53,120497.07,201.70001,201.70001,247.0,56.34,10.93068,11
2025-01-12 16:00:00+00:00,132.0,15.7945,12.9445,14.117416,14.465839,11.631596,13.070133,38932.43,33624.848,4.6999993,4.6999993,18.0,9.779817,25.199999,76.99611,9.52,1.642295,182.56734,180.72366,464877.97,154121.92,206.40001,206.40001,265.0,65.86,12.572975,12
2025-01-13 16:00:00+00:00,132.0,18.8445,13.0945,16.221584,19.301619,13.2165985,16.549643,38975.273,35876.277,0.90000004,0.90000004,4.0,7.7879906,25.56,108.82479,14.01,2.2465034,198.78893,197.2733,503853.25,189998.2,207.3,207.3,269.0,79.87,14.819479,13
2025-01-14 16:00:00+00:00,132.0,17.1945,13.9445,15.896584,18.92366,12.631798,16.239153,39019.71,0.0,28.799997,28.799997,24.0,13.830749,35.64,53.187202,2.43,0.551683,214.68552,213.51245,542872.94,189998.2,236.1,236.1,293.0,82.3,15.371162,14
2025-01-15 16:00:00+00:00,132.0,14.3945,12.4945,13.41325,12.900444,11.408267,12.081089,39065.676,7384.9814,9.6,9.6,23.0,11.844492,31.319998,64.706795,5.18,1.1002069,228.09877,225.59354,581938.6,197383.19,245.70001,245.70001,316.0,87.48,16.471369,15
2025-01-16 16:00:00+00:00,132.0,14.1945,12.6445,13.646584,13.342646,11.849106,12.52076,39113.098,489.34366,9.0,9.0,21.0,11.307095,30.239998,63.560635,4.07,0.93683416,241.74536,238.11429,621051.75,197872.53,254.70001,254.70001,337.0,91.55,17.408203,16
2025-01-17 16:00:00+00:00,132.0,16.6945,13.2445,15.038251,16.704943,12.281025,14.90478,39161.895,21452.457,7.4999995,7.4999995,23.0,8.951267,23.759998,73.649765,7.16,1.314287,256.7836,253.01907,660213.6,219324.98,262.2,262.2,360.0,98.71001,18.72249,17
2025-01-18 16:00:00+00:00,132.0,17.5445,15.1945,16.211168,18.843107,16.23189,17.25263,39212.004,10722.087,61.399998,61.399998,24.0,8.863972,22.68,73.17008,4.99,0.8575399,272.99478,270.2717,699425.6,230047.08,323.6,323.6,384.0,103.700005,19.58003,18
2025-01-19 16:00:00+00:00,132.0,17.4945,15.2945,16.132,16.865442,15.100639,15.854411,39263.35,23770.668,9.3,9.3,20.0,10.9859,28.08,70.518715,7.89,1.5407437,289.12677,286.1261,738689.0,253817.75,332.9,332.9,404.0,111.590004,21.120773,19
2025-01-20 16:00:00+00:00,132.0,17.0445,15.4945,16.277834,16.727566,15.000988,15.969356,39315.867,26011.111,3.9,3.9,21.0,8.581677,21.96,64.64398,7.17,1.4211279,305.4046,302.09546,778004.9,279828.88,336.8,336.8,425.0,118.76,22.5419,20
2025-01-21 16:00:00+00:00,132.0,17.6445,16.0445,16.834085,19.37463,16.359163,17.775187,39369.48,19098.357,41.4,41.4,20.0,5.2323985,15.4800005,40.60123,6.6,1.1566744,322.23868,319.87064,817374.4,298927.22,378.19998,378.19998,445.0,125.36,23.698574,21
2025-01-22 16:00:00+00:00,132.0,19.8445,15.8445,18.184084,22.512508,17.249556,20.135223,39424.12,31492.047,74.399994,74.399994,24.0,8.281956,25.56,85.74122,10.83,1.7490016,340.42276,340.00586,856798.5,330419.25,452.59998,452.59998,469.0,136.19,25.447577,22
2025-01-23 16:00:00+00:00,132.0,19.7945,16.8945,18.12783,21.400948,18.282578,19.419514,39479.727,30740.021,10.4,10.4,22.0,9.346143,23.759998,63.024437,11.56,1.9117295,358.5506,359.42538,896278.25,361159.28,462.99997,462.99997,491.0,147.75,27.359306,23
2025-01-24 16:00:00+00:00,132.0,18.9945,16.8445,17.6195,19.77444,17.803183,18.756933,39536.227,26033.424,16.4,16.4,21.0,10.874741,28.08,57.1817,7.88,1.3611513,376.1701,378.1823,935814.5,387192.72,479.39996,479.39996,512.0,155.63,28.720457,24
2025-01-25 16:00:00+00:00,132.0,16.7945,15.0945,16.194502,18.06469,15.202333,16.934582,39593.56,11623.93,39.8,39.8,24.0,9.437563,24.48,61.72326,4.89,0.8428108,392.3646,395.11688,975408.06,398816.66,519.19995,519.19995,536.0,160.52,29.563269,25
2025-01-26 16:00:00+00:00,132.0,14.9945,11.8445,13.159084,15.042414,10.419794,12.264076,39651.668,0.0,48.4,48.4,24.0,12.303366,31.68,66.32056,2.26,0.5046811,405.52368,407.38095,1015059.75,398816.66,567.6,567.6,560.0,162.78,30.06795,26
2025-01-27 16:00:00+00:00,132.0,14.4445,11.8945,12.817416,12.736328,10.057681,11.094977,39711.066,19237.803,7.9999995,7.9999995,21.0,11.177405,33.12,63.678333,7.08,1.4063447,418.3411,418.47592,1054770.9,418054.47,575.6,575.6,581.0,169.86,31.474295,27
2025-01-28 16:00:00+00:00,132.0,13.4945,12.1945,12.804916,12.072407,10.541618,11.211061,39771.98,9246.868,10.3,10.3,24.0,10.98,30.599998,70.18578,5.49,1.1663405,431.146,429.68698,1094542.9,427301.34,585.89996,585.89996,605.0,175.35,32.640636,28
2025-01-29 16:00:00+00:00,132.0,16.7445,13.3445,15.267417,16.110209,12.194891,14.6563,39834.33,19026.482,3.0999994,3.0999994,15.0,7.689603,19.8,75.96373,7.32,1.4064583,446.41342,444.3433,1134377.2,446327.8,588.99994,588.99994,620.0,182.67001,34.047096,29
2025-01-30 16:00:00+00:00,132.0,18.9445,14.8445,16.909082,20.99724,15.354486,18.25478,39898.02,5281.6377,25.0,25.0,24.0,5.2416787,12.959999,29.458296,3.63,0.75247216,463.3225,462.59808,1174275.2,451609.44,613.99994,613.99994,644.0,186.30002,34.79957,30
2025-01-31 16:00:00+00:00,132.0,19.5945,16.7945,18.50075,22.127993,18.116518,20.652653,39962.96,2984.0188,49.900005,49.900005,24.0,6.1858225,17.28,122.960884,4.5,0.87494856,481.82327,483.25073,1214238.2,454593.47,663.89996,663.89996,668.0,190.80002,35.67452,31
2025-02-01 16:00:00+00:00,132.0,18.3945,16.0445,17.125751,20.037941,16.995617,18.099262,40029.07,0.0,35.8,35.8,24.0,10.564941,28.44,70.63407,4.06,0.80265516,498.94904,501.35,1254267.4,454593.47,699.69995,699.69995,692.0,194.86002,36.477173,32
2025-02-02 16:00:00+00:00,132.0,16.0445,13.3945,15.227836,16.90327,12.591421,15.382419,40096.27,0.0,55.4,55.4,24.0,12.71901,32.399998,62.00249,3.09,0.6013273,514.1769,516.7324,1294363.6,454593.47,755.1,755.1,716.0,197.95001,37.0785,33
2025-02-03 16:00:00+00:00,132.0,13.6945,11.3945,12.692418,12.260933,9.872201,11.166102,40164.47,1781.2495,19.099998,19.099998,21.0,12.791403,34.2,62.2585,4.31,0.98876786,526.8693,527.8985,1334528.1,456374.72,774.19995,774.19995,737.0,202.26001,38.06727,34
2025-02-04 16:00:00+00:00,132.0,14.2945,11.7945,12.904918,13.063129,10.064926,11.741181,40233.59,12238.937,13.5,13.5,22.0,9.422101,24.119999,81.49817,4.58,1.0232286,539.77423,539.6397,1374761.8,468613.66,787.69995,787.69995,759.0,206.84001,39.090496,35
2025-02-05 16:00:00+00:00,132.0,16.0945,13.0945,14.875749,17.197062,13.02002,15.426703,40303.55,0.0,44.499996,44.499996,24.0,7.2022495,17.64,76.06336,3.05,0.6125395,554.64996,555.0664,1415065.2,468613.66,832.19995,832.19995,783.0,209.89001,39.703037,36
2025-02-06 16:00:00+00:00,132.0,16.6445,12.2445,15.142418,17.767788,10.703914,14.897491,40374.273,7972.834,12.099998,12.099998,23.0,14.49531,37.079998,52.301098,4.46,0.8616287,569.79236,569.96387,1455439.5,476586.5,844.2999,844.2999,806.0,214.35002,40.564667,37
2025-02-07 16:00:00+00:00,132.0,12.2945,10.6445,11.4445,10.604785,8.482157,9.330138,40445.676,5429.4233,6.6,6.6,22.0,14.087229,38.16,60.16151,5.13,1.0036423,581.2369,579.294,1495885.1,482015.94,850.8999,850.8999,828.0,219.48003,41.56831,38
2025-02-08 16:00:00+00:00,132.0,13.2445,10.8445,11.979917,11.751434,9.008202,10.399834,40517.688,1317.5045,8.7,8.7,22.0,12.413476,30.960001,61.858498,3.81,0.82237417,593.2168,589.69385,1536402.8,483333.44,859.5999,859.5999,850.0,223.29002,42.390682,39
2025-02-09 16:00:00+00:00,132.0,16.1945,12.7445,14.598668,15.393633,11.474861,13.939897,40590.23,25475.191,5.2999997,5.2999997,21.0,9.0645685,24.84,74.861984,8.52,1.4805497,607.8155,603.6337,1576993.0,508808.62,864.8999,864.8999,871.0,231.81003,43.87123,40
2025-02-10 16:00:00+00:00,132.0,18.7445,13.1945,16.940332,20.133955,13.328857,17.821295,40663.223,32158.875,1.8000001,1.8000001,12.0,7.1684303,23.039999,103.317604,10.83,1.8007255,624.7558,621.455,1617656.2,540967.5,866.6999,866.6999,883.0,242.64003,45.671955,41
2025-02-11 16:00:00+00:00,132.0,19.7445,16.7445,18.782,22.659077,17.915085,21.009651,40736.6,0.0,54.899998,54.899998,24.0,6.6818557,16.919998,159.85672,1.71,0.45772395,643.5378,642.46466,1658392.9,540967.5,921.5999,921.5999,907.0,244.35004,46.12968,42
2025-02-12 16:00:00+00:00,132.0,18.3445,14.3945,15.952832,20.350208,14.4457245,16.418924,40810.29,0.0,57.100002,57.100002,24.0,11.966954,30.960001,50.940617,2.5,0.5378776,659.4906,658.8836,1699203.1,540967.5,978.6999,978.6999,931.0,246.85004,46.667557,43
2025-02-13 16:00:00+00:00,132.0,17.5445,15.1445,16.506998,18.799496,15.374851,17.337587,40884.215,1754.8003,5.8,5.8,21.0,6.6624317,18.72,74.267944,4.59,0.9062724,675.9976,676.2212,1740087.4,542722.3,984.4999,984.4999,952.0,251.44003,47.57383,44
2025-02-14 16:00:00+00:00,132.0,21.2945,17.1945,19.392416,24.182388,18.91103,21.697031,40958.316,26685.549,0.8000001,0.8000001,7.0,7.9932976,20.880001,56.76431,13.52,2.284363,695.39,697.9182,1781045.8,569407.9,985.29987,985.29987,959.0,264.96002,49.858192,45
2025-02-15 16:00:00+00:00,132.0,20.5945,16.5445,18.765333,22.504812,17.57728,20.35685,41032.52,28415.453,5.1,5.1,12.0,10.957847,25.56,54.54335,10.95,1.8316897,714.15533,718.2751,1822078.2,597823.3,990.39984,990.39984,971.0,275.91003,51.68988,46
2025-02-16 16:00:00+00:00,132.0,19.570002,17.720001,18.505419,17.741133,14.87322,16.243351,41104.45,31247.205,0.1,0.0,1.0,23.86341,41.039997,30.236444,15.49,3.7805893,732.66077,734.51843,1863182.8,629070.5,990.4998,990.39984,972.0,291.40002,55.47047,47
2025-02-17 16:00:00+00:00,132.0,18.77,17.02,17.924166,17.882568,14.800259,16.505363,41180.34,1956.2905,0.90000004,0.2,6.0,24.881702,43.56,26.714869,3.07,1.563704,750.58496,751.0238,1904363.1,631026.8,991.39984,990.59985,978.0,294.47003,57.034176,48
2025-02-18 16:00:00+00:00,132.0,18.92,16.67,17.865831,19.558197,15.614475,17.453077,41257.086,582.22644,0.0,0.0,0.0,17.208603,32.039997,26.198915,2.96,1.2487198,768.4508,768.47687,1945620.2,631609.06,991.39984,990.59985,978.0,297.43002,58.282894,49
2025-02-19 16:00:00+00:00,132.0,20.070002,18.12,19.149168,21.359388,19.386366,20.443611,41334.61,12526.346,0.70000005,0.0,3.0,9.178235,17.28,182.20255,6.71,1.374558,787.6,788.9205,1986954.9,644135.44,992.09985,990.59985,981.0,304.14,59.65745,50
2025-02-20 16:00:00+00:00,132.0,19.27,17.67,18.438753,20.899256,14.913404,17.669949,41412.85,0.0,0.8,0.0,5.0,28.220419,46.079998,24.245918,1.9,1.2389178,806.03876,806.5904,2028367.8,644135.44,992.89984,990.59985,986.0,306.04,60.89637,51
2025-02-21 16:00:00+00:00,132.0,18.67,17.320002,18.055418,19.515518,16.23542,17.82387,41491.73,0.0,0.0,0.0,0.0,16.516901,32.039997,5.135501,2.77,1.1450816,824.0942,824.41425,2069859.5,644135.44,992.89984,990.59985,986.0,308.81,62.04145,52
2025-02-22 16:00:00+00:00,132.0,18.77,17.17,18.149168,18.688875,14.255449,16.571207,41571.176,0.0,0.2,0.0,2.0,30.274265,51.12,22.72873,2.65,1.5729,842.24335,840.9855,2111430.8,644135.44,993.09985,990.59985,988.0,311.46,63.61435,53
2025-02-23 16:00:00+00:00,132.0,16.820002,15.12,15.728333,14.202686,12.025337,12.914298,41651.125,0.0,2.7,0.0,13.0,28.017622,47.519997,23.079472,1.33,1.5127766,857.9717,853.8998,2153082.0,644135.44,995.79987,990.59985,1001.0,312.78998,65.12713,54
2025-02-24 16:00:00+00:00,132.0,18.220001,15.17,16.959583,18.893026,13.227385,16.860836,41731.504,12688.88,0.0,0.0,0.0,15.379206,29.16,17.37632,7.14,1.558464,874.9313,870.7606,2194813.5,656824.3,995.79987,990.59985,1001.0,319.93,66.68559,55
2025-02-25 16:00:00+00:00,132.0,21.12,16.77,18.755417,22.000275,17.105862,19.613623,41812.25,31643.482,0.0,0.0,0.0,8.4042845,15.119999,314.47916,13.29,2.3866985,893.6867,890.37427,2236625.8,688467.8,995.79987,990.59985,1001.0,333.22,69.07229,56
2025-02-26 16:00:00+00:00,132.0,22.070002,18.070002,20.103338,23.773802,19.277977,21.580162,41893.3,17552.557,0.0,0.0,0.0,10.24578,18.359999,216.02742,7.66,1.6105791,913.79004,911.9544,2278519.0,706020.4,995.79987,990.59985,1001.0,340.88,70.68287,57
2025-02-27 16:00:00+00:00,132.0,23.77,17.87,21.157497,25.9309,19.50551,23.253065,41974.586,36746.266,0.0,0.0,0.0,13.684735,24.48,189.32658,15.93,2.8800342,934.9475,935.20746,2320493.5,742766.6,995.79987,990.59985,1001.0,356.81,73.562904,58
2025-02-28 16:00:00+00:00,132.0,22.87,19.77,21.580416,24.99527,22.649385,24.06249,42056.035,26100.414,0.0,0.0,0.0,10.636766,19.8,184.01147,12.08,2.2258165,956.52795,959.26996,2362549.5,768867.06,995.79987,990.59985,1001.0,368.88998,75.78872,59
2025-03-01 16:00:00+00:00,132.0,28.6665,20.820002,23.655312,32.48273,23.199814,26.73101,42137.594,34544.24,0.0,0.0,0.0,9.387651,12.959999,169.67645,20.64,4.0519195,980.1833,986.001,2404687.0,803411.3,995.79987,990.59985,1001.0,389.52997,79.84064,60
2025-03-02 16:00:00+00:00,132.0,28.616499,19.866499,23.520666,32.42354,22.469107,26.648985,42219.195,39580.668,0.0,0.0,0.0,9.220499,8.28,172.07684,20.75,4.0322676,1003.704,1012.64996,2446906.2,842992.0,995.79987,990.59985,1001.0,410.27997,83.8729,61
2025-03-03 16:00:00+00:00,132.0,29.116499,19.4165,23.5915,32.805378,21.078312,26.133415,42300.773,39664.28,0.0,0.0,0.0,10.464797,10.799999,185.5355,22.96,4.4957447,1027.2955,1038.7833,2489207.0,882656.25,995.79987,990.59985,1001.0,433.23996,88.368645,62
2025-03-04 16:00:00+00:00,132.0,26.266499,16.866499,20.918585,29.582294,18.324131,22.888296,42382.27,33828.895,0.6,0.3,6.0,10.691453,15.4800005,45.583347,15.09,2.8119764,1048.2141,1061.6716,2531589.2,916485.1,996.39984,990.89984,1007.0,448.32996,91.18062,63
2025-03-05 16:00:00+00:00,132.0,16.6665,10.1665,13.681084,18.010794,9.286215,13.573621,42463.62,0.0,7.1999993,6.8999996,12.0,10.195057,20.16,37.865726,0.97,0.3185049,1061.8951,1075.2452,2574052.8,916485.1,1003.59985,997.79987,1019.0,449.29996,91.49912,64
2025-03-06 16:00:00+00:00,132.0,14.1165,9.5665,11.268582,13.56242,8.604422,10.579572,42544.76,29652.385,0.0,0.0,0.0,6.8777895,13.679999,24.502651,9.88,1.464352,1073.1637,1085.8248,2616597.5,946137.5,1003.59985,997.79987,1019.0,459.17996,92.96348,65
2025-03-07 16:00:00+00:00,132.0,16.1665,11.1665,13.1165,15.791817,10.700753,12.760365,42625.645,27360.02,0.9,0.9,6.0,7.9932966,11.5199995,17.923513,10.5,1.670381,1086.2802,1098.5852,2659223.2,973497.5,1004.4999,998.6999,1025.0,469.67996,94.63386,66
2025-03-08 16:00:00+00:00,132.0,16.0665,11.566501,13.33525,16.89137,11.103133,13.566854,42706.785,23952.396,0.6,0.6,3.0,7.289444,12.599999,46.896492,11.14,1.617127,1099.6154,1112.1521,2701930.0,997449.9,1005.09985,999.29987,1028.0,480.81998,96.250984,67
2025-03-09 16:00:00+00:00,132.0,22.266499,11.316501,,24.049713,9.852344,,42788.434,,,,0.0,9.746631,6.8399997,,,,,,2744718.5,,,,1028.0,,,68
