date,elevation,temperature_2m_max,temperature_2m_min,temperature_2m_mean,apparent_temperature_max,apparent_temperature_min,apparent_temperature_mean,daylight_duration,sunshine_duration,precipitation_sum,rain_sum,precipitation_hours,wind_speed_10m_max,wind_gusts_10m_max,wind_direction_10m_dominant,shortwave_radiation_sum,et0_fao_evapotranspiration,cumulative_temperature_2m_mean,cumulative_apparent_temperature_mean,cumulative_daylight_duration,cumulative_sunshine_duration,cumulative_precipitation_sum,cumulative_rain_sum,cumulative_precipitation_hours,cumulative_shortwave_radiation_sum,cumulative_et0_fao_evapotranspiration,day
2025-01-01 16:00:00+00:00,2566.0,9.125999,7.3259993,8.134335,8.158669,6.3624907,7.2542553,38700.812,345.78278,9.2,9.2,24.0,3.3092597,18.0,86.63364,2.73,0.5435455,8.134335,7.2542553,38700.812,345.78278,9.2,9.2,24.0,2.73,0.5435455,1
2025-01-02 16:00:00+00:00,2566.0,8.276,4.576,6.959333,7.3610067,2.5218735,5.692743,38723.355,9675.863,5.8999996,5.8999996,24.0,4.503598,25.56,87.005806,3.85,0.69784915,15.093668,12.946999,77424.17,10021.646,15.099999,15.099999,48.0,6.58,1.2413946,2
2025-01-03 16:00:00+00:00,2566.0,9.575999,2.5259998,5.6509995,7.527087,0.0953536,3.479911,38747.555,35847.867,0.5,0.5,5.0,5.4029994,26.64,89.780495,12.81,1.7888746,20.744667,16.42691,116171.73,45869.516,15.599999,15.599999,53.0,19.39,3.0302691,3
2025-01-04 16:00:00+00:00,2566.0,8.776,3.826,5.7530837,6.50815,2.0062728,3.8610413,38773.387,35835.516,1.2,1.2,10.0,4.514377,30.599998,232.77902,11.27,1.6018896,26.497751,20.287952,154945.11,81705.03,16.8,16.8,63.0,30.66,4.6321588,4
2025-01-05 16:00:00+00:00,2566.0,10.276,1.7759998,5.646833,8.760444,-0.41446328,3.7284782,38800.83,35824.953,0.5,0.5,5.0,3.0652895,34.2,55.840214,12.29,1.8208814,32.144585,24.01643,193745.94,117529.984,17.3,17.3,68.0,42.95,6.45304,5
2025-01-06 16:00:00+00:00,2566.0,8.676,2.5259998,5.1593328,6.9598484,0.098876,3.2045145,38829.86,29003.44,1.5000002,1.5000002,12.0,3.536439,33.839996,87.98342,8.76,1.3052359,37.303917,27.220943,232575.8,146533.42,18.8,18.8,80.0,51.71,7.758276,6
2025-01-07 16:00:00+00:00,2566.0,8.926,1.7759998,4.9989166,7.320339,-0.42405415,3.0588386,38860.773,35809.16,1.6000001,1.6000001,8.0,2.36753,35.28,333.43503,12.86,1.8169756,42.302834,30.279781,271436.56,182342.58,20.4,20.4,88.0,64.57,9.575252,7
2025-01-08 16:00:00+00:00,2566.0,8.375999,0.97599983,4.3989162,6.381544,-1.5366595,2.3549435,38893.684,28959.408,3.6999998,3.6999998,10.0,3.438895,36.36,58.799583,8.5,1.2857091,46.70175,32.634724,310330.25,211301.98,24.099998,24.099998,98.0,73.07,10.860961,8
2025-01-09 16:00:00+00:00,2566.0,5.1259995,1.4760001,2.9114163,3.3122635,-0.9009583,0.72539157,38928.516,18964.977,9.899999,9.899999,24.0,4.3349743,27.0,92.98421,5.46,0.76959836,49.613167,33.360115,349258.75,230266.97,33.999996,33.999996,122.0,78.53,11.630559,9
2025-01-10 16:00:00+00:00,2566.0,4.6259995,1.326,2.5093334,2.6673794,-0.99041176,0.43249905,38965.19,24880.951,10.000001,10.000001,22.0,2.8174455,30.599998,134.67264,6.79,0.9381161,52.1225,33.792614,388223.94,255147.92,43.999996,43.999996,144.0,85.32,12.568675,10
2025-01-11 16:00:00+00:00,2566.0,7.276,-0.7240001,3.0114167,5.2887554,-3.5290725,0.71391946,39003.65,35793.9,1.5000001,1.5000001,11.0,3.6179552,32.399998,88.07253,12.02,1.6430675,55.13392,34.506535,427227.6,290941.8,45.499996,45.499996,155.0,97.34,14.211742,11
2025-01-12 16:00:00+00:00,2566.0,9.875999,-1.0740001,3.978083,8.8066,-3.916376,1.8159524,39043.81,35793.38,0.5,0.5,5.0,3.964089,28.8,80.42381,15.27,2.146696,59.112003,36.322487,466271.4,326735.2,45.999996,45.999996,160.0,112.61,16.358438,12
2025-01-13 16:00:00+00:00,2566.0,11.026,-0.22400022,5.5551667,10.039063,-2.8896244,3.7649014,39085.598,35794.19,0.8,0.8,6.0,2.9301877,31.319998,17.878775,15.85,2.2966945,64.66717,40.087387,505357.0,362529.38,46.799995,46.799995,166.0,128.46,18.655132,13
2025-01-14 16:00:00+00:00,2566.0,7.226,3.2759998,5.8780828,6.055687,1.1401052,4.3850536,39128.95,0.0,15.0,15.0,24.0,3.7971036,28.08,66.037476,2.12,0.44844714,70.54525,44.472443,544485.94,362529.38,61.799995,61.799995,190.0,130.58,19.103579,14
2025-01-15 16:00:00+00:00,2566.0,6.026,2.076,3.6176665,4.3030157,-0.01686287,1.6653239,39173.785,24185.633,4.599999,4.599999,22.0,3.4199998,32.760002,100.304794,7.79,1.1039963,74.16292,46.137768,583659.75,386715.0,66.399994,66.399994,212.0,138.37,20.207575,15
2025-01-16 16:00:00+00:00,2566.0,8.375999,-0.47400022,3.9884996,6.6136255,-3.118816,1.7614732,39220.043,32031.281,1.2000002,1.2000002,11.0,4.5322843,24.84,88.90728,11.08,1.567616,78.15142,47.899242,622879.8,418746.28,67.59999,67.59999,223.0,149.45,21.77519,16
2025-01-17 16:00:00+00:00,2566.0,6.276,1.6259997,4.08225,4.508951,-0.83470035,2.0910263,39267.645,24985.916,2.3999999,2.3999999,9.0,2.7943513,28.08,85.77785,7.57,1.1122352,82.23367,49.99027,662147.44,443732.2,69.99999,69.99999,232.0,157.02,22.887426,17
2025-01-18 16:00:00+00:00,2566.0,9.926,4.026,6.353083,8.034395,2.118976,4.6699777,39316.523,35818.258,4.1,4.1,17.0,4.3536186,33.48,251.01222,11.49,1.6798307,88.586754,54.660248,701463.94,479550.44,74.09999,74.09999,249.0,168.51001,24.567257,18
2025-01-19 16:00:00+00:00,2566.0,10.176,1.576,5.45725,8.915213,-0.5395212,3.6143086,39366.613,35827.117,2.1000004,2.1000004,13.0,3.143565,38.519997,226.50737,13.87,1.9993501,94.04401,58.274555,740830.56,515377.56,76.19999,76.19999,262.0,182.38,26.566607,19
2025-01-20 16:00:00+00:00,2566.0,9.325999,2.0259998,5.1634994,7.826186,-0.3669932,3.1081598,39417.844,35756.195,0.9000001,0.9000001,6.0,3.8141315,26.64,102.24783,12.84,1.8400134,99.207504,61.382713,780248.4,551133.75,77.09999,77.09999,268.0,195.22,28.40662,20
2025-01-21 16:00:00+00:00,2566.0,7.8259993,2.8759997,5.067666,5.9994316,0.67359734,3.1383762,39470.145,32678.156,1.2,1.2,7.0,3.9640884,30.960001,187.23674,8.4,1.2298493,104.27517,64.52109,819718.5,583811.9,78.29999,78.29999,275.0,203.62,29.636469,21
2025-01-22 16:00:00+00:00,2566.0,11.375999,2.826,6.696832,9.991254,0.60172176,5.0288873,39523.453,35866.918,6.2000003,6.2000003,10.0,4.5820518,35.64,285.9032,14.24,2.0823133,110.972,69.54997,859241.94,619678.8,84.499985,84.499985,285.0,217.86,31.718782,22
2025-01-23 16:00:00+00:00,2566.0,11.875999,3.826,7.2197495,10.912798,2.077065,5.7569447,39577.703,35876.21,2.4999995,2.4999995,12.0,3.9518096,36.36,220.97159,13.32,2.0161436,118.19175,75.306915,898819.6,655555.0,86.999985,86.999985,297.0,231.18,33.734924,23
2025-01-24 16:00:00+00:00,2566.0,11.176,3.9259999,6.811416,9.922274,2.3104095,5.3253055,39632.824,35329.37,3.3,3.3,14.0,2.6758924,37.8,233.36577,13.46,2.0295043,125.00317,80.63222,938452.44,690884.4,90.29999,90.29999,311.0,244.64,35.764427,24
2025-01-25 16:00:00+00:00,2566.0,8.476,3.6259997,5.44475,6.511692,1.9327765,3.7581756,39688.754,27661.531,5.6,5.6,21.0,2.907989,30.599998,230.64824,9.55,1.4119519,130.44792,84.390396,978141.2,718545.9,95.89999,95.89999,332.0,254.19,37.17638,25
2025-01-26 16:00:00+00:00,2566.0,4.026,0.27599978,2.4468334,2.2035275,-2.2576437,0.35313833,39745.453,2700.514,13.500002,13.500002,24.0,3.2599385,29.519999,108.88615,3.26,0.5544199,132.89476,84.74354,1017886.6,721246.4,109.39999,109.39999,356.0,257.45,37.7308,26
2025-01-27 16:00:00+00:00,2566.0,4.6259995,-0.27400017,1.7634999,2.5535588,-3.0439434,-0.6631959,39803.402,34737.582,2.0000002,2.0000002,11.0,3.964089,33.48,98.28363,9.53,1.2744844,134.65826,84.080345,1057690.0,755983.94,111.39999,111.39999,367.0,266.98,39.005283,27
2025-01-28 16:00:00+00:00,2566.0,4.9259996,0.32599998,2.1343331,2.9716735,-2.1596375,-0.1554067,39862.836,27468.502,3.3,3.3,21.0,4.143911,31.319998,97.04908,9.07,1.2367676,136.7926,83.92494,1097552.9,783452.44,114.69999,114.69999,388.0,276.05002,40.24205,28
2025-01-29 16:00:00+00:00,2566.0,8.276,-0.9740001,3.49475,6.2587843,-3.6165876,1.2124532,39923.668,36125.137,1.6000003,1.6000003,13.0,3.244996,30.599998,88.025116,14.36,1.9707421,140.28735,85.1374,1137476.5,819577.56,116.29999,116.29999,401.0,290.41,42.21279,29
2025-01-30 16:00:00+00:00,2566.0,8.276,2.476,5.3468328,6.9531565,0.30237198,3.6461089,39985.81,16235.322,21.6,21.6,22.0,4.4274144,28.44,94.11812,4.74,0.7584274,145.63419,88.78351,1177462.2,835812.9,137.9,137.9,423.0,295.15,42.97122,30
2025-01-31 16:00:00+00:00,2566.0,12.276,6.0759993,8.898917,11.494527,4.586912,7.992265,40049.176,33018.984,11.300001,11.300001,22.0,3.710795,32.760002,153.68196,10.21,1.6280148,154.5331,96.77577,1217511.4,868831.9,149.2,149.2,445.0,305.36,44.59923,31
2025-02-01 16:00:00+00:00,2566.0,12.625999,6.9259996,9.044749,11.243438,5.583314,7.907101,40113.684,36000.0,4.3,4.3,19.0,4.6730714,51.48,246.0228,12.7,1.9671202,163.57785,104.68288,1257625.0,904831.9,153.5,153.5,464.0,318.06,46.566353,32
2025-02-02 16:00:00+00:00,2566.0,9.276,3.4259999,6.459333,7.32137,1.4610047,4.7793965,40179.25,31969.355,5.4000006,5.4000006,24.0,3.8939953,39.239998,218.0657,10.4,1.5493501,170.03719,109.46227,1297804.2,936801.25,158.9,158.9,488.0,328.46,48.115704,33
2025-02-03 16:00:00+00:00,2566.0,3.826,1.3759999,2.5885,2.176836,-1.1082997,0.4024059,40245.8,4344.6973,7.1,7.1,23.0,3.7064266,26.64,110.26151,4.89,0.7288517,172.62569,109.86468,1338050.0,941145.94,166.0,166.0,511.0,333.35,48.844555,34
2025-02-04 16:00:00+00:00,2566.0,5.726,0.12599993,2.8385,3.3680549,-2.320168,0.6055277,40313.246,35217.812,4.2000003,4.2000003,16.0,3.550155,38.88,196.20909,11.15,1.4579735,175.46419,110.47021,1378363.2,976363.75,170.2,170.2,527.0,344.5,50.30253,35
2025-02-05 16:00:00+00:00,2566.0,9.026,2.2759998,5.1218333,6.937585,0.3183627,3.2866488,40381.516,31210.512,3.8000007,3.8000007,15.0,3.710795,32.760002,170.07382,10.74,1.5636959,180.58601,113.75686,1418744.8,1007574.25,174.0,174.0,542.0,355.24,51.866226,36
2025-02-06 16:00:00+00:00,2566.0,10.625999,2.6259997,6.101,9.419596,0.6553068,4.3477345,40450.527,36086.19,3.7,3.7,12.0,4.143911,38.519997,104.42083,13.96,2.0910516,186.68701,118.10459,1459195.2,1043660.44,177.7,177.7,554.0,369.19998,53.95728,37
2025-02-07 16:00:00+00:00,2566.0,6.226,1.4259999,3.4759996,4.9766006,-0.9268477,1.4731363,40520.203,35195.21,6.1999993,6.1999993,24.0,4.1556225,34.56,94.02581,9.6,1.3634313,190.16301,119.57773,1499715.5,1078855.6,183.9,183.9,578.0,378.8,55.32071,38
2025-02-08 16:00:00+00:00,2566.0,7.026,1.2759998,3.565583,5.493435,-1.0110965,1.456472,40590.477,28127.922,3.3999999,3.3999999,22.0,4.6730714,30.960001,97.9695,9.93,1.4128835,193.72859,121.0342,1540306.0,1106983.5,187.29999,187.29999,600.0,388.72998,56.733593,39
2025-02-09 16:00:00+00:00,2566.0,10.426,1.326,5.2843328,9.466871,-1.2437272,3.387681,40661.27,36281.355,0.9000001,0.9000001,9.0,4.060985,36.0,61.882214,15.65,2.2751822,199.01292,124.42188,1580967.2,1143264.9,188.19998,188.19998,609.0,404.37997,59.008774,40
2025-02-10 16:00:00+00:00,2566.0,11.776,2.076,6.9301667,10.809435,-0.21773243,5.263078,40732.504,36166.17,0.7,0.7,6.0,3.9966483,27.72,108.81199,14.46,2.1938438,205.94308,129.68497,1621699.8,1179431.0,188.89998,188.89998,615.0,418.83997,61.202618,41
2025-02-11 16:00:00+00:00,2566.0,9.325999,7.276,8.492667,8.70613,6.237399,7.703013,40804.117,0.0,37.000004,37.000004,24.0,3.9966483,35.28,118.37268,1.85,0.44831842,214.43575,137.38799,1662503.9,1179431.0,225.89998,225.89998,639.0,420.68997,61.650936,42
2025-02-12 16:00:00+00:00,2566.0,10.176,7.3759995,8.64475,9.6380625,6.2370033,7.73138,40876.03,0.0,52.699997,52.699997,24.0,4.6834598,37.079998,84.92581,2.89,0.5770766,223.08049,145.11937,1703379.9,1179431.0,278.59998,278.59998,663.0,423.58,62.228012,43
2025-02-13 16:00:00+00:00,2566.0,9.2575,6.7574997,8.067917,7.848918,5.370638,6.793098,40960.918,757.7472,27.9,27.8,11.0,6.87779,49.68,271.52457,2.75,0.54310566,231.1484,151.91246,1744340.8,1180188.8,306.49997,306.39996,674.0,426.33,62.77112,44
2025-02-14 16:00:00+00:00,2566.0,13.407499,6.8575,9.559585,12.591513,4.266819,7.639612,41032.88,36959.72,0.0,0.0,0.0,11.542478,66.6,276.52606,18.72,2.7693093,240.708,159.55208,1785373.6,1217148.5,306.49997,306.39996,674.0,445.05,65.54043,45
2025-02-15 16:00:00+00:00,2566.0,14.907499,5.9574995,9.636666,12.935707,2.394473,6.2394967,41104.945,38085.375,0.0,0.0,0.0,12.496719,67.32,278.32324,22.95,3.9732337,250.34467,165.79158,1826478.6,1255233.9,306.49997,306.39996,674.0,468.0,69.513664,46
2025-02-16 16:00:00+00:00,2566.0,13.907499,5.5575,8.632501,12.928791,1.8232903,5.6246476,41177.66,37430.047,0.0,0.0,0.0,10.703569,68.76,277.38986,20.81,3.4457407,258.97717,171.41623,1867656.2,1292663.9,306.49997,306.39996,674.0,488.81,72.959404,47
2025-02-17 16:00:00+00:00,2566.0,10.6075,3.9075,6.6908326,8.361454,0.39084244,4.0948043,41251.28,36251.832,0.0,0.0,0.0,10.799999,59.76,278.8758,17.19,2.5581632,265.668,175.51103,1908907.5,1328915.8,306.49997,306.39996,674.0,506.0,75.51757,48
2025-02-18 16:00:00+00:00,2566.0,9.8575,2.9075,5.661667,7.267212,0.8268051,3.5803068,41325.73,36587.047,0.0,0.0,0.0,8.049845,51.12,266.53183,15.77,2.2388246,271.32965,179.09134,1950233.2,1365502.8,306.49997,306.39996,674.0,521.77,77.75639,49
2025-02-19 16:00:00+00:00,2566.0,10.1075,1.6575,5.5033336,8.122841,-0.9096074,3.3810122,41400.938,36609.918,0.0,0.0,0.0,6.379216,49.68,266.49652,15.17,2.1995966,276.83298,182.47235,1991634.2,1402112.6,306.49997,306.39996,674.0,536.94,79.95599,50
2025-02-20 16:00:00+00:00,2566.0,9.3575,3.6575,6.4512496,7.1378984,1.4285154,4.184611,41476.836,36090.742,0.0,0.0,0.0,9.511088,54.0,280.26672,12.01,1.7530664,283.28424,186.65697,2033111.1,1438203.4,306.49997,306.39996,674.0,548.95,81.70906,51
2025-02-21 16:00:00+00:00,2566.0,10.2575,2.2074997,5.817917,8.51773,-0.100162506,4.012065,41553.355,36210.594,0.0,0.0,0.0,5.3517847,46.8,210.96365,13.62,1.9918363,289.10217,190.66904,2074664.5,1474414.0,306.49997,306.39996,674.0,562.57,83.7009,52
2025-02-22 16:00:00+00:00,2566.0,9.3075,3.1575,6.06375,7.039031,0.61622715,3.916298,41630.434,34107.297,0.0,0.0,0.0,7.172949,57.96,272.96085,11.46,1.6477212,295.16592,194.58533,2116295.0,1508521.2,306.49997,306.39996,674.0,574.03,85.34862,53
2025-02-23 16:00:00+00:00,2566.0,8.6075,2.9075,5.355416,6.4621754,0.63574934,3.244521,41707.996,37608.78,0.0,0.0,0.0,7.208994,59.039997,290.94974,11.17,1.5880735,300.52133,197.82985,2158003.0,1546130.0,306.49997,306.39996,674.0,585.2,86.93669,54
2025-02-24 16:00:00+00:00,2566.0,10.2074995,2.4574997,6.0699997,9.362156,-0.23115683,4.258185,41785.98,32043.264,0.0,0.0,0.0,5.634891,47.519997,280.5779,13.87,2.0241706,306.59134,202.08803,2199789.0,1578173.2,306.49997,306.39996,674.0,599.07,88.96086,55
2025-02-25 16:00:00+00:00,2566.0,8.9574995,4.1575003,5.7637496,7.587076,1.9944715,3.9064405,41864.32,21570.625,0.0,0.0,0.0,6.2145634,32.760002,125.13426,10.57,1.5787631,312.3551,205.99446,2241653.2,1599743.9,306.49997,306.39996,674.0,609.64,90.53963,56
2025-02-26 16:00:00+00:00,2566.0,11.896999,4.1575003,6.803021,9.756983,2.3485594,5.0143657,41942.953,25414.988,0.6,0.3,6.0,8.759178,36.0,313.50046,6.75,1.0910312,319.1581,211.00882,2283596.2,1625158.9,307.09998,306.69995,680.0,616.39,91.63066,57
2025-02-27 16:00:00+00:00,2566.0,15.796999,3.647,8.872,15.817085,1.1275563,7.0695567,42021.816,39351.793,0.0,0.0,0.0,7.10031,9.0,302.57404,24.35,3.803222,328.03012,218.07837,2325618.0,1664510.6,307.09998,306.69995,680.0,640.74,95.43388,58
2025-02-28 16:00:00+00:00,2566.0,15.046999,5.547,8.976167,13.65094,1.7256012,6.4877872,42100.844,32725.684,3.9,3.3000002,9.0,8.089993,14.04,345.36423,12.37,2.2276332,337.0063,224.56616,2367718.8,1697236.2,310.99997,309.99994,689.0,653.11,97.661514,59
2025-03-01 16:00:00+00:00,2566.0,11.646999,5.847,8.174083,9.793441,3.7400565,6.3604736,42179.977,29608.814,3.6000001,1.2,15.0,9.885262,15.119999,295.40768,8.67,1.2780052,345.18036,230.92664,2409898.8,1726845.1,314.59998,311.19995,704.0,661.77997,98.93952,60
2025-03-02 16:00:00+00:00,2566.0,15.546999,6.7469997,10.182416,14.56802,4.5287066,8.2732,42259.156,39600.457,0.3,0.0,3.0,13.75558,16.199999,289.9178,24.11,3.5766997,355.36276,239.19983,2452158.0,1766445.6,314.89996,311.19995,707.0,685.88995,102.51622,61
2025-03-03 16:00:00+00:00,2566.0,11.697,4.297,7.8678327,10.338912,2.4529653,5.7794967,42338.31,38448.133,0.0,0.0,0.0,10.829959,11.5199995,278.76556,18.15,2.559819,363.2306,244.97932,2494496.2,1804893.8,314.89996,311.19995,707.0,704.04,105.07604,62
2025-03-04 16:00:00+00:00,2566.0,7.4469995,3.147,5.1720004,5.369734,0.4781022,3.1278267,42417.383,26237.795,0.3,0.3,3.0,5.771239,5.3999996,134.43835,11.24,1.5471078,368.4026,248.10715,2536913.8,1831131.5,315.19995,311.49994,710.0,715.27997,106.62315,63
2025-03-05 16:00:00+00:00,2566.0,6.2469997,2.347,3.8907502,4.3147755,-0.26277566,1.893219,42496.316,3072.5518,2.6999996,2.6999996,9.0,6.489992,6.8399997,164.05457,3.29,0.6077821,372.29333,250.00037,2579410.0,1834204.0,317.89996,314.19995,719.0,718.56995,107.230934,64
2025-03-06 16:00:00+00:00,2566.0,4.547,2.1969998,3.372,2.337573,-0.27348185,1.1745967,42575.05,473.20746,0.3,0.3,3.0,5.1544156,5.04,192.308,2.96,0.5305166,375.66534,251.17496,2621985.0,1834677.2,318.19995,314.49994,722.0,721.52997,107.76145,65
