date,elevation,temperature_2m_max,temperature_2m_min,temperature_2m_mean,apparent_temperature_max,apparent_temperature_min,apparent_temperature_mean,daylight_duration,sunshine_duration,precipitation_sum,rain_sum,precipitation_hours,wind_speed_10m_max,wind_gusts_10m_max,wind_direction_10m_dominant,shortwave_radiation_sum,et0_fao_evapotranspiration,cumulative_temperature_2m_mean,cumulative_apparent_temperature_mean,cumulative_daylight_duration,cumulative_sunshine_duration,cumulative_precipitation_sum,cumulative_rain_sum,cumulative_precipitation_hours,cumulative_shortwave_radiation_sum,cumulative_et0_fao_evapotranspiration,day
2025-01-01 16:00:00+00:00,2821.0,7.1019993,5.6519995,6.379082,5.7239246,3.9968529,4.809896,38386.67,0.0,14.300003,14.300003,23.0,5.0432134,36.719997,180.98773,1.41,0.35054255,6.379082,4.809896,38386.67,0.0,14.300003,14.300003,23.0,1.41,0.35054255,1
2025-01-02 16:00:00+00:00,2821.0,6.3519993,2.4019997,4.552,4.626011,-0.4183166,2.5183897,38410.707,11500.365,2.5999997,2.5999997,20.0,6.8423676,37.079998,121.29846,4.82,0.7798919,10.931082,7.3282857,76797.375,11500.365,16.900003,16.900003,43.0,6.23,1.1304345,2
2025-01-03 16:00:00+00:00,2821.0,8.151999,0.8019998,4.0228333,5.9801188,-2.146779,1.3816066,38436.51,34476.227,0.6,0.6,6.0,6.198903,26.28,131.12134,12.44,1.7270762,14.953915,8.709892,115233.89,45976.594,17.500004,17.500004,49.0,18.67,2.8575106,3
2025-01-04 16:00:00+00:00,2821.0,6.7019997,2.752,4.093666,3.5367703,0.34055948,1.5882062,38464.06,31579.098,2.4999995,2.4999995,18.0,9.761578,46.8,241.82852,9.68,1.2791127,19.04758,10.298099,153697.95,77555.69,20.000004,20.000004,67.0,28.35,4.1366234,4
2025-01-05 16:00:00+00:00,2821.0,7.7019997,0.5519998,3.5811665,4.7734585,-2.005082,0.90310246,38493.316,35456.496,1.1,1.1,6.0,5.402999,40.68,199.2012,12.43,1.6977112,22.628748,11.201201,192191.27,113012.19,21.100004,21.100004,73.0,40.78,5.8343344,5
2025-01-06 16:00:00+00:00,2821.0,5.552,-0.1980002,2.4624164,2.7553272,-3.33434,-0.4965446,38524.27,32452.3,2.1000001,2.1000001,18.0,8.53815,55.8,186.82521,6.98,0.97193474,25.091164,10.704657,230715.53,145464.48,23.200005,23.200005,91.0,47.76,6.806269,6
2025-01-07 16:00:00+00:00,2821.0,6.1519995,0.102,2.8165836,3.0137758,-2.6209116,0.06364664,38557.234,34770.832,1.3000002,1.3000002,13.0,8.211235,48.6,209.27515,10.07,1.306128,27.907747,10.768303,269272.75,180235.31,24.500004,24.500004,104.0,57.829998,8.112397,7
2025-01-08 16:00:00+00:00,2821.0,5.002,-1.348,1.5144997,1.5738454,-4.1324315,-1.3254929,38592.32,23846.83,4.1,4.1,15.0,9.109138,51.12,189.11261,7.37,0.97974604,29.422247,9.44281,307865.06,204082.14,28.600004,28.600004,119.0,65.2,9.092143,8
2025-01-09 16:00:00+00:00,2821.0,1.9519999,-1.2480001,-0.09591678,-0.593245,-4.3742123,-2.9445772,38629.453,17546.076,6.3999996,6.3999996,24.0,6.5049515,42.12,119.55078,5.55,0.7172404,29.32633,6.498233,346494.5,221628.22,35.000004,35.000004,143.0,70.75,9.809383,9
2025-01-10 16:00:00+00:00,2821.0,1.0019999,-1.1980001,-0.25633338,-1.9954689,-4.2805796,-3.1990516,38668.555,26504.486,11.0,11.0,24.0,6.489992,49.68,188.21576,5.78,0.68335664,29.069996,3.2991812,385163.06,248132.7,46.000004,46.000004,167.0,76.53,10.49274,10
2025-01-11 16:00:00+00:00,2821.0,3.852,-1.348,0.74991655,0.953382,-4.055776,-2.15849,38709.555,32435.432,3.1999993,3.1999993,21.0,5.5596404,45.719997,177.67848,7.8,1.0442505,29.819912,1.1406913,423872.62,280568.12,49.200005,49.200005,188.0,84.33,11.53699,11
2025-01-12 16:00:00+00:00,2821.0,6.552,-2.298,2.2415836,3.7743626,-5.7829075,-0.7023564,38752.363,35725.605,0.5,0.5,5.0,5.495161,41.760002,148.04776,9.11,1.287727,32.061497,0.43833488,462625.0,316293.72,49.700005,49.700005,193.0,93.44,12.8247175,12
2025-01-13 16:00:00+00:00,2821.0,9.252,-0.8980001,4.2124166,6.8720284,-3.3995514,1.7796453,38796.914,35293.39,1.3000001,1.3000001,4.0,6.0721655,46.8,220.18933,13.19,1.8555363,36.273914,2.2179801,501421.9,351587.12,51.000004,51.000004,197.0,106.630005,14.680254,13
2025-01-14 16:00:00+00:00,2821.0,4.4019995,-0.49800014,2.4665835,2.547348,-3.6276736,0.18702765,38843.12,3656.9531,9.500002,9.500002,24.0,6.341009,41.399998,98.619705,3.29,0.511572,38.740498,2.4050078,540265.0,355244.06,60.500008,60.500008,221.0,109.920006,15.191826,14
2025-01-15 16:00:00+00:00,2821.0,4.2019997,-0.5480001,1.09575,1.383482,-3.421028,-1.6960225,38890.914,31449.123,2.9,2.9,24.0,5.815978,45.0,167.25177,7.2,0.9403445,39.836246,0.7089853,579155.94,386693.2,63.40001,63.40001,245.0,117.12,16.13217,15
2025-01-16 16:00:00+00:00,2821.0,5.6519995,-0.5480001,2.09575,2.9782238,-3.6305912,-0.735305,38940.215,32938.22,2.8999991,2.8999991,18.0,5.3517847,38.519997,150.45506,7.94,1.125647,41.931995,-0.026319683,618096.1,419631.4,66.30001,66.30001,263.0,125.060005,17.257816,16
2025-01-17 16:00:00+00:00,2821.0,6.002,0.9519999,2.7853334,2.8555756,-1.8032997,0.19496799,38990.95,24071.512,2.6000001,2.6000001,15.0,7.689603,52.199997,221.41783,7.07,0.99162704,44.717327,0.1686483,657087.06,443702.9,68.90001,68.90001,278.0,132.13,18.249443,17
2025-01-18 16:00:00+00:00,2821.0,6.802,1.852,3.7124164,4.186368,-0.38425612,1.2951227,39043.047,33863.875,4.5999994,4.5999994,22.0,7.5019197,47.519997,234.51163,9.38,1.2283809,48.429745,1.4637711,696130.1,477566.78,73.50001,73.50001,300.0,141.51001,19.477823,18
2025-01-19 16:00:00+00:00,2821.0,7.302,-0.398,2.910333,4.4197206,-3.2337036,0.1792956,39096.43,33738.13,2.1000001,2.1000001,16.0,7.44121,46.44,196.62921,8.97,1.2585791,51.340076,1.6430666,735226.56,511304.9,75.600006,75.600006,316.0,150.48001,20.736403,19
2025-01-20 16:00:00+00:00,2821.0,7.502,0.15199995,3.593666,4.9674463,-2.8926077,0.90738124,39151.023,31767.945,0.90000004,0.90000004,8.0,5.2323985,29.519999,153.10703,9.19,1.3479071,54.933743,2.550448,774377.56,543072.9,76.50001,76.50001,324.0,159.67001,22.084309,20
2025-01-21 16:00:00+00:00,2821.0,6.6019993,1.352,3.5290835,3.3330727,-0.88758206,0.9871164,39206.76,35795.945,1.1,1.1,10.0,9.0,49.32,222.42514,11.45,1.4860044,58.462826,3.5375643,813584.3,578868.8,77.600006,77.600006,334.0,171.12001,23.570312,21
2025-01-22 16:00:00+00:00,2821.0,8.401999,1.2019999,4.3436666,5.8629084,-1.1482618,1.8993508,39263.562,35810.746,0.8000001,0.8000001,8.0,8.626865,57.239998,231.62743,13.62,1.8384919,62.80649,5.436915,852847.9,614679.56,78.40001,78.40001,342.0,184.74,25.408804,22
2025-01-23 16:00:00+00:00,2821.0,9.651999,1.2519999,4.902,7.2898235,-1.4622962,2.4804723,39321.37,35543.844,1.4000001,1.4000001,11.0,8.604301,51.12,207.39226,14.09,1.9731828,67.70849,7.917387,892169.25,650223.4,79.80001,79.80001,353.0,198.83,27.381987,23
2025-01-24 16:00:00+00:00,2821.0,8.351999,1.4519999,4.7019997,6.0522165,-0.94761467,2.4574182,39380.105,35765.4,1.5000002,1.5000002,10.0,4.613762,38.16,172.28825,12.43,1.7420354,72.41049,10.374805,931549.4,685988.75,81.30001,81.30001,363.0,211.26001,29.124022,24
2025-01-25 16:00:00+00:00,2821.0,6.552,0.5519998,3.4749167,3.960576,-1.9725869,1.0592386,39439.695,33694.773,4.0000005,4.0000005,21.0,6.2613096,39.96,237.887,11.39,1.5118316,75.88541,11.434044,970989.06,719683.5,85.30001,85.30001,384.0,222.65001,30.635853,25
2025-01-26 16:00:00+00:00,2821.0,0.051999807,-3.698,-1.8771667,-2.453178,-7.2534704,-4.7464833,39500.098,8643.335,17.300001,12.9,24.0,5.506941,40.32,39.625565,3.07,0.42190042,74.00824,6.6875606,1010489.2,728326.8,102.60001,98.20001,408.0,225.72002,31.057753,26
2025-01-27 16:00:00+00:00,2821.0,3.852,-6.098,-1.6292502,1.2431602,-9.957072,-4.9934273,39561.836,35906.156,1.3000001,1.3000001,12.0,5.5887027,34.92,112.71842,14.46,1.7546483,72.37899,1.6941333,1050051.0,764233.0,103.90002,99.500015,420.0,240.18002,32.8124,27
2025-01-28 16:00:00+00:00,2821.0,3.352,-4.098,-0.61258346,-0.050632,-7.610999,-3.908974,39625.152,35920.664,1.4000002,1.4000002,13.0,5.815978,41.760002,165.96368,10.44,1.293744,71.7664,-2.2148407,1089676.1,800153.7,105.30002,100.90002,433.0,250.62003,34.106144,28
2025-01-29 16:00:00+00:00,2821.0,7.252,-1.348,2.15825,4.434846,-4.2653317,-0.5890244,39689.95,35254.945,0.4,0.4,4.0,5.020677,37.44,154.82648,11.25,1.5469983,73.92465,-2.803865,1129366.1,835408.6,105.70002,101.30002,437.0,261.87003,35.65314,29
2025-01-30 16:00:00+00:00,2821.0,6.802,-0.24800014,3.4124165,5.224736,-2.8986306,1.3941709,39756.145,7610.0986,4.7000003,4.7000003,17.0,3.2846913,43.56,121.11874,4.83,0.7973437,77.33707,-1.4096941,1169122.2,843018.75,110.40002,106.000015,454.0,266.7,36.450485,30
2025-01-31 16:00:00+00:00,2821.0,9.401999,4.502,6.824917,8.406497,2.8843484,5.5678754,39823.637,26528.383,11.299999,11.299999,23.0,3.536439,49.32,178.6361,7.86,1.2669226,84.16199,4.158181,1208945.9,869547.1,121.70001,117.30002,477.0,274.56,37.717407,31
2025-02-01 16:00:00+00:00,2821.0,7.8519993,3.452,6.0144997,5.2005653,1.1595521,3.858236,39892.348,19601.13,4.0,4.0,23.0,8.893166,64.799995,230.17412,6.4,0.9972682,90.17648,8.0164175,1248838.2,889148.25,125.70001,121.30002,500.0,280.96,38.714676,32
2025-02-02 16:00:00+00:00,2821.0,3.852,-0.148,2.216583,1.6017022,-2.8195453,-0.11392792,39962.18,10778.667,11.599999,11.599999,24.0,5.441838,46.079998,212.77031,4.83,0.6871523,92.39307,7.9024897,1288800.4,899926.94,137.30002,132.90002,524.0,285.78998,39.40183,33
2025-02-03 16:00:00+00:00,2821.0,2.202,-2.298,-0.23758347,-0.06519556,-5.5527277,-3.0936344,40033.05,12439.193,7.799999,7.799999,24.0,6.3231,35.28,125.676476,5.49,0.7546231,92.15548,4.808855,1328833.4,912366.1,145.10002,140.70003,548.0,291.27997,40.156452,34
2025-02-04 16:00:00+00:00,2821.0,2.252,-1.2980001,0.32908323,-0.9373512,-4.358177,-2.7637503,40104.88,30153.59,5.9999995,5.9999995,24.0,8.958504,61.56,216.55252,7.12,0.8397449,92.484566,2.0451047,1368938.2,942519.7,151.10002,146.70003,572.0,298.39996,40.996197,35
2025-02-05 16:00:00+00:00,2821.0,5.252,-0.048000097,2.4665833,2.4566922,-2.890814,-0.08622255,40177.58,14639.671,4.1,4.1,23.0,7.823272,50.399998,224.99986,5.83,0.81278366,94.95115,1.9588822,1409115.9,957159.4,155.20003,150.80003,595.0,304.22995,41.80898,36
2025-02-06 16:00:00+00:00,2821.0,6.1519995,-0.148,2.8186667,3.4807568,-3.048342,0.36772797,40251.066,34245.3,1.8000002,1.8000002,13.0,6.9480934,49.32,186.47939,8.31,1.1205014,97.76981,2.32661,1449367.0,991404.7,157.00003,152.60004,608.0,312.53995,42.92948,37
2025-02-07 16:00:00+00:00,2821.0,2.452,-0.7980001,0.27491662,0.10590124,-3.7254834,-2.4678638,40325.258,10469.246,3.8999996,3.8999996,24.0,6.048107,46.8,135.15657,5.68,0.7406929,98.04473,-0.14125371,1489692.2,1001873.94,160.90002,156.50003,632.0,318.21994,43.670174,38
2025-02-08 16:00:00+00:00,2821.0,4.552,-0.59800005,1.3665832,2.0409107,-3.4904613,-1.4723564,40400.086,23801.0,2.7999995,2.7999995,22.0,6.8777895,48.6,166.82935,7.28,0.98216325,99.411316,-1.6136101,1530092.4,1025674.94,163.70003,159.30003,654.0,325.49994,44.652336,39
2025-02-09 16:00:00+00:00,2821.0,7.1519995,0.40199995,3.1624172,4.3167048,-2.229344,0.58508617,40475.457,36000.03,0.6,0.6,6.0,6.601363,51.48,190.76904,9.71,1.3466566,102.57373,-1.0285239,1570567.9,1061675.0,164.30003,159.90004,660.0,335.20993,45.998993,40
2025-02-10 16:00:00+00:00,2821.0,11.151999,0.352,5.5061665,9.470096,-2.055276,3.4742174,40551.3,36000.0,0.0,0.0,0.0,5.223103,42.839996,175.14699,14.58,2.1716757,108.079895,2.4456935,1611119.1,1097675.0,164.30003,159.90004,660.0,349.78992,48.17067,41
2025-02-11 16:00:00+00:00,2821.0,8.901999,4.502,6.983248,8.461734,2.869843,5.9334254,40627.535,0.0,34.7,34.7,23.0,3.438895,38.519997,91.648315,2.22,0.51062053,115.06314,8.379119,1651746.6,1097675.0,199.00003,194.60004,683.0,352.00992,48.68129,42
2025-02-12 16:00:00+00:00,2821.0,7.13,4.88,5.9966674,5.6518917,2.759653,4.0143676,40707.43,0.0,52.100002,48.9,19.0,8.669949,68.03999,188.97253,1.84,0.44898364,121.05981,12.393486,1692454.0,1097675.0,251.10004,243.50003,702.0,353.8499,49.130272,43
2025-02-13 16:00:00+00:00,2821.0,11.28,4.33,7.2508335,9.388035,1.4488616,4.537811,40784.145,34387.902,0.0,0.0,0.0,12.096214,79.92,230.86456,15.0,2.1980855,128.31064,16.931297,1733238.1,1132062.9,251.10004,243.50003,702.0,368.8499,51.328358,44
2025-02-14 16:00:00+00:00,2821.0,13.080001,4.0299997,7.32375,10.478592,0.89127684,4.255859,40861.03,37799.027,0.0,0.0,0.0,15.277749,90.36,228.1513,20.98,3.0435839,135.63438,21.187157,1774099.1,1169861.9,251.10004,243.50003,702.0,389.82993,54.37194,45
2025-02-15 16:00:00+00:00,2821.0,13.28,3.43,7.4779162,10.774398,0.216959,3.9064598,40938.027,37844.62,0.0,0.0,0.0,15.192682,82.439995,237.83112,22.5,3.6145976,143.1123,25.093616,1815037.1,1207706.5,251.10004,243.50003,702.0,412.32993,57.986538,46
2025-02-16 16:00:00+00:00,2821.0,13.580001,2.8299997,6.852918,10.999241,-1.1031246,3.3224955,41015.715,37943.66,0.0,0.0,0.0,13.1041975,79.56,248.89366,22.66,3.5904062,149.96523,28.416111,1856052.9,1245650.1,251.10004,243.50003,702.0,434.98993,61.576942,47
2025-02-17 16:00:00+00:00,2821.0,8.4800005,2.1299999,4.8925004,4.4463882,-1.5540297,1.334608,41094.363,35551.098,0.0,0.0,0.0,14.332341,82.079994,254.48601,13.76,2.0608592,154.85773,29.75072,1897147.2,1281201.2,251.10004,243.50003,702.0,448.74994,63.637802,48
2025-02-18 16:00:00+00:00,2821.0,8.78,1.3299997,4.3279166,5.321104,-1.6654935,1.261557,41173.9,36145.13,0.0,0.0,0.0,11.570515,78.84,249.93573,13.95,2.0044613,159.18564,31.012276,1938321.1,1317346.4,251.10004,243.50003,702.0,462.69995,65.642265,49
2025-02-19 16:00:00+00:00,2821.0,9.33,1.28,4.555,5.813385,-1.8020964,1.5020366,41254.234,37425.133,0.0,0.0,0.0,10.105681,69.12,255.58696,15.45,2.2099423,163.74063,32.514313,1979575.4,1354771.5,251.10004,243.50003,702.0,478.14996,67.85221,50
2025-02-20 16:00:00+00:00,2821.0,8.4800005,2.2299998,4.8695836,5.035303,-0.91365933,1.8061825,41335.316,35582.305,0.2,0.0,2.0,11.177405,72.36,246.21796,12.36,1.8093365,168.61021,34.320496,2020910.8,1390353.8,251.30003,243.50003,704.0,490.50995,69.661545,51
2025-02-21 16:00:00+00:00,2821.0,9.33,2.53,5.357084,6.1490917,-0.16606998,2.6086233,41417.047,37068.023,0.0,0.0,0.0,9.19939,67.32,233.07016,11.96,1.8015934,173.9673,36.92912,2062327.8,1427421.8,251.30003,243.50003,704.0,502.46994,71.463135,52
2025-02-22 16:00:00+00:00,2821.0,8.08,3.5799997,5.2966666,5.0340796,0.5669975,2.3734972,41499.37,26915.543,2.3999996,1.5,9.0,9.6932955,68.76,255.00885,10.06,1.4967421,179.26396,39.302616,2103827.0,1454337.2,253.70003,245.00003,713.0,512.52997,72.95988,53
2025-02-23 16:00:00+00:00,2821.0,8.63,1.4799998,4.5550003,5.3279123,-2.1234403,1.4430207,41582.22,35738.6,0.0,0.0,0.0,8.707238,83.520004,258.57034,13.1,1.8873221,183.81897,40.745636,2145409.2,1490075.9,253.70003,245.00003,713.0,525.62994,74.8472,54
2025-02-24 16:00:00+00:00,2821.0,12.58,0.9799998,6.5779157,12.070946,-2.7988849,4.150862,41665.504,38981.15,0.0,0.0,0.0,8.654986,63.36,254.57233,21.46,3.2306566,190.39688,44.8965,2187074.8,1529057.0,253.70003,245.00003,713.0,547.08997,78.07786,55
2025-02-25 16:00:00+00:00,2821.0,11.8915,2.3915002,6.301771,10.569657,0.26217985,3.6501153,41749.17,33376.234,0.0,0.0,0.0,8.891343,71.28,234.31984,15.4,2.4927576,196.69865,48.546616,2228824.0,1562433.2,253.70003,245.00003,713.0,562.49,80.57062,56
2025-02-26 16:00:00+00:00,2821.0,3.4915001,0.69149995,2.0227501,1.4916396,-2.4294724,-0.6503113,41833.15,0.0,7.5000005,7.5000005,21.0,7.7043357,10.799999,145.84477,0.85,0.25890657,198.7214,47.896305,2270657.2,1562433.2,261.20004,252.50003,734.0,563.33997,80.82952,57
2025-02-27 16:00:00+00:00,2821.0,3.1915,0.69149995,1.9040002,0.77385426,-2.5160964,-0.91199774,41917.367,0.0,8.100001,8.100001,21.0,8.435069,13.32,199.40996,1.51,0.33486012,200.62541,46.984306,2312574.5,1562433.2,269.30005,260.60004,755.0,564.85,81.16438,58
2025-02-28 16:00:00+00:00,2821.0,11.3415,-2.1085,3.7060833,8.865642,-7.1112185,0.08374015,42001.758,39336.426,0.0,0.0,0.0,11.165805,14.04,247.08524,24.83,3.5849886,204.3315,47.068047,2354576.2,1601769.6,269.30005,260.60004,755.0,589.68,84.749374,59
2025-03-01 16:00:00+00:00,2821.0,12.7915,-2.5084999,4.1165004,11.141781,-7.492728,0.3728094,42086.26,39423.543,0.0,0.0,0.0,9.779817,8.64,276.46335,25.02,3.9945729,208.448,47.440857,2396662.5,1641193.1,269.30005,260.60004,755.0,614.7,88.74395,60
2025-03-02 16:00:00+00:00,2821.0,13.0915,-2.1085,4.2623334,11.787188,-6.7352104,0.7849776,42170.805,39510.57,0.0,0.0,0.0,6.830519,10.08,282.03998,25.07,3.8813186,212.71033,48.225834,2438833.2,1680703.8,269.30005,260.60004,755.0,639.77,92.62527,61
2025-03-03 16:00:00+00:00,2821.0,10.691501,-2.7085,2.8581667,9.404398,-7.142131,-0.40453014,42255.324,39597.457,0.0,0.0,0.0,7.172949,11.879999,287.67978,25.07,3.632848,215.5685,47.821304,2481088.5,1720301.2,269.30005,260.60004,755.0,664.84,96.25812,62
2025-03-04 16:00:00+00:00,2821.0,11.5915,-3.7085,2.6727498,10.765318,-7.4837046,-0.17678116,42339.758,39684.113,0.0,0.0,0.0,6.9899354,8.64,273.85242,25.2,3.5928662,218.24124,47.644524,2523428.2,1759985.4,269.30005,260.60004,755.0,690.04004,99.85098,63
2025-03-05 16:00:00+00:00,2821.0,11.5915,-2.9085,3.254,11.379594,-6.849413,0.50434065,42424.035,39770.492,0.0,0.0,0.0,5.506941,7.5599995,286.00745,23.84,3.4814305,221.49524,48.148865,2565852.2,1799755.9,269.30005,260.60004,755.0,713.88007,103.33241,64
