date,elevation,temperature_2m_max,temperature_2m_min,temperature_2m_mean,apparent_temperature_max,apparent_temperature_min,apparent_temperature_mean,daylight_duration,sunshine_duration,precipitation_sum,rain_sum,precipitation_hours,wind_speed_10m_max,wind_gusts_10m_max,wind_direction_10m_dominant,shortwave_radiation_sum,et0_fao_evapotranspiration,cumulative_temperature_2m_mean,cumulative_apparent_temperature_mean,cumulative_daylight_duration,cumulative_sunshine_duration,cumulative_precipitation_sum,cumulative_rain_sum,cumulative_precipitation_hours,cumulative_shortwave_radiation_sum,cumulative_et0_fao_evapotranspiration,day
2025-01-01 16:00:00+00:00,2175.0,10.576,9.076,9.723917,9.972737,8.230661,8.97102,38362.227,0.0,14.300003,14.300003,23.0,5.0432134,36.719997,180.98773,1.41,0.3819945,9.723917,8.97102,38362.227,0.0,14.300003,14.300003,23.0,1.41,0.3819945,1
2025-01-02 16:00:00+00:00,2175.0,9.076,6.026,7.665583,8.1125145,3.8484793,6.3104186,38386.383,11553.489,2.5999997,2.5999997,20.0,6.8423676,37.079998,121.29846,4.82,0.82605356,17.3895,15.281439,76748.61,11553.489,16.900003,16.900003,43.0,6.23,1.2080481,2
2025-01-03 16:00:00+00:00,2175.0,11.876,4.376,7.6635003,10.39633,2.0369549,5.6976085,38412.31,34464.742,0.6,0.6,6.0,6.198903,26.28,131.12134,12.44,1.8834145,25.053,20.979048,115160.92,46018.23,17.500004,17.500004,49.0,18.67,3.0914626,3
2025-01-04 16:00:00+00:00,2175.0,10.926,6.126,7.719751,8.600035,4.285714,6.012356,38439.99,31585.564,2.4999995,2.4999995,18.0,9.761578,46.8,241.82852,9.68,1.4051837,32.77275,26.991404,153600.9,77603.8,20.000004,20.000004,67.0,28.35,4.4966464,4
2025-01-05 16:00:00+00:00,2175.0,10.926,3.926,6.9551673,8.981302,2.0491257,5.0818324,38469.387,35444.332,1.1,1.1,6.0,5.402999,40.68,199.2012,12.43,1.805126,39.727917,32.073235,192070.3,113048.125,21.100004,21.100004,73.0,40.78,6.301772,5
2025-01-06 16:00:00+00:00,2175.0,9.426,3.176,5.8301673,7.112872,0.5954385,3.4732573,38500.496,32466.701,2.1000001,2.1000001,18.0,8.53815,55.8,186.82521,6.98,1.0894023,45.558083,35.546494,230570.8,145514.83,23.200005,23.200005,91.0,47.76,7.3911743,6
2025-01-07 16:00:00+00:00,2175.0,9.776,3.426,6.2968335,7.3607855,1.186172,4.1790485,38533.617,34759.81,1.3000002,1.3000002,13.0,8.211235,48.6,209.27515,10.07,1.4385613,51.854916,39.72554,269104.4,180274.64,24.500004,24.500004,104.0,57.829998,8.829736,7
2025-01-08 16:00:00+00:00,2175.0,7.926,2.626,4.851,5.2856445,0.41813517,2.6597013,38568.875,23877.264,4.1,4.1,15.0,9.109138,51.12,189.11261,7.37,1.0268934,56.705917,42.385242,307673.28,204151.9,28.600004,28.600004,119.0,65.2,9.856629,8
2025-01-09 16:00:00+00:00,2175.0,4.576,1.576,2.8676662,2.4497051,-0.84910583,0.45725688,38606.188,17620.164,6.3999996,6.3999996,24.0,6.5049515,42.12,119.55078,5.55,0.7812385,59.573586,42.8425,346279.47,221772.06,35.000004,35.000004,143.0,70.75,10.637868,9
2025-01-10 16:00:00+00:00,2175.0,4.826,2.226,3.1822498,2.3905015,-0.26203752,0.7661626,38645.48,26575.834,11.0,11.0,24.0,6.489992,49.68,188.21576,5.78,0.77369595,62.755836,43.60866,384924.94,248347.89,46.000004,46.000004,167.0,76.53,11.411564,10
2025-01-11 16:00:00+00:00,2175.0,7.276,1.876,4.003083,5.0030546,-0.3611803,1.6303047,38686.67,32475.059,3.1999993,3.1999993,21.0,5.5596404,45.719997,177.67848,7.8,1.1371692,66.75892,45.238968,423611.62,280822.94,49.200005,49.200005,188.0,84.33,12.548733,11
2025-01-12 16:00:00+00:00,2175.0,10.776,0.57600003,5.746834,8.585846,-2.5140023,3.3130677,38729.69,35712.82,0.5,0.5,5.0,5.495161,41.760002,148.04776,9.11,1.4447824,72.50575,48.552036,462341.3,316535.75,49.700005,49.700005,193.0,93.44,13.993515,12
2025-01-13 16:00:00+00:00,2175.0,13.026,2.526,7.6635003,11.419267,0.50857115,5.8993187,38774.457,35303.15,1.3000001,1.3000001,4.0,6.0721655,46.8,220.18933,13.19,2.024585,80.16925,54.451355,501115.78,351838.9,51.000004,51.000004,197.0,106.630005,16.0181,13
2025-01-14 16:00:00+00:00,2175.0,7.876,2.776,5.7447505,6.812607,0.16851139,4.1016316,38820.883,3686.1997,9.500002,9.500002,24.0,6.341009,41.399998,98.619705,3.29,0.5535709,85.914,58.552986,539936.7,355525.1,60.500008,60.500008,221.0,109.920006,16.571672,14
2025-01-15 16:00:00+00:00,2175.0,7.876,2.626,4.276,5.6138754,0.20745659,1.9905735,38868.906,31475.49,2.9,2.9,24.0,5.815978,45.0,167.25177,7.2,1.0377144,90.19,60.54356,578805.6,387000.6,63.40001,63.40001,245.0,117.12,17.609386,15
2025-01-16 16:00:00+00:00,2175.0,9.176,2.826,5.46975,7.2173758,0.28988838,3.2427204,38918.45,32967.0,2.8999991,2.8999991,18.0,5.3517847,38.519997,150.45506,7.94,1.2210591,95.65975,63.78628,617724.06,419967.6,66.30001,66.30001,263.0,125.060005,18.830446,16
2025-01-17 16:00:00+00:00,2175.0,10.026,4.076,6.421833,7.4925213,1.9532166,4.430407,38969.426,24082.205,2.6000001,2.6000001,15.0,7.689603,52.199997,221.41783,7.07,1.1246041,102.08159,68.21669,656693.5,444049.8,68.90001,68.90001,278.0,132.13,19.95505,17
2025-01-18 16:00:00+00:00,2175.0,9.476,5.076,7.021834,7.791685,3.451414,5.364967,39021.777,33890.65,4.5999994,4.5999994,22.0,7.5019197,47.519997,234.51163,9.38,1.2975152,109.103424,73.58166,695715.25,477940.47,73.50001,73.50001,300.0,141.51001,21.252565,18
2025-01-19 16:00:00+00:00,2175.0,10.976,2.776,6.1364174,8.823291,0.34817553,4.021488,39075.414,33751.668,2.1000001,2.1000001,16.0,7.44121,46.44,196.62921,8.97,1.3806686,115.23984,77.60315,734790.7,511692.12,75.600006,75.600006,316.0,150.48001,22.633234,19
2025-01-20 16:00:00+00:00,2175.0,11.726,3.226,7.073917,9.879386,0.61092615,4.989742,39130.27,31777.645,0.90000004,0.90000004,8.0,5.2323985,29.519999,153.10703,9.19,1.490084,122.31375,82.59289,773920.94,543469.75,76.50001,76.50001,324.0,159.67001,24.123318,20
2025-01-21 16:00:00+00:00,2175.0,10.476,4.776,7.2447495,7.993311,3.136675,5.396033,39186.273,35784.32,1.1,1.1,10.0,9.0,49.32,222.42514,11.45,1.6422967,129.5585,87.98892,813107.2,579254.06,77.600006,77.600006,334.0,171.12001,25.765614,21
2025-01-22 16:00:00+00:00,2175.0,11.776,4.626,7.809335,10.16113,2.8342438,6.1629887,39243.35,35799.26,0.8000001,0.8000001,8.0,8.626865,57.239998,231.62743,13.62,1.9686506,137.36784,94.15191,852350.56,615053.3,78.40001,78.40001,342.0,184.74,27.734264,22
2025-01-23 16:00:00+00:00,2175.0,12.926,5.476,8.628083,11.541586,3.5134997,7.1048546,39301.43,35551.42,1.4000001,1.4000001,11.0,8.604301,51.12,207.39226,14.09,2.1091263,145.99593,101.25676,891652.0,650604.75,79.80001,79.80001,353.0,198.83,29.843391,23
2025-01-24 16:00:00+00:00,2175.0,11.676,5.726,8.361417,10.45737,4.0979824,7.046907,39360.445,35773.484,1.5000002,1.5000002,10.0,4.613762,38.16,172.28825,12.43,1.8609037,154.35735,108.303665,931012.44,686378.25,81.30001,81.30001,363.0,211.26001,31.704296,24
2025-01-25 16:00:00+00:00,2175.0,9.976,3.826,6.9697495,8.15915,1.9149642,5.3429036,39420.33,33695.2,4.0000005,4.0000005,21.0,6.2613096,39.96,237.887,11.39,1.6129252,161.32709,113.64657,970432.75,720073.44,85.30001,85.30001,384.0,222.65001,33.317223,25
2025-01-26 16:00:00+00:00,2175.0,3.376,-0.224,1.2530831,1.4557457,-3.4848313,-1.1754962,39481.016,8680.082,17.300001,12.9,24.0,5.506941,40.32,39.625565,3.07,0.46667266,162.58017,112.47107,1009913.75,728753.5,102.60001,98.20001,408.0,225.72002,33.783894,26
2025-01-27 16:00:00+00:00,2175.0,7.626,-2.524,1.9468335,5.4871874,-6.076023,-1.0046344,39543.05,35895.42,1.3000001,1.3000001,12.0,5.5887027,34.92,112.71842,14.46,1.9463274,164.52701,111.46644,1049456.8,764648.94,103.90002,99.500015,420.0,240.18002,35.73022,27
2025-01-28 16:00:00+00:00,2175.0,7.526,-0.824,2.9718335,4.654293,-4.0253196,0.13409092,39606.668,35919.3,1.4000002,1.4000002,13.0,5.815978,41.760002,165.96368,10.44,1.4668252,167.49884,111.60053,1089063.4,800568.25,105.30002,100.90002,433.0,250.62003,37.197044,28
2025-01-29 16:00:00+00:00,2175.0,11.226,1.876,5.84475,9.057298,-0.47528887,3.6492422,39671.773,35257.25,0.4,0.4,4.0,5.020677,37.44,154.82648,11.25,1.7173494,173.3436,115.24977,1128735.1,835825.5,105.70002,101.30002,437.0,261.87003,38.914394,29
2025-01-30 16:00:00+00:00,2175.0,10.726,3.426,7.2114162,9.773115,1.2338433,5.8171945,39738.285,7635.635,4.7000003,4.7000003,17.0,3.2846913,43.56,121.11874,4.83,0.892956,180.55501,121.06696,1168473.4,843461.1,110.40002,106.000015,454.0,266.7,39.80735,30
2025-01-31 16:00:00+00:00,2175.0,13.326,8.076,10.442666,13.323986,7.461774,10.082189,39806.1,26552.484,11.299999,11.299999,23.0,3.536439,49.32,178.6361,7.86,1.3663162,190.99768,131.14915,1208279.5,870013.6,121.70001,117.30002,477.0,274.56,41.173668,31
2025-02-01 16:00:00+00:00,2175.0,10.976,7.176,9.1135,9.306669,5.605282,7.8050714,39875.133,19641.656,4.0,4.0,23.0,8.893166,64.799995,230.17412,6.4,1.032657,200.11118,138.95422,1248154.6,889655.25,125.70001,121.30002,500.0,280.96,42.206326,32
2025-02-02 16:00:00+00:00,2175.0,6.976,2.826,5.3343334,5.474759,0.6079426,3.6335804,39945.3,10836.533,11.599999,11.599999,24.0,5.441838,46.079998,212.77031,4.83,0.72941834,205.44551,142.5878,1288099.9,900491.8,137.30002,132.90002,524.0,285.78998,42.935745,33
2025-02-03 16:00:00+00:00,2175.0,5.776,0.776,2.9905834,3.8849564,-2.0568247,0.5331971,40016.51,12465.686,7.799999,7.799999,24.0,6.3231,35.28,125.676476,5.49,0.85423374,208.4361,143.121,1328116.4,912957.5,145.10002,140.70003,548.0,291.27997,43.789978,34
2025-02-04 16:00:00+00:00,2175.0,6.726,2.076,4.1239166,4.0361605,-0.5537138,1.5227813,40088.684,30213.414,5.9999995,5.9999995,24.0,8.958504,61.56,216.55252,7.12,1.015949,212.56001,144.64378,1368205.0,943170.94,151.10002,146.70003,572.0,298.39996,44.805927,35
2025-02-05 16:00:00+00:00,2175.0,9.176,3.476,6.2551665,7.066695,1.1601071,4.3166714,40161.723,14691.098,4.1,4.1,23.0,7.823272,50.399998,224.99986,5.83,0.9379135,218.81519,148.96045,1408366.8,957862.06,155.20003,150.80003,595.0,304.22995,45.74384,36
2025-02-06 16:00:00+00:00,2175.0,8.876,2.676,5.8364167,6.9285545,0.17775774,3.970011,40235.56,34272.76,1.8000002,1.8000002,13.0,6.9480934,49.32,186.47939,8.31,1.1833906,224.6516,152.93047,1448602.2,992134.8,157.00003,152.60004,608.0,312.53995,46.92723,37
2025-02-07 16:00:00+00:00,2175.0,4.726,1.926,2.88225,2.6371884,-0.57807374,0.47581807,40310.11,10520.206,3.8999996,3.8999996,24.0,6.048107,46.8,135.15657,5.68,0.805489,227.53384,153.40628,1488912.4,1002655.0,160.90002,156.50003,632.0,318.21994,47.73272,38
2025-02-08 16:00:00+00:00,2175.0,7.776,2.526,4.6426663,5.8353825,0.05771351,2.3011317,40385.28,23840.637,2.7999995,2.7999995,22.0,6.8777895,48.6,166.82935,7.28,1.086713,232.17651,155.70741,1529297.6,1026495.6,163.70003,159.30003,654.0,325.49994,48.81943,39
2025-02-09 16:00:00+00:00,2175.0,11.226,3.476,6.698917,9.126539,1.4384332,4.727912,40461.008,36001.84,0.6,0.6,6.0,6.601363,51.48,190.76904,9.71,1.5020965,238.87543,160.43532,1569758.6,1062497.5,164.30003,159.90004,660.0,335.20993,50.32153,40
2025-02-10 16:00:00+00:00,2175.0,14.976,3.526,9.146834,14.122765,1.6072059,7.808701,40537.21,36000.0,0.0,0.0,0.0,5.223103,42.839996,175.14699,14.58,2.3661768,248.02226,168.24402,1610295.9,1098497.5,164.30003,159.90004,660.0,349.78992,52.687706,41
2025-02-11 16:00:00+00:00,2175.0,13.376,8.226,10.701001,13.761148,7.205247,10.524064,40613.812,0.0,34.7,34.7,23.0,3.438895,38.519997,91.648315,2.22,0.54898167,258.72327,178.76808,1650909.8,1098497.5,199.00003,194.60004,683.0,352.00992,53.236687,42
2025-02-12 16:00:00+00:00,2175.0,10.426,7.626,8.963501,9.982342,6.241948,7.975777,40690.73,0.0,47.399998,47.399998,21.0,5.720489,38.519997,122.81376,2.14,0.47138003,267.68677,186.74387,1691600.5,1098497.5,246.40002,242.00003,704.0,354.14993,53.708065,43
2025-02-13 16:00:00+00:00,2175.0,13.326,8.426,10.53225,12.776588,7.3568554,9.7797,40767.895,453.41995,1.9000002,1.9000002,11.0,6.6405115,50.76,209.93478,5.05,0.95235455,278.21902,196.52356,1732368.4,1098950.9,248.30002,243.90002,715.0,359.19992,54.66042,44
2025-02-14 16:00:00+00:00,2175.0,18.117,7.617,11.587833,17.009335,5.053217,9.684071,40861.03,36898.06,0.0,0.0,0.0,9.3669195,64.799995,242.28351,20.28,3.3870025,289.80685,206.20763,1773229.4,1135848.9,248.30002,243.90002,715.0,379.47992,58.04742,45
2025-02-15 16:00:00+00:00,2175.0,18.267,6.9170003,11.262833,17.38897,3.3572445,8.74549,40938.027,37616.34,0.0,0.0,0.0,9.47012,64.799995,261.94443,21.75,3.827528,301.0697,214.95311,1814167.4,1173465.2,248.30002,243.90002,715.0,401.22992,61.874947,46
2025-02-16 16:00:00+00:00,2175.0,17.867,6.267,10.592001,16.825438,3.2584767,8.260828,41015.715,37856.082,0.0,0.0,0.0,9.885262,59.76,281.54807,21.73,3.6794078,311.6617,223.21394,1855183.1,1211321.4,248.30002,243.90002,715.0,422.95993,65.55435,47
2025-02-17 16:00:00+00:00,2175.0,12.967,5.6670003,8.652418,10.187384,2.7417202,6.346806,41094.363,36000.0,0.0,0.0,0.0,9.178235,63.72,289.7189,13.49,2.1732888,320.31412,229.56075,1896277.5,1247321.4,248.30002,243.90002,715.0,436.44992,67.72764,48
2025-02-18 16:00:00+00:00,2175.0,13.417,5.9170003,8.531583,10.820448,3.846239,6.6480427,41173.9,30912.215,0.0,0.0,0.0,6.989936,51.48,34.380238,10.49,1.7589874,328.8457,236.20879,1937451.4,1278233.6,248.30002,243.90002,715.0,446.9399,69.486626,49
2025-02-19 16:00:00+00:00,2175.0,13.816999,4.367,8.742,11.436256,1.9916286,6.6874204,41254.234,35500.137,0.0,0.0,0.0,6.3690495,47.16,285.1011,13.27,2.148702,337.5877,242.89621,1978705.6,1313733.8,248.30002,243.90002,715.0,460.2099,71.63533,50
2025-02-20 16:00:00+00:00,2175.0,12.217,6.217,8.671167,9.804854,4.2786226,6.68103,41335.316,33894.152,1.6,0.0,7.0,8.913181,57.96,285.77563,11.64,1.8500303,346.25888,249.57724,2020041.0,1347627.9,249.90002,243.90002,722.0,471.8499,73.48536,51
2025-02-21 16:00:00+00:00,2175.0,13.867,5.867,8.589916,12.334423,3.4775887,6.7698917,41417.047,29892.312,0.0,0.0,0.0,6.28713,56.16,162.09059,9.7,1.6691229,354.8488,256.34714,2061458.0,1377520.2,249.90002,243.90002,722.0,481.54993,75.15448,52
2025-02-22 16:00:00+00:00,2175.0,9.917,6.617,8.09825,8.1886835,5.3147106,6.5385623,41499.37,0.0,1.5000001,1.2,9.0,5.6920996,52.92,298.85953,3.6,0.7410269,362.94702,262.8857,2102957.2,1377520.2,251.40002,245.10002,731.0,485.14993,75.89551,53
2025-02-23 16:00:00+00:00,2175.0,9.717,5.6670003,7.325333,8.13371,3.6083775,5.5958595,41582.22,21959.586,0.0,0.0,0.0,5.4477882,56.88,89.4695,7.68,1.2257516,370.27237,268.48157,2144539.5,1399479.9,251.40002,245.10002,731.0,492.82993,77.12126,54
2025-02-24 16:00:00+00:00,2175.0,15.467,4.367,9.319085,15.319973,1.0727172,7.231445,41665.504,38981.14,0.0,0.0,0.0,7.968939,52.199997,269.44733,19.61,3.118874,379.59146,275.713,2186205.0,1438461.0,251.40002,245.10002,731.0,512.43994,80.240135,55
2025-02-25 16:00:00+00:00,2175.0,12.667,6.267,9.18575,11.148954,3.1197062,7.3646064,41749.17,20721.562,1.2,1.2,9.0,6.9527545,45.36,272.44955,9.81,1.706333,388.77722,283.0776,2227954.2,1459182.5,252.60002,246.30002,740.0,522.24994,81.946465,56
2025-02-26 16:00:00+00:00,2175.0,13.917,7.4170003,10.19825,12.768158,5.6756105,8.91412,41833.15,37541.305,0.0,0.0,0.0,6.130579,48.96,152.80771,11.49,1.9239148,398.97546,291.99173,2269787.5,1496723.8,252.60002,246.30002,740.0,533.7399,83.87038,57
2025-02-27 16:00:00+00:00,2175.0,16.064999,8.017,11.25325,15.361422,5.841735,10.115243,41917.367,36630.582,3.9,0.0,12.0,12.768586,42.12,96.581856,20.15,2.9688513,410.2287,302.10696,2311704.8,1533354.4,256.50003,246.30002,752.0,553.88995,86.839226,58
2025-02-28 16:00:00+00:00,2175.0,18.465,8.565,11.94625,17.487907,4.9659367,10.359151,42001.758,38275.586,2.9999998,0.0,9.0,17.31746,21.96,217.83809,17.17,2.9354749,422.17496,312.46613,2353706.5,1571630.0,259.50003,246.30002,761.0,571.05994,89.774704,59
2025-03-01 16:00:00+00:00,2175.0,17.765,8.215,12.206665,18.708265,4.9708576,10.60843,42086.26,39412.938,3.6,0.0,12.0,15.580141,20.880001,237.5126,21.79,3.6975741,434.38162,323.07455,2395792.8,1611043.0,263.10004,246.30002,773.0,592.8499,93.472275,60
2025-03-02 16:00:00+00:00,2175.0,16.215,8.115,11.577498,18.588905,5.7240114,10.827922,42170.805,39500.438,5.1000004,0.0,12.0,13.104198,16.56,237.31667,23.09,3.7324464,445.9591,333.90247,2437963.5,1650543.5,268.20004,246.30002,785.0,615.93994,97.20472,61
2025-03-03 16:00:00+00:00,2175.0,17.365002,7.365,11.40875,17.18938,4.483967,9.794104,42255.324,39587.79,2.3999999,0.0,6.0,12.88981,15.119999,258.24997,19.7,3.0897052,457.36786,343.69656,2480218.8,1690131.2,270.60004,246.30002,791.0,635.63995,100.294426,62
2025-03-04 16:00:00+00:00,2175.0,10.015,-0.735,5.4879174,8.768946,-4.383898,3.3056495,42339.758,0.0,2.9999995,2.3999999,15.0,11.542478,19.8,331.09494,1.98,0.39725393,462.85577,347.00223,2522558.5,1690131.2,273.60004,248.70001,806.0,637.61993,100.69168,63
2025-03-05 16:00:00+00:00,2175.0,8.015,0.4649999,3.2941663,5.2864094,-2.2615504,0.30153874,42424.035,35989.055,0.3,0.0,3.0,12.959999,16.919998,355.52515,15.13,1.7519927,466.14993,347.30377,2564982.5,1726120.2,273.90002,248.70001,809.0,652.74994,102.44367,64
2025-03-06 16:00:00+00:00,2175.0,7.365,0.515,3.4587498,4.6809597,-2.1536272,0.83688545,42508.098,39848.27,0.0,0.0,0.0,12.287555,16.199999,68.78381,16.98,1.9251564,469.60867,348.14066,2607490.5,1765968.5,273.90002,248.70001,809.0,669.7299,104.36883,65
2025-03-07 16:00:00+00:00,2175.0,8.365,0.41499996,4.356667,6.1810236,-2.538041,1.859217,42591.895,39877.598,0.0,0.0,0.0,12.387348,11.5199995,88.898285,17.63,2.1144419,473.96533,349.99988,2650082.5,1805846.1,273.90002,248.70001,809.0,687.3599,106.48327,66
