date,elevation,temperature_2m_max,temperature_2m_min,temperature_2m_mean,apparent_temperature_max,apparent_temperature_min,apparent_temperature_mean,daylight_duration,sunshine_duration,precipitation_sum,rain_sum,precipitation_hours,wind_speed_10m_max,wind_gusts_10m_max,wind_direction_10m_dominant,shortwave_radiation_sum,et0_fao_evapotranspiration,cumulative_temperature_2m_mean,cumulative_apparent_temperature_mean,cumulative_daylight_duration,cumulative_sunshine_duration,cumulative_precipitation_sum,cumulative_rain_sum,cumulative_precipitation_hours,cumulative_shortwave_radiation_sum,cumulative_et0_fao_evapotranspiration,day
2025-01-01 16:00:00+00:00,5.0,19.8255,17.5755,18.460917,19.736696,16.763716,18.162481,38819.914,0.0,4.2,4.2,18.0,20.060919,35.28,352.755,2.04,0.87872857,18.460917,18.162481,38819.914,0.0,4.2,4.2,18.0,2.04,0.87872857,1
2025-01-02 16:00:00+00:00,5.0,19.4755,16.7255,17.798414,18.337166,15.941591,17.077312,38841.89,2603.3525,2.8999999,2.8999999,12.0,21.791153,37.8,352.10507,3.46,1.0718694,36.25933,35.23979,77661.805,2603.3525,7.0999994,7.0999994,30.0,5.5,1.950598,2
2025-01-03 16:00:00+00:00,5.0,22.525501,14.6255,18.469252,23.947565,15.1016445,19.256918,38865.484,35793.6,0.7,0.7,5.0,9.361731,20.519999,330.31482,13.73,2.4441738,54.728584,54.49671,116527.29,38396.953,7.799999,7.799999,35.0,19.23,4.3947716,3
2025-01-04 16:00:00+00:00,5.0,21.5755,16.3255,18.367168,21.431507,15.850529,18.228506,38890.668,34116.926,2.6999996,2.6999996,10.0,18.268892,31.68,353.09387,10.04,1.9940376,73.09575,72.72522,155417.95,72513.875,10.499999,10.499999,45.0,29.27,6.388809,4
2025-01-05 16:00:00+00:00,5.0,22.4255,15.2255,18.44842,22.88953,13.685448,18.076523,38917.42,35769.992,0.0,0.0,0.0,18.775301,36.0,354.04855,15.9,2.9135845,91.54417,90.80174,194335.38,108283.87,10.499999,10.499999,45.0,45.17,9.302394,5
2025-01-06 16:00:00+00:00,5.0,20.775501,13.9255,17.510918,20.464924,14.001268,17.623167,38945.727,33877.49,0.4,0.4,4.0,15.8502245,27.359999,351.48608,11.66,2.1585293,109.055084,108.42491,233281.1,142161.36,10.899999,10.899999,49.0,56.829998,11.460923,6
2025-01-07 16:00:00+00:00,5.0,21.8255,13.8755,17.552584,22.313255,13.569353,17.425842,38975.87,35753.406,0.0,0.0,0.0,14.584445,24.48,358.511,15.29,2.7540734,126.607666,125.85075,272256.97,177914.77,10.899999,10.899999,49.0,72.119995,14.214996,7
2025-01-08 16:00:00+00:00,5.0,21.1755,14.8755,18.004667,20.794111,14.270451,17.441843,39007.957,24947.184,0.0,0.0,0.0,19.023027,31.319998,355.59637,9.17,2.0756636,144.61234,143.2926,311264.94,202861.95,10.899999,10.899999,49.0,81.28999,16.29066,8
2025-01-09 16:00:00+00:00,5.0,18.2255,14.6255,16.115084,16.219765,12.578054,13.781136,39041.914,7200.0,0.5,0.5,5.0,22.571884,37.8,353.92337,4.22,1.8346891,160.72742,157.07373,350306.84,210061.95,11.399999,11.399999,54.0,85.509995,18.12535,9
2025-01-10 16:00:00+00:00,5.0,17.525501,13.8755,15.417167,15.687204,11.382027,13.753184,39077.676,10336.014,1.4000001,1.4000001,10.0,21.188072,33.839996,350.133,5.82,1.6032109,176.14458,170.82692,389384.53,220397.97,12.799999,12.799999,64.0,91.329994,19.728561,10
2025-01-11 16:00:00+00:00,5.0,19.7255,12.5255,15.473415,18.383072,9.665549,13.262806,39115.17,35736.266,0.2,0.2,2.0,21.978434,37.8,355.6585,15.48,2.897909,191.618,184.08972,428499.7,256134.23,12.999999,12.999999,66.0,106.81,22.62647,11
2025-01-12 16:00:00+00:00,5.0,20.4255,9.9755,15.608833,20.278559,8.565025,14.895069,39154.324,35735.22,0.0,0.0,0.0,9.432412,22.68,345.564,16.09,2.7782483,207.22684,198.98479,467654.0,291869.44,12.999999,12.999999,66.0,122.899994,25.404718,12
2025-01-13 16:00:00+00:00,5.0,21.275501,13.0255,17.069252,20.780882,12.6150055,16.66511,39195.074,31491.666,0.6,0.6,5.0,15.547875,24.119999,346.523,11.67,2.3608077,224.29608,215.6499,506849.06,323361.1,13.599999,13.599999,71.0,134.56999,27.765526,13
2025-01-14 16:00:00+00:00,5.0,17.5755,15.3255,16.715086,16.199434,13.362183,15.275466,39237.34,0.0,1.4000001,1.4000001,12.0,22.228361,39.239998,352.1965,1.95,1.0555738,241.01117,230.92537,546086.4,323361.1,15.0,15.0,83.0,136.51999,28.8211,14
2025-01-15 16:00:00+00:00,5.0,19.525501,14.6755,16.113,18.711983,12.954868,14.585349,39281.062,32400.0,0.1,0.1,1.0,20.359901,34.92,350.73856,12.55,2.52511,257.12418,245.51071,585367.44,355761.1,15.1,15.1,84.0,149.06999,31.34621,15
2025-01-16 16:00:00+00:00,5.0,19.625502,12.6255,15.967167,19.38404,10.878331,14.590061,39326.164,34644.297,0.1,0.1,1.0,15.224637,27.72,351.5536,14.11,2.7174644,273.09134,260.10077,624693.6,390405.38,15.200001,15.200001,85.0,163.18,34.063675,16
2025-01-17 16:00:00+00:00,5.0,18.7255,14.7255,16.525501,17.91057,13.355877,15.742546,39372.582,1732.4333,0.8000001,0.8000001,7.0,13.870515,24.119999,354.92245,4.82,1.423008,289.61685,275.84332,664066.2,392137.8,16.0,16.0,92.0,168.0,35.486683,17
2025-01-18 16:00:00+00:00,5.0,21.2255,15.9255,17.692167,20.060577,14.49531,16.683418,39420.25,26053.08,1.0000001,1.0000001,7.0,19.94754,37.8,352.94507,10.21,2.1806607,307.30902,292.52673,703486.44,418190.9,17.0,17.0,99.0,178.21,37.667343,18
2025-01-19 16:00:00+00:00,5.0,22.4255,14.0755,17.87758,23.079475,14.424461,18.077358,39469.09,35764.727,0.0,0.0,0.0,15.94601,28.44,348.36298,15.09,2.687259,325.1866,310.6041,742955.5,453955.62,17.0,17.0,99.0,193.3,40.354603,19
2025-01-20 16:00:00+00:00,5.0,22.625502,14.0255,18.217165,23.172495,13.757599,18.482698,39519.047,35922.426,0.1,0.1,1.0,14.637663,28.08,337.2941,16.06,2.9362938,343.40378,329.0868,782474.56,489878.06,17.1,17.1,100.0,209.36,43.290897,20
2025-01-21 16:00:00+00:00,5.0,21.8255,16.4755,18.788,22.000418,17.012835,19.27904,39570.05,27273.268,2.3,2.3,11.0,14.967083,24.84,348.19864,8.83,1.9140306,362.19177,348.36584,822044.6,517151.34,19.4,19.4,111.0,218.19,45.20493,21
2025-01-22 16:00:00+00:00,5.0,23.3255,15.8755,18.95675,22.771053,14.853668,18.503843,39622.04,36106.223,0.4,0.4,4.0,19.758228,35.28,354.1973,15.83,3.0411339,381.14853,366.8697,861666.7,553257.56,19.8,19.8,115.0,234.02,48.246063,22
2025-01-23 16:00:00+00:00,5.0,23.375502,15.5255,19.1505,24.480011,15.437065,19.68917,39674.94,36036.68,0.0,0.0,0.0,12.841963,24.119999,344.65073,13.96,2.6398983,400.29904,386.55887,901341.6,589294.25,19.8,19.8,115.0,247.98001,50.885963,23
2025-01-24 16:00:00+00:00,5.0,23.625502,15.8755,19.246336,25.450117,16.466518,19.846582,39728.7,36050.453,0.0,0.0,0.0,16.90563,29.16,348.81873,16.67,3.0513928,419.54538,406.40546,941070.3,625344.7,19.8,19.8,115.0,264.65002,53.937355,24
2025-01-25 16:00:00+00:00,5.0,22.0755,15.4255,18.21925,23.148485,11.962105,17.42052,39783.246,35842.47,0.90000004,0.90000004,4.0,30.556026,50.76,351.25003,14.91,2.8945444,437.76462,423.826,980853.56,661187.1,20.699999,20.699999,119.0,279.56003,56.831898,25
2025-01-26 16:00:00+00:00,5.0,15.0755,13.6755,14.248417,11.848732,8.914843,10.443396,39838.535,1863.4054,0.5,0.5,4.0,34.964966,58.679996,354.13574,3.96,1.7635683,452.01303,434.26938,1020692.1,663050.5,21.199999,21.199999,123.0,283.52002,58.595467,26
2025-01-27 16:00:00+00:00,5.0,19.1755,12.9755,15.513,17.438347,9.568577,13.225623,39895.05,32101.994,0.3,0.3,3.0,20.738312,34.56,354.43646,12.37,2.9095383,467.52603,447.495,1060587.1,695152.5,21.499998,21.499998,126.0,295.89,61.505005,27
2025-01-28 16:00:00+00:00,5.0,19.9255,14.3755,16.550499,18.968384,13.463022,15.730324,39953.023,29933.783,0.0,0.0,0.0,12.033103,24.84,343.16345,13.66,2.604314,484.07654,463.2253,1100540.1,725086.3,21.499998,21.499998,126.0,309.55002,64.10932,28
2025-01-29 16:00:00+00:00,5.0,21.875502,13.0755,17.38175,21.8036,12.167196,16.979355,40012.348,36133.535,0.0,0.0,0.0,12.703715,24.119999,347.21912,16.8,3.1460156,501.45828,480.20465,1140552.5,761219.9,21.499998,21.499998,126.0,326.35,67.25534,29
2025-01-30 16:00:00+00:00,5.0,20.025501,16.275501,18.090086,19.970234,15.936865,18.152704,40072.953,1100.0725,1.3000001,1.3000001,8.0,12.039833,28.8,334.91534,3.43,1.1948869,519.54834,498.35736,1180625.5,762319.94,22.799997,22.799997,134.0,329.78,68.450226,30
2025-01-31 16:00:00+00:00,5.0,25.1755,17.4255,20.688002,25.82682,17.065487,21.104729,40134.758,33067.41,2.3,2.3,10.0,18.051228,33.48,345.45612,13.01,2.862979,540.2363,519.4621,1220760.2,795387.4,25.099997,25.099997,144.0,342.79,71.3132,31
2025-02-01 16:00:00+00:00,5.0,23.875502,17.775501,20.181753,26.33104,17.739235,20.887526,40197.67,36195.824,0.2,0.2,2.0,17.750774,29.519999,346.67038,14.91,2.8179855,560.4181,540.3496,1260957.9,831583.2,25.299997,25.299997,146.0,357.7,74.13119,32
2025-02-02 16:00:00+00:00,5.0,21.875502,14.6755,17.952585,21.238789,11.577297,16.500017,40261.63,36295.96,1.9000001,1.9000001,9.0,29.85722,51.12,352.13257,15.03,2.8652785,578.37067,556.8496,1301219.5,867879.1,27.199997,27.199997,155.0,372.73,76.99647,33
2025-02-03 16:00:00+00:00,5.0,17.6755,14.1255,15.458836,16.045996,11.472707,13.477372,40326.535,12384.397,0.6,0.6,5.0,23.695824,38.16,354.5187,6.03,1.7657928,593.8295,570.32697,1341546.0,880263.5,27.799997,27.799997,160.0,378.76,78.76226,34
2025-02-04 16:00:00+00:00,5.0,19.775501,12.2255,16.43175,18.837873,11.711922,16.102266,40392.324,35567.59,0.1,0.1,1.0,10.783487,25.919998,326.57516,13.74,2.425724,610.2613,586.42926,1381938.4,915831.06,27.899998,27.899998,161.0,392.5,81.18799,35
2025-02-05 16:00:00+00:00,5.0,22.025501,14.7755,18.238,21.409184,15.39801,18.117376,40458.914,35261.26,0.2,0.2,2.0,18.183563,32.039997,351.56497,11.79,2.537309,628.49927,604.54663,1422397.2,951092.3,28.099998,28.099998,163.0,404.29,83.725296,36
2025-02-06 16:00:00+00:00,5.0,23.2255,14.8755,18.237999,22.624828,12.031378,16.324053,40526.23,36000.0,0.70000005,0.70000005,2.0,29.59235,47.16,351.30484,17.09,3.5881069,646.73724,620.87067,1462923.5,987092.3,28.8,28.8,165.0,421.38,87.3134,37
2025-02-07 16:00:00+00:00,5.0,18.025501,13.9255,15.640083,16.17761,11.064034,13.28674,40594.2,29904.84,0.2,0.2,1.0,21.129885,39.6,351.36798,9.77,2.459409,662.3773,634.1574,1503517.8,1016997.1,29.0,29.0,166.0,431.15,89.77281,38
2025-02-08 16:00:00+00:00,5.0,18.2255,12.8755,15.198417,17.355225,10.883612,13.579633,40662.75,28902.695,0.1,0.1,1.0,15.763107,25.56,341.90488,11.93,2.4564977,677.57574,647.73706,1544180.5,1045899.8,29.1,29.1,167.0,443.08,92.22931,39
2025-02-09 16:00:00+00:00,5.0,21.025501,12.4255,16.452585,20.799347,11.336359,15.845288,40731.8,37407.6,0.1,0.1,1.0,10.316686,21.24,350.30722,17.65,3.1359494,694.0283,663.58234,1584912.2,1083307.4,29.2,29.2,168.0,460.72998,95.36526,40
2025-02-10 16:00:00+00:00,5.0,24.1755,13.0255,18.498419,25.197409,12.268181,18.761232,40801.293,36254.4,0.1,0.1,1.0,11.952054,24.119999,344.06995,15.42,2.9578786,712.52673,682.34357,1625713.5,1119561.8,29.300001,29.300001,169.0,476.15,98.323135,41
2025-02-11 16:00:00+00:00,5.0,20.275501,17.4255,18.915085,21.822496,17.228794,19.830904,40871.152,0.0,23.300001,23.300001,24.0,17.337091,35.28,347.2516,2.62,0.742974,731.44183,702.1745,1666584.6,1119561.8,52.600002,52.600002,193.0,478.77,99.06611,42
2025-02-12 16:00:00+00:00,5.0,20.0755,17.0755,18.458836,19.75518,16.326323,18.169724,40941.305,225.51888,27.199999,27.199999,24.0,28.329279,41.760002,347.68286,4.02,1.00018,749.9007,720.34424,1707525.9,1119787.2,79.8,79.8,217.0,482.78998,100.06629,43
2025-02-13 16:00:00+00:00,5.0,20.5755,16.7255,18.37967,20.875502,17.10208,18.962282,41011.69,422.76202,4.1,4.1,15.0,14.039999,25.199999,345.9328,4.72,1.1330628,768.2804,739.3065,1748537.6,1120210.0,83.9,83.9,232.0,487.50998,101.199356,44
2025-02-14 16:00:00+00:00,5.0,24.125502,17.025501,20.217165,26.31372,16.557983,21.231302,41082.24,37795.727,0.3,0.3,3.0,17.122723,28.08,342.58258,17.95,3.141249,788.49756,760.53784,1789619.9,1158005.8,84.200005,84.200005,235.0,505.46,104.34061,45
2025-02-15 16:00:00+00:00,5.0,24.9755,16.3255,20.13175,27.397635,15.5688095,20.900316,41152.895,37990.62,0.0,0.0,0.0,20.256996,36.719997,345.683,19.98,3.5233226,808.62933,781.4382,1830772.8,1195996.4,84.200005,84.200005,235.0,525.44,107.86393,46
2025-02-16 16:00:00+00:00,5.0,25.5565,18.0065,21.273167,26.74084,19.851208,22.880531,41235.773,35692.844,0.2,0.0,2.0,15.844089,29.519999,244.30867,17.05,3.230951,829.9025,804.3187,1872008.5,1231689.2,84.4,84.200005,237.0,542.49,111.09488,47
2025-02-17 16:00:00+00:00,5.0,24.456501,17.1565,20.427336,25.338686,18.049807,20.811409,41307.586,34832.066,0.2,0.0,2.0,13.849477,23.039999,299.38217,16.16,3.2878058,850.32983,825.1301,1913316.1,1266521.4,84.6,84.200005,239.0,558.64996,114.38268,48
2025-02-18 16:00:00+00:00,5.0,22.9065,15.7565,19.319,23.998333,16.37076,19.686749,41380.22,34035.375,0.0,0.0,0.0,16.267857,28.44,291.31796,17.22,3.1984203,869.6488,844.8169,1954696.4,1300556.8,84.6,84.200005,239.0,575.86993,117.5811,49
2025-02-19 16:00:00+00:00,5.0,24.206501,15.3065,19.694002,24.921776,15.939629,20.394884,41453.586,34482.336,0.0,0.0,0.0,13.363711,21.96,307.9304,16.41,3.1462488,889.34283,865.2118,1996150.0,1335039.1,84.6,84.200005,239.0,592.2799,120.72735,50
2025-02-20 16:00:00+00:00,5.0,24.5065,17.1565,20.22525,25.653162,17.559048,21.11297,41527.63,31649.344,0.4,0.0,2.0,13.797912,22.68,309.67267,15.45,3.0323026,909.5681,886.32477,2037677.6,1366688.5,85.0,84.200005,241.0,607.7299,123.75965,51
2025-02-21 16:00:00+00:00,5.0,23.3065,14.5565,18.858583,24.993196,14.459457,19.127398,41602.285,34890.79,0.0,0.0,0.0,15.986593,28.44,298.2579,17.42,3.223703,928.4267,905.45215,2079279.9,1401579.2,85.0,84.200005,241.0,625.1499,126.98335,52
2025-02-22 16:00:00+00:00,5.0,26.1065,15.606501,19.248167,27.484612,15.915907,19.544731,41677.477,32345.734,0.0,0.0,0.0,15.509274,25.199999,330.11087,16.45,3.2477722,947.67487,924.9969,2120957.2,1433925.0,85.0,84.200005,241.0,641.5999,130.23112,53
2025-02-23 16:00:00+00:00,5.0,23.0065,14.8065,18.371084,24.10532,14.388126,18.363058,41753.15,36166.11,0.0,0.0,0.0,14.773164,24.48,297.60895,17.27,3.160134,966.04596,943.3599,2162710.5,1470091.1,85.0,84.200005,241.0,658.86993,133.39127,54
2025-02-24 16:00:00+00:00,5.0,23.1065,12.7065,18.227335,23.433765,12.545137,18.136438,41829.23,36932.332,0.0,0.0,0.0,15.905319,26.28,301.71045,19.31,3.6004076,984.2733,961.49634,2204539.8,1507023.5,85.0,84.200005,241.0,678.17993,136.99167,55
2025-02-25 16:00:00+00:00,5.0,23.2565,14.6565,19.164831,23.847971,15.062244,19.613016,41905.668,37707.395,0.0,0.0,0.0,15.546833,25.199999,291.67053,16.79,3.1264718,1003.4382,981.1094,2246445.5,1544730.9,85.0,84.200005,241.0,694.9699,140.11813,56
2025-02-26 16:00:00+00:00,5.0,25.456501,17.3565,21.085667,26.24879,17.67802,21.783216,41982.383,33639.31,0.0,0.0,0.0,16.215992,25.919998,305.00153,15.69,3.28731,1024.5238,1002.8926,2288428.0,1578370.1,85.0,84.200005,241.0,710.6599,143.40544,57
2025-02-27 16:00:00+00:00,5.0,26.456501,17.4065,21.837751,28.338589,18.579771,23.312094,42059.33,38889.95,0.0,0.0,0.0,16.78156,29.519999,286.32028,18.94,3.7181003,1046.3616,1026.2047,2330487.2,1617260.1,85.0,84.200005,241.0,729.5999,147.12354,58
2025-02-28 16:00:00+00:00,5.0,25.956501,18.1065,22.027334,27.192812,19.208305,23.703077,42136.434,38958.027,0.0,0.0,0.0,15.856356,25.919998,289.02908,15.52,3.1037726,1068.3889,1049.9078,2372623.8,1656218.1,85.0,84.200005,241.0,745.11993,150.22731,59
2025-03-01 16:00:00+00:00,5.0,28.7825,18.206501,24.004,30.818066,20.123884,25.564482,42213.637,39347.28,0.0,0.0,0.0,22.55106,16.56,181.41731,22.31,4.9875917,1092.393,1075.4723,2414837.5,1695565.4,85.0,84.200005,241.0,767.42993,155.2149,60
2025-03-02 16:00:00+00:00,5.0,28.7325,24.1325,26.045004,30.73347,24.988712,27.041636,42290.887,39659.152,0.0,0.0,0.0,28.162956,24.119999,167.65483,22.8,5.595492,1118.438,1102.5139,2457128.5,1735224.5,85.0,84.200005,241.0,790.2299,160.8104,61
2025-03-03 16:00:00+00:00,5.0,28.8825,24.6325,26.299164,30.50948,25.509615,27.66744,42368.12,39739.08,0.6,0.0,3.0,29.519999,29.16,172.20978,22.56,5.24509,1144.7372,1130.1814,2499496.5,1774963.6,85.6,84.200005,244.0,812.7899,166.05548,62
2025-03-04 16:00:00+00:00,5.0,29.2325,24.682499,26.472086,31.671947,25.87607,28.085258,42445.277,39818.797,0.9000001,0.0,6.0,20.26899,14.04,307.39886,22.82,5.261538,1171.2092,1158.2666,2541941.8,1814782.4,86.5,84.200005,250.0,835.6099,171.31702,63
2025-03-05 16:00:00+00:00,5.0,24.9825,19.3825,22.124166,27.621017,19.147741,23.34149,42522.293,1282.0487,0.90000004,0.0,3.0,14.24163,11.5199995,303.4763,3.62,1.4455472,1193.3334,1181.608,2584464.0,1816064.4,87.4,84.200005,253.0,839.2299,172.76256,64
2025-03-06 16:00:00+00:00,5.0,21.582499,18.8825,19.780416,20.787872,17.057972,19.195307,42599.117,22599.332,0.0,0.0,0.0,18.681883,13.679999,281.0467,9.23,2.5755503,1213.1138,1200.8033,2627063.0,1838663.8,87.4,84.200005,253.0,848.4599,175.3381,65
2025-03-07 16:00:00+00:00,5.0,21.4825,17.8825,19.770002,22.414326,16.441437,18.892805,42675.695,37485.312,0.0,0.0,0.0,19.813087,12.24,314.01132,20.78,4.298068,1232.8838,1219.6962,2669738.8,1876149.0,87.4,84.200005,253.0,869.2399,179.63617,66
2025-03-08 16:00:00+00:00,5.0,26.3825,17.6325,21.117918,25.21572,16.615644,20.704811,42752.52,39921.316,0.90000004,0.90000004,3.0,21.767351,17.28,353.5632,23.59,4.8649826,1254.0017,1240.401,2712491.2,1916070.4,88.3,85.100006,256.0,892.82996,184.50116,67
2025-03-09 16:00:00+00:00,5.0,24.182499,20.582499,,24.232368,20.962545,,42829.83,,,,0.0,16.071491,12.959999,,,,,,2755321.0,,,,256.0,,,68
