date,elevation,temperature_2m_max,temperature_2m_min,temperature_2m_mean,apparent_temperature_max,apparent_temperature_min,apparent_temperature_mean,daylight_duration,sunshine_duration,precipitation_sum,rain_sum,precipitation_hours,wind_speed_10m_max,wind_gusts_10m_max,wind_direction_10m_dominant,shortwave_radiation_sum,et0_fao_evapotranspiration,cumulative_temperature_2m_mean,cumulative_apparent_temperature_mean,cumulative_daylight_duration,cumulative_sunshine_duration,cumulative_precipitation_sum,cumulative_rain_sum,cumulative_precipitation_hours,cumulative_shortwave_radiation_sum,cumulative_et0_fao_evapotranspiration,day
2025-01-01 16:00:00+00:00,939.0,15.6895,13.839499,14.597833,17.186687,14.348791,15.645763,38435.434,0.0,10.000002,10.000002,21.0,4.3349743,13.32,142.92065,1.73,0.4455784,14.597833,15.645763,38435.434,0.0,10.000002,10.000002,21.0,1.73,0.4455784,1
2025-01-02 16:00:00+00:00,939.0,16.2395,11.039499,13.7353325,16.422588,9.718851,13.638322,38459.242,27782.527,2.1000001,2.1000001,18.0,6.519877,25.56,130.86522,6.72,1.1931148,28.333164,29.284084,76894.67,27782.527,12.100002,12.100002,39.0,8.45,1.6386931,2
2025-01-03 16:00:00+00:00,939.0,17.7395,9.9395,13.4645,18.39561,8.568644,12.936562,38484.797,35570.855,0.0,0.0,0.0,6.698806,23.4,93.84803,13.0,2.1265063,41.797665,42.220646,115379.47,63353.383,12.100002,12.100002,39.0,21.45,3.7651994,3
2025-01-04 16:00:00+00:00,939.0,15.6895,11.9895,13.218665,15.11352,11.79726,13.160137,38512.074,32225.492,2.0000002,2.0000002,15.0,8.383054,27.72,305.46994,9.86,1.5559657,55.01633,55.380783,153891.55,95578.875,14.100002,14.100002,54.0,31.310001,5.321165,4
2025-01-05 16:00:00+00:00,939.0,16.8395,8.4895,12.879085,15.686991,6.752652,11.971036,38541.047,35632.652,0.0,0.0,0.0,6.830519,29.88,350.94226,13.68,2.1783657,67.89542,67.35182,192432.6,131211.53,14.100002,14.100002,54.0,44.99,7.499531,5
2025-01-06 16:00:00+00:00,939.0,14.4395,7.0895,11.104083,13.504677,5.4421206,10.129016,38571.707,32885.805,1.1000001,1.1000001,11.0,7.247096,29.519999,359.32602,8.45,1.3755397,78.9995,77.480835,231004.3,164097.34,15.200003,15.200003,65.0,53.440002,8.875071,6
2025-01-07 16:00:00+00:00,939.0,15.4895,9.9895,12.477001,14.323914,8.875741,11.534509,38604.35,35665.473,0.0,0.0,0.0,7.208994,29.16,324.33478,11.92,1.8703916,91.4765,89.01534,269608.66,199762.81,15.200003,15.200003,65.0,65.36,10.745462,7
2025-01-08 16:00:00+00:00,939.0,15.089499,7.2895,11.529082,14.145678,5.874297,10.498931,38639.098,34009.71,1.6000001,1.6000001,11.0,6.6794305,26.64,303.83508,8.44,1.4294716,103.005585,99.514275,308247.75,233772.53,16.800003,16.800003,76.0,73.8,12.174934,8
2025-01-09 16:00:00+00:00,939.0,13.089499,9.589499,11.151999,12.077219,8.2789955,10.024716,38675.875,34837.195,5.8999996,5.8999996,24.0,5.2478566,26.64,177.8984,8.5,1.3515915,114.157585,109.538994,346923.62,268609.72,22.700003,22.700003,100.0,82.3,13.5265255,9
2025-01-10 16:00:00+00:00,939.0,13.089499,9.089499,10.672833,12.1763,8.002451,9.609966,38714.598,35089.22,8.700003,8.700003,24.0,7.0015144,31.319998,222.98419,9.49,1.4226573,124.83042,119.14896,385638.22,303698.94,31.400005,31.400005,124.0,91.79,14.9491825,10
2025-01-11 16:00:00+00:00,939.0,13.839499,6.8895,10.274916,12.047821,4.818697,8.750634,38755.203,35654.42,0.70000005,0.70000005,7.0,7.0015144,29.88,221.4236,11.32,1.7545719,135.10533,127.89959,424393.44,339353.38,32.100006,32.100006,131.0,103.11,16.703754,11
2025-01-12 16:00:00+00:00,939.0,15.4895,5.2895,10.35825,14.347227,3.0352411,8.931403,38797.6,35655.086,0.0,0.0,0.0,5.7628117,23.039999,79.39512,13.13,2.0403872,145.46358,136.831,463191.03,375008.47,32.100006,32.100006,131.0,116.24,18.74414,12
2025-01-13 16:00:00+00:00,939.0,16.9895,6.7895,12.216583,16.601696,4.911579,11.430739,38841.72,35657.13,0.6,0.6,4.0,6.849467,29.16,323.74588,14.97,2.3490593,157.68016,148.26173,502032.75,410665.6,32.700005,32.700005,135.0,131.20999,21.0932,13
2025-01-14 16:00:00+00:00,939.0,13.539499,10.1895,12.149917,13.95417,8.8033695,11.9870615,38887.48,6613.2783,5.2,5.2,23.0,5.991594,21.599998,154.33824,3.52,0.65787876,169.83008,160.2488,540920.25,417278.88,37.900005,37.900005,158.0,134.73,21.75108,14
2025-01-15 16:00:00+00:00,939.0,14.339499,8.039499,10.6519985,13.32604,6.462022,9.32511,38934.816,35665.332,0.90000004,0.90000004,8.0,8.035746,32.760002,194.16965,10.94,1.664038,180.48207,169.5739,579855.06,452944.22,38.800007,38.800007,166.0,145.67,23.415117,15
2025-01-16 16:00:00+00:00,939.0,14.6895,7.1395,10.831166,13.439703,5.0808277,9.530842,38983.645,35671.496,0.90000004,0.90000004,5.0,6.519877,26.28,139.93431,11.22,1.7672476,191.31323,179.10474,618838.7,488615.72,39.70001,39.70001,171.0,156.89,25.182365,16
2025-01-17 16:00:00+00:00,939.0,15.1395,8.2395,11.708249,14.245701,6.9750423,10.961318,39033.89,31765.516,5.7,5.7,19.0,5.9399996,29.16,335.93436,8.81,1.4652076,203.02148,190.06606,657872.56,520381.25,45.40001,45.40001,190.0,165.7,26.647573,17
2025-01-18 16:00:00+00:00,939.0,15.2395,10.4895,12.512418,14.880781,9.5703125,12.408025,39085.49,34482.145,5.899999,5.899999,17.0,6.6794305,27.0,290.00247,10.3,1.5870745,215.5339,202.47408,696958.06,554863.4,51.300007,51.300007,207.0,176.0,28.234648,18
2025-01-19 16:00:00+00:00,939.0,15.839499,7.6395,11.679084,14.964376,6.310769,10.717284,39138.363,35698.305,0.2,0.2,2.0,8.731392,30.239998,280.90503,11.63,1.8538696,227.21298,213.19136,736096.44,590561.7,51.500008,51.500008,209.0,187.63,30.088518,19
2025-01-20 16:00:00+00:00,939.0,16.6395,7.0895,12.17075,16.217012,5.30334,11.420381,39192.43,35058.168,0.8000001,0.8000001,8.0,6.122647,20.16,93.12778,11.53,1.9091358,239.38373,224.61174,775288.9,625619.9,52.300007,52.300007,217.0,199.16,31.997654,20
2025-01-21 16:00:00+00:00,939.0,16.5895,9.089499,12.770751,15.775412,7.90032,12.207718,39247.633,35723.125,0.8,0.8,7.0,7.579261,28.8,34.992306,12.32,1.9680681,252.15448,236.81946,814536.5,661343.0,53.100006,53.100006,224.0,211.48001,33.96572,21
2025-01-22 16:00:00+00:00,939.0,17.2395,10.039499,13.324916,16.838472,9.10904,12.859788,39303.895,35437.477,0.6,0.6,6.0,7.596341,29.16,314.99988,14.39,2.2888467,265.4794,249.67924,853840.4,696780.5,53.700005,53.700005,230.0,225.87001,36.254566,22
2025-01-23 16:00:00+00:00,939.0,18.7395,8.4895,13.414501,18.06745,7.0316095,12.613354,39361.15,35753.555,0.0,0.0,0.0,8.209263,29.519999,318.6382,15.32,2.544898,278.8939,262.2926,893201.5,732534.06,53.700005,53.700005,230.0,241.19,38.799465,23
2025-01-24 16:00:00+00:00,939.0,18.0895,9.2395,13.581166,17.52253,8.045309,13.033477,39419.32,35770.875,0.0,0.0,0.0,8.019601,29.519999,282.38065,14.41,2.3481133,292.47507,275.32608,932620.8,768304.94,53.700005,53.700005,230.0,255.6,41.14758,24
2025-01-25 16:00:00+00:00,939.0,16.189499,9.9395,12.53325,15.110407,9.10887,11.783905,39478.344,35789.63,1.1000001,1.1000001,11.0,7.9220443,29.88,277.628,12.8,2.0167704,305.00833,287.11,972099.1,804094.56,54.800003,54.800003,241.0,268.4,43.16435,25
2025-01-26 16:00:00+00:00,939.0,9.9895,5.2895,8.039499,8.894799,3.1157894,6.5822663,39538.17,10800.0,8.300002,8.300002,21.0,5.2323985,26.64,250.23862,3.43,0.5897444,313.04782,293.69226,1011637.3,814894.56,63.100006,63.100006,262.0,271.83,43.754093,26
2025-01-27 16:00:00+00:00,939.0,13.6895,3.4394999,8.360333,11.81843,0.6071863,6.129338,39599.32,35831.547,0.2,0.2,2.0,7.771331,31.68,130.08333,14.09,2.1307182,321.40814,299.8216,1051236.6,850726.1,63.300007,63.300007,264.0,285.91998,45.88481,27
2025-01-28 16:00:00+00:00,939.0,14.039499,4.2895,9.222832,11.796511,2.0975642,7.3022575,39662.03,35854.95,0.1,0.1,1.0,7.3094187,31.319998,83.088776,12.17,1.9040138,330.63098,307.12384,1090898.6,886581.06,63.400005,63.400005,265.0,298.09,47.788826,28
2025-01-29 16:00:00+00:00,939.0,16.189499,7.5395,11.631167,15.196796,5.7278194,10.375008,39726.215,35939.484,0.0,0.0,0.0,6.924738,29.519999,80.283394,13.76,2.1876636,342.26215,317.49884,1130624.9,922520.56,63.400005,63.400005,265.0,311.85,49.97649,29
2025-01-30 16:00:00+00:00,939.0,15.8895,8.089499,12.093665,16.212206,6.3301153,11.490871,39791.777,10182.474,8.6,8.6,21.0,5.9834766,21.599998,79.879715,4.9,0.9785789,354.3558,328.98972,1170416.6,932703.06,72.00001,72.00001,286.0,316.75,50.95507,30
2025-01-31 16:00:00+00:00,939.0,18.439499,12.6395,15.30825,19.591543,12.520325,16.086718,39858.63,29588.648,8.599998,8.599998,23.0,5.1826253,23.759998,52.914093,8.99,1.5995644,369.66406,345.07645,1210275.2,962291.7,80.600006,80.600006,309.0,325.74,52.554634,31
2025-02-01 16:00:00+00:00,939.0,17.7895,13.539499,15.216583,17.613058,13.809137,15.762868,39926.684,31144.037,3.699999,3.699999,18.0,7.0911775,33.12,295.62836,10.33,1.7579019,384.88065,360.83932,1250201.9,993435.75,84.3,84.3,327.0,336.06998,54.312534,32
2025-02-02 16:00:00+00:00,939.0,13.089499,10.1895,11.843666,13.136822,8.947019,11.323135,39995.86,34103.703,4.9,4.9,24.0,6.7853074,33.12,255.88203,8.53,1.3029685,396.7243,372.16248,1290197.8,1027539.44,89.200005,89.200005,351.0,344.59998,55.6155,33
2025-02-03 16:00:00+00:00,939.0,12.789499,9.2395,10.426999,11.483654,7.832264,9.110596,40066.062,14889.176,9.3,9.3,24.0,6.162207,30.239998,208.57448,6.0,1.0867625,407.1513,381.27307,1330263.8,1042428.6,98.50001,98.50001,375.0,350.59998,56.702263,34
2025-02-04 16:00:00+00:00,939.0,13.4895,7.9895005,11.074917,12.113445,6.868368,10.126985,40137.207,36116.098,5.7999988,5.7999988,24.0,8.149847,33.48,265.21432,11.03,1.6770914,418.22623,391.40005,1370401.0,1078544.8,104.3,104.3,399.0,361.62997,58.379353,35
2025-02-05 16:00:00+00:00,939.0,15.2395,9.7395,12.310334,14.82266,8.820775,11.928817,40209.22,28764.314,2.2,2.2,14.0,6.0908127,28.44,352.6477,8.68,1.4411469,430.53656,403.32886,1410610.2,1107309.1,106.5,106.5,413.0,370.30997,59.8205,36
2025-02-06 16:00:00+00:00,939.0,16.0395,10.6895,12.852,15.367939,9.59952,12.136222,40282.01,36204.05,1.4000001,1.4000001,8.0,7.968939,31.68,290.66626,13.3,2.1105301,443.38855,415.4651,1450892.2,1143513.1,107.9,107.9,421.0,383.60995,61.93103,37
2025-02-07 16:00:00+00:00,939.0,12.8895,9.339499,10.858249,11.740025,7.595249,9.536252,40355.504,34385.27,3.899999,3.899999,24.0,6.8399997,32.039997,205.72041,9.69,1.5178406,454.2468,425.00134,1491247.8,1177898.4,111.8,111.8,445.0,393.29996,63.44887,38
2025-02-08 16:00:00+00:00,939.0,14.1395,8.3895,10.606165,12.863855,7.0315876,9.336277,40429.617,35424.4,2.7000003,2.7000003,15.0,7.2805495,30.599998,227.2176,11.32,1.7693936,464.85297,434.33762,1531677.4,1213322.8,114.5,114.5,460.0,404.61996,65.21826,39
2025-02-09 16:00:00+00:00,939.0,15.9895,8.789499,11.974917,14.972553,7.6175785,11.088006,40504.277,36504.723,0.8000001,0.8000001,7.0,7.3447943,30.239998,7.907082,14.03,2.1976807,476.82788,445.42563,1572181.6,1249827.5,115.3,115.3,467.0,418.64996,67.41594,40
2025-02-10 16:00:00+00:00,939.0,18.9895,8.1395,13.656167,19.61159,6.611616,13.220848,40579.402,36503.66,0.0,0.0,0.0,6.1569467,28.44,75.08646,16.63,2.7681136,490.48404,458.64648,1612761.0,1286331.1,115.3,115.3,467.0,435.27997,70.18405,41
2025-02-11 16:00:00+00:00,939.0,15.939499,12.8895,14.737414,17.757591,12.863176,15.637973,40654.926,0.0,29.8,29.8,23.0,4.942631,15.119999,85.8725,1.81,0.48384032,505.22147,474.28445,1653415.9,1286331.1,145.1,145.1,490.0,437.08997,70.66789,42
2025-02-12 16:00:00+00:00,939.0,16.0395,13.3895,14.758251,17.774809,13.698864,15.760597,40730.76,0.0,43.399994,43.399994,23.0,5.426933,19.08,105.40515,2.47,0.5711018,519.97974,490.04504,1694146.6,1286331.1,188.5,188.5,513.0,439.55997,71.23899,43
2025-02-13 16:00:00+00:00,939.0,16.689499,13.1395,15.091583,17.934128,13.468927,16.050076,40806.84,43.904915,3.9,3.9,18.0,4.952453,22.68,50.64061,4.35,0.8698123,535.0713,506.09512,1734953.5,1286375.0,192.4,192.4,531.0,443.90997,72.1088,44
2025-02-14 16:00:00+00:00,939.0,20.189499,12.589499,16.245749,21.695566,12.335651,16.917597,40883.098,36608.004,0.1,0.1,1.0,8.297589,30.960001,328.65762,17.31,2.9195144,551.317,523.0127,1775836.6,1322983.0,192.5,192.5,532.0,461.21997,75.02832,45
2025-02-15 16:00:00+00:00,939.0,19.8395,9.6395,15.341584,20.758978,8.339101,15.179302,40959.46,37063.145,0.0,0.0,0.0,6.9480934,29.88,330.25522,18.34,3.101005,566.6586,538.192,1816796.1,1360046.1,192.5,192.5,532.0,479.55997,78.129326,46
2025-02-16 16:00:00+00:00,939.0,21.1505,15.0505,17.310917,23.300865,13.952238,17.544525,41060.207,36000.0,0.0,0.0,0.0,9.779817,24.48,139.95015,19.08,3.406544,583.96954,555.7366,1857856.4,1396046.1,192.5,192.5,532.0,498.63995,81.53587,47
2025-02-17 16:00:00+00:00,939.0,19.0005,13.7505,15.66925,19.325583,13.078825,15.856168,41137.473,36135.953,0.2,0.0,2.0,8.350138,19.8,206.56497,14.78,2.4774566,599.6388,571.5927,1898993.9,1432182.1,192.7,192.5,534.0,513.42,84.01333,48
2025-02-18 16:00:00+00:00,939.0,18.5005,13.1005,15.123417,18.53819,12.5237255,15.094548,41215.605,36000.0,0.0,0.0,0.0,9.531505,23.4,224.11871,14.7,2.4429007,614.7622,586.68726,1940209.5,1468182.1,192.7,192.5,534.0,528.12,86.45623,49
2025-02-19 16:00:00+00:00,939.0,17.7005,12.6005,14.892166,18.011553,11.201574,14.427316,41294.53,36002.594,0.0,0.0,0.0,9.114471,21.96,121.75915,15.16,2.5090516,629.65436,601.11456,1981504.0,1504184.8,192.7,192.5,534.0,543.27997,88.96528,50
2025-02-20 16:00:00+00:00,939.0,19.9005,13.7005,16.027586,20.801136,13.019381,16.072409,41374.188,32915.88,0.0,0.0,0.0,10.446206,24.119999,145.00786,15.3,2.6272624,645.68195,617.18695,2022878.2,1537100.6,192.7,192.5,534.0,558.57996,91.592545,51
2025-02-21 16:00:00+00:00,939.0,19.300499,13.8505,16.113,19.171759,13.050852,16.186834,41454.49,36000.0,0.0,0.0,0.0,9.007196,21.599998,281.99677,15.15,2.5821772,661.7949,633.3738,2064332.8,1573100.6,192.7,192.5,534.0,573.73,94.17472,52
2025-02-22 16:00:00+00:00,939.0,17.2505,14.1005,15.319248,18.253931,14.660141,16.100267,41535.37,4260.914,0.2,0.1,2.0,5.771239,15.4800005,117.681,5.86,1.1400881,677.1142,649.47406,2105868.0,1577361.5,192.9,192.6,536.0,579.58997,95.31481,53
2025-02-23 16:00:00+00:00,939.0,16.8505,13.0505,14.788002,16.573103,12.843334,14.939579,41616.766,36110.426,0.1,0.0,1.0,8.4042845,20.880001,243.22125,13.19,2.0875227,691.9022,664.41364,2147484.8,1613471.9,193.0,192.6,537.0,592.77997,97.402336,54
2025-02-24 16:00:00+00:00,939.0,17.7005,11.7005,14.356751,18.06894,10.234585,14.001639,41698.594,36082.465,0.1,0.0,1.0,8.759178,21.96,200.63766,17.4,2.76208,706.259,678.4153,2189183.2,1649554.4,193.1,192.6,538.0,610.18,100.16441,55
2025-02-25 16:00:00+00:00,939.0,17.4505,12.5505,14.669248,17.3207,11.151643,14.32925,41780.797,36574.51,0.0,0.0,0.0,9.3876505,22.319998,258.9298,14.81,2.381363,720.9282,692.7445,2230964.0,1686128.9,193.1,192.6,538.0,624.99,102.54578,56
2025-02-26 16:00:00+00:00,939.0,18.1005,13.5005,15.308834,18.734314,13.732231,15.901245,41863.305,17213.062,0.0,0.0,0.0,5.8603754,16.56,328.62704,7.39,1.3680686,736.23706,708.64575,2272827.2,1703342.0,193.1,192.6,538.0,632.38,103.91384,57
2025-02-27 16:00:00+00:00,939.0,21.6005,13.2005,17.248417,23.476881,11.798691,17.21541,41946.05,39279.543,0.0,0.0,0.0,9.3669195,23.759998,82.673775,21.07,3.710636,753.4855,725.86115,2314773.2,1742621.5,193.1,192.6,538.0,653.45,107.62447,58
2025-02-28 16:00:00+00:00,939.0,22.7505,15.1005,18.527582,24.202456,12.860489,18.594866,42028.97,39015.5,1.2,0.0,3.0,9.3876505,22.319998,270.0003,19.94,3.7653527,772.01306,744.456,2356802.2,1781637.0,194.3,192.6,541.0,673.39,111.389824,59
2025-03-01 16:00:00+00:00,939.0,23.681002,16.800499,18.840393,24.099394,16.885954,19.304401,42111.992,29162.945,0.3,0.3,3.0,14.145756,11.159999,80.30261,11.37,2.2839072,790.85345,763.7604,2398914.2,1810800.0,194.6,192.90001,544.0,684.76,113.67373,60
2025-03-02 16:00:00+00:00,939.0,24.981,15.631,19.560165,26.47765,14.119337,19.726534,42195.062,39520.668,0.0,0.0,0.0,9.779817,9.0,331.29416,22.71,4.32056,810.41364,783.48694,2441109.2,1850320.6,194.6,192.90001,544.0,707.47003,117.994286,61
2025-03-03 16:00:00+00:00,939.0,23.581001,16.331001,19.010168,23.71046,16.562483,19.347834,42278.105,30095.244,1.8000002,0.3,9.0,9.178235,17.28,125.47785,11.64,2.487987,829.4238,802.8348,2483387.2,1880415.9,196.40001,193.20001,553.0,719.11005,120.48227,62
2025-03-04 16:00:00+00:00,939.0,22.181002,15.331,18.070583,24.500555,15.515469,19.421894,42361.066,34531.08,12.299999,5.1,24.0,7.5942073,9.72,87.24747,16.05,2.8829966,847.4944,822.25665,2525748.2,1914947.0,208.70001,198.30002,577.0,735.16003,123.365265,63
2025-03-05 16:00:00+00:00,939.0,16.831001,14.431,15.620583,18.229265,15.27932,16.83713,42443.875,18190.158,9.300003,7.4999995,18.0,4.0249224,10.799999,169.50854,5.65,1.0265976,863.115,839.0938,2568192.0,1933137.1,218.00002,205.80002,595.0,740.81006,124.39186,64
2025-03-06 16:00:00+00:00,939.0,15.231,12.231,13.528916,15.385628,12.417795,13.817313,42526.477,15956.618,0.0,0.0,0.0,6.12,4.32,237.234,5.52,0.9720017,876.6439,852.91113,2610718.5,1949093.8,218.00002,205.80002,595.0,746.3301,125.36386,65
2025-03-07 16:00:00+00:00,939.0,15.331,11.131,12.424748,15.20104,11.183263,12.427453,42608.812,31551.04,4.2,4.2,12.0,7.628263,6.12,240.76071,11.54,1.7331253,889.06866,865.33856,2653327.2,1980644.8,222.20001,210.00002,607.0,757.87006,127.096985,66
2025-03-08 16:00:00+00:00,939.0,18.931002,10.831,13.866417,19.673477,8.12429,13.568084,42691.406,40034.895,2.9999995,2.9999995,6.0,9.826088,9.72,202.15024,17.69,2.809714,902.93506,878.9066,2696018.8,2020679.6,225.20001,213.00002,613.0,775.56006,129.9067,67
2025-03-09 16:00:00+00:00,939.0,20.231,9.481,,21.38068,5.8502502,,42774.52,,,,0.0,11.252519,9.36,,,,,,2738793.2,,,,613.0,,,68
