date,elevation,temperature_2m_max,temperature_2m_min,temperature_2m_mean,apparent_temperature_max,apparent_temperature_min,apparent_temperature_mean,daylight_duration,sunshine_duration,precipitation_sum,rain_sum,precipitation_hours,wind_speed_10m_max,wind_gusts_10m_max,wind_direction_10m_dominant,shortwave_radiation_sum,et0_fao_evapotranspiration,cumulative_temperature_2m_mean,cumulative_apparent_temperature_mean,cumulative_daylight_duration,cumulative_sunshine_duration,cumulative_precipitation_sum,cumulative_rain_sum,cumulative_precipitation_hours,cumulative_shortwave_radiation_sum,cumulative_et0_fao_evapotranspiration,day
2025-01-01 16:00:00+00:00,837.0,18.052,16.252,16.902,17.921692,16.43352,17.195578,38843.625,942.857,10.4,10.4,24.0,13.432632,28.44,44.646,2.95,0.74844056,16.902,17.195578,38843.625,942.857,10.4,10.4,24.0,2.95,0.74844056,1
2025-01-02 16:00:00+00:00,837.0,16.902,14.902,15.960334,16.288883,13.21409,15.337104,38865.49,0.0,12.699998,12.699998,24.0,18.589739,42.839996,42.915203,2.15,0.6306193,32.862335,32.53268,77709.11,942.857,23.099998,23.099998,48.0,5.1000004,1.3790598,2
2025-01-03 16:00:00+00:00,837.0,18.102,13.302,15.243668,15.852713,11.240231,13.306496,38888.957,35878.68,4.3999996,4.3999996,19.0,17.356705,45.36,45.97686,12.87,2.4048305,48.106003,45.839176,116598.06,36821.535,27.499998,27.499998,67.0,17.970001,3.7838902,3
2025-01-04 16:00:00+00:00,837.0,17.702,13.502,15.362418,17.927078,12.242826,15.156608,38914.016,35669.04,2.4,2.4,15.0,11.212135,34.56,52.648727,9.9,1.7548443,63.468422,60.995785,155512.08,72490.58,29.899998,29.899998,82.0,27.87,5.5387344,4
2025-01-05 16:00:00+00:00,837.0,18.552,13.102,15.297833,18.624983,11.624222,14.345828,38940.633,33086.06,4.799999,4.799999,20.0,15.531193,37.44,50.914936,13.01,2.2771747,78.76626,75.34161,194452.72,105576.64,34.699997,34.699997,102.0,40.88,7.8159094,5
2025-01-06 16:00:00+00:00,837.0,16.702,12.002,14.247834,15.610085,9.734266,12.501732,38968.793,26035.463,2.6000004,2.6000004,19.0,15.156384,36.719997,54.028423,9.42,1.9143151,93.01409,87.843346,233421.52,131612.11,37.299995,37.299995,121.0,50.300003,9.730225,6
2025-01-07 16:00:00+00:00,837.0,18.002,12.452,14.924918,18.0699,11.081076,14.201789,38998.785,35838.184,1.8000003,1.8000003,15.0,11.328566,25.199999,49.61503,14.81,2.446909,107.93901,102.045135,272420.3,167450.3,39.099995,39.099995,136.0,65.11,12.177134,7
2025-01-08 16:00:00+00:00,837.0,17.652,12.502,14.866585,16.104544,10.735882,13.341874,39030.707,25031.879,4.6000004,4.6000004,11.0,17.31746,37.44,42.854618,11.23,2.0410373,122.805595,115.38701,311451.03,192482.17,43.699997,43.699997,147.0,76.34,14.218171,8
2025-01-09 16:00:00+00:00,837.0,14.752,12.052,13.233253,12.192574,9.331247,10.745174,39064.49,7791.5693,7.2000003,7.2000003,24.0,17.23964,40.32,46.52206,4.23,1.3088344,136.03885,126.13219,350515.53,200273.73,50.899998,50.899998,171.0,80.57,15.527005,9
2025-01-10 16:00:00+00:00,837.0,14.002,11.802,12.558251,12.744331,9.329847,10.59338,39100.07,1948.7598,7.199999,7.199999,24.0,14.892213,36.36,48.94955,4.65,1.1356126,148.5971,136.72557,389615.6,202222.5,58.1,58.1,195.0,85.22,16.662619,10
2025-01-11 16:00:00+00:00,837.0,15.652,10.552,12.735333,13.67481,8.172852,10.6085825,39137.37,33189.355,3.7999995,3.7999995,23.0,15.072783,37.8,48.863354,12.77,2.1098893,161.33244,147.33415,428752.97,235411.86,61.899998,61.899998,218.0,97.990005,18.772509,11
2025-01-12 16:00:00+00:00,837.0,16.952,9.802,13.216584,15.05669,7.1851034,10.9870825,39176.33,31293.865,1.1000001,1.1000001,11.0,15.476859,37.8,54.044598,14.54,2.5288675,174.54903,158.32123,467929.3,266705.72,62.999996,62.999996,229.0,112.53001,21.301376,12
2025-01-13 16:00:00+00:00,837.0,18.152,11.902,14.935334,17.694801,10.187202,14.068957,39216.87,35819.676,1.3,1.3,6.0,12.483748,27.0,46.88432,13.44,2.3037722,189.48436,172.39018,507146.2,302525.4,64.299995,64.299995,235.0,125.97001,23.605148,13
2025-01-14 16:00:00+00:00,837.0,15.702,13.252,14.616585,15.477505,11.410667,13.944036,39258.92,0.0,20.399998,20.399998,24.0,17.220835,39.239998,46.759544,1.86,0.54036844,204.10095,186.33421,546405.1,302525.4,84.7,84.7,259.0,127.83001,24.145517,14
2025-01-15 16:00:00+00:00,837.0,14.702,11.952,12.979083,12.924217,9.874199,11.012479,39302.42,24457.389,4.6,4.6,24.0,16.616642,33.48,55.02689,7.34,1.4512975,217.08003,197.3467,585707.56,326982.78,89.299995,89.299995,283.0,135.17001,25.596815,15
2025-01-16 16:00:00+00:00,837.0,16.001999,10.002,13.077001,13.906551,7.879719,10.919593,39347.297,31384.566,1.8000002,1.8000002,11.0,15.426535,39.239998,53.934387,12.39,2.1589856,230.15703,208.26628,625054.9,358367.34,91.1,91.1,294.0,147.56001,27.7558,16
2025-01-17 16:00:00+00:00,837.0,15.752,12.052,13.766583,14.355211,9.669983,12.114461,39393.477,13553.008,3.3,3.3,18.0,14.000713,34.92,49.653442,6.14,1.4190669,243.92361,220.38074,664448.4,371920.34,94.4,94.4,312.0,153.70001,29.174868,17
2025-01-18 16:00:00+00:00,837.0,18.602,13.902,15.639503,18.633884,13.7973175,15.548253,39440.902,35840.113,5.600001,5.600001,19.0,10.626099,25.919998,58.21473,11.98,2.0613868,259.5631,235.92899,703889.25,407760.47,100.0,100.0,331.0,165.68001,31.236254,18
2025-01-19 16:00:00+00:00,837.0,18.752,12.452,15.097833,19.198006,11.205782,14.254537,39489.5,35848.188,2.9,2.9,16.0,13.5012,28.8,52.04162,15.53,2.5747716,274.66095,250.18352,743378.75,443608.66,102.9,102.9,347.0,181.21,33.811024,19
2025-01-20 16:00:00+00:00,837.0,18.152,12.252,14.931168,16.55753,10.705884,13.421115,39539.2,35857.598,1.9000003,1.9000003,19.0,13.896187,38.519997,51.572887,14.12,2.5058804,289.5921,263.60464,782917.94,479466.25,104.8,104.8,366.0,195.33,36.316902,20
2025-01-21 16:00:00+00:00,837.0,17.952,13.702,15.395751,17.914614,12.058584,14.666699,39589.945,15205.027,2.9999998,2.9999998,19.0,12.708815,30.599998,48.270588,6.06,1.4035664,304.98785,278.27133,822507.9,494671.28,107.8,107.8,385.0,201.39,37.720467,21
2025-01-22 16:00:00+00:00,837.0,20.252,13.102,16.299917,20.073936,12.998114,16.402845,39641.664,35877.7,1.9000001,1.9000001,6.0,11.782784,31.68,147.68753,15.65,2.6747205,321.28778,294.67416,862149.56,530549.0,109.700005,109.700005,391.0,217.04,40.395187,22
2025-01-23 16:00:00+00:00,837.0,20.102,14.302,16.78117,21.341621,14.145838,16.942244,39694.3,33356.918,3.0000002,3.0000002,16.0,10.583326,26.28,56.872433,12.95,2.2803752,338.06894,311.6164,901843.9,563905.94,112.700005,112.700005,407.0,229.98999,42.675564,23
2025-01-24 16:00:00+00:00,837.0,19.402,13.802,16.1895,20.129002,13.359877,15.948567,39747.785,35908.836,3.2,3.2,20.0,11.246759,28.08,47.561985,15.18,2.5499933,354.25845,327.56497,941591.7,599814.75,115.9,115.9,427.0,245.16998,45.225555,24
2025-01-25 16:00:00+00:00,837.0,18.002,13.102,15.19575,17.899826,11.892178,14.655335,39802.06,32471.865,8.500001,8.500001,24.0,11.480557,27.359999,45.560658,12.11,2.0471041,369.4542,342.2203,981393.75,632286.6,124.4,124.4,451.0,257.27997,47.27266,25
2025-01-26 16:00:00+00:00,837.0,13.552,11.302,12.251999,11.651908,8.712088,10.249467,39857.07,5179.0835,13.200001,13.200001,24.0,16.341381,36.0,52.279102,4.59,0.9870193,381.70618,352.4698,1021250.8,637465.7,137.6,137.6,475.0,261.86996,48.259678,26
2025-01-27 16:00:00+00:00,837.0,14.302,10.852,12.043667,11.843559,7.966483,9.268161,39913.3,15014.305,2.7000003,2.7000003,15.0,16.560978,37.079998,54.195026,7.37,1.6949259,393.74985,361.73795,1061164.1,652480.0,140.3,140.3,490.0,269.23996,49.954605,27
2025-01-28 16:00:00+00:00,837.0,14.802,10.902,12.404083,12.385458,8.231554,9.650443,39970.977,14916.461,3.3000004,3.3000004,23.0,15.683774,37.8,57.272095,7.82,1.8816341,406.15393,371.3884,1101135.1,667396.44,143.6,143.6,513.0,277.05997,51.83624,28
2025-01-29 16:00:00+00:00,837.0,17.402,10.652,13.885334,15.518232,8.199194,11.770143,40030.0,36120.355,0.70000005,0.70000005,6.0,13.752047,36.0,53.333275,14.71,2.7207508,420.03928,383.15854,1141165.1,703516.8,144.3,144.3,519.0,291.76996,54.55699,29
2025-01-30 16:00:00+00:00,837.0,17.502,13.752,15.291584,17.227556,11.966398,14.590074,40090.3,14974.984,32.800003,32.800003,24.0,12.768586,33.48,43.559875,5.3,1.1993538,435.33087,397.74863,1181255.4,718491.8,177.1,177.1,543.0,297.06995,55.756344,30
2025-01-31 16:00:00+00:00,837.0,21.152,15.702,17.964499,22.672625,15.988247,18.962822,40151.797,25316.553,21.300003,21.300003,24.0,10.739832,29.519999,62.108646,9.66,1.7781385,453.29538,416.71146,1221407.1,743808.4,198.40001,198.40001,567.0,306.72995,57.53448,31
2025-02-01 16:00:00+00:00,837.0,20.402,15.902,17.668669,21.946318,16.496534,18.595877,40214.4,30533.895,5.8999996,5.8999996,21.0,9.178235,37.079998,59.271236,12.52,2.1975362,470.96405,435.30734,1261621.5,774342.25,204.3,204.3,588.0,319.24994,59.732018,32
2025-02-02 16:00:00+00:00,837.0,18.552,12.802,15.677002,18.59726,11.094057,15.425406,40278.03,33864.555,13.400001,13.400001,24.0,15.631007,33.839996,50.86386,12.48,2.0961826,486.64105,450.73276,1301899.5,808206.8,217.7,217.7,612.0,331.72995,61.8282,33
2025-02-03 16:00:00+00:00,837.0,14.002,11.752,12.741585,11.889811,9.140797,10.5449915,40342.613,11110.492,7.1999993,7.1999993,23.0,16.204998,40.32,51.349514,5.38,1.2720448,499.38263,461.27774,1342242.1,819317.3,224.9,224.9,635.0,337.10995,63.100246,34
2025-02-04 16:00:00+00:00,837.0,14.602,10.552,12.539501,12.738615,7.895691,10.381721,40408.07,18787.541,3.1000004,3.1000004,22.0,15.146761,35.64,59.664806,8.63,1.705747,511.92212,471.65945,1382650.2,838104.9,228.0,228.0,657.0,345.73996,64.80599,35
2025-02-05 16:00:00+00:00,837.0,18.152,12.802,14.854083,17.757908,11.304073,14.092996,40474.33,24595.713,3.5000005,3.5000005,24.0,9.446141,25.919998,72.96599,9.66,1.7987003,526.7762,485.75244,1423124.6,862700.56,231.5,231.5,681.0,355.39996,66.60469,36
2025-02-06 16:00:00+00:00,837.0,19.402,12.902,15.606167,18.802992,10.716467,14.619041,40541.305,29115.684,4.2000003,4.2000003,17.0,18.372349,41.039997,47.41542,13.96,2.4711854,542.3823,500.3715,1463665.9,891816.25,235.7,235.7,698.0,369.35995,69.075874,37
2025-02-07 16:00:00+00:00,837.0,14.202,11.052,12.535333,11.392542,7.882389,9.680569,40608.938,10814.092,7.4,7.4,24.0,18.59845,41.399998,51.20984,7.12,1.6302396,554.91766,510.05206,1504274.8,902630.3,243.09999,243.09999,722.0,376.47995,70.706116,38
2025-02-08 16:00:00+00:00,837.0,14.002,10.552,12.001999,11.473292,7.8906784,9.348831,40677.14,20776.078,4.8999996,4.8999996,22.0,16.08761,41.399998,51.942894,8.91,1.7565864,566.9197,519.4009,1544951.9,923406.4,247.99998,247.99998,744.0,385.38995,72.4627,39
2025-02-09 16:00:00+00:00,837.0,17.252,10.152,13.42075,15.802048,7.6641655,11.560782,40745.848,36000.0,1.3000002,1.3000002,11.0,15.053425,37.44,54.528873,14.27,2.4303417,580.34045,530.9617,1585697.8,959406.4,249.29999,249.29999,755.0,399.65994,74.89304,40
2025-02-10 16:00:00+00:00,837.0,19.802,12.552,16.191584,19.72684,11.009423,15.6127205,40814.992,30800.535,6.1000004,6.1000004,21.0,12.768586,34.92,59.02114,11.35,2.1055462,596.53204,546.5744,1626512.8,990206.94,255.4,255.4,776.0,411.00995,76.99859,41
2025-02-11 16:00:00+00:00,837.0,18.752,16.452,17.541586,20.4339,17.1447,18.930843,40884.5,0.0,43.199997,43.199997,24.0,8.431228,24.48,78.32007,2.49,0.61759347,614.0736,565.50525,1667397.2,990206.94,298.59998,298.59998,800.0,413.49994,77.61618,42
2025-02-12 16:00:00+00:00,837.0,18.152,15.902,17.231167,18.785776,15.321447,17.276783,40954.31,0.0,59.499992,59.499992,24.0,17.441433,44.28,47.962124,3.38,0.74105555,631.30475,582.78204,1708351.5,990206.94,358.09998,358.09998,824.0,416.87994,78.35724,43
2025-02-13 16:00:00+00:00,837.0,18.852,15.402,16.80825,19.134224,14.733713,16.631645,41024.34,12121.643,7.5999985,7.5999985,24.0,14.896563,34.92,45.63509,6.86,1.3488154,648.113,599.4137,1749375.9,1002328.56,365.69998,365.69998,848.0,423.73993,79.706055,44
2025-02-14 16:00:00+00:00,837.0,21.452,15.852,18.266586,23.242552,15.937025,19.294483,41094.535,36305.55,1.1000001,1.1000001,9.0,11.35285,26.28,43.421795,15.03,2.6393592,666.3796,618.7082,1790470.4,1038634.1,366.8,366.8,857.0,438.76993,82.34541,45
2025-02-15 16:00:00+00:00,837.0,22.252,14.852,18.14575,24.302341,15.040775,19.042799,41164.836,36828.547,2.5000002,2.5000002,19.0,12.730468,29.519999,52.099854,17.99,3.1181831,684.5253,637.751,1831635.2,1075462.6,369.3,369.3,876.0,456.75992,85.46359,46
2025-02-16 16:00:00+00:00,837.0,17.482,11.231999,14.250751,18.292261,10.382616,13.747898,41235.773,36035.676,0.0,0.0,0.0,12.261158,50.399998,90.616974,15.83,2.3906717,698.77606,651.4989,1872871.0,1111498.2,369.3,369.3,876.0,472.5899,87.85426,47
2025-02-17 16:00:00+00:00,837.0,17.732,10.332,13.65075,17.97984,9.555536,13.131967,41307.586,28869.65,0.0,0.0,0.0,9.746631,39.96,84.92642,13.01,2.165898,712.4268,664.63086,1914178.6,1140367.9,369.3,369.3,876.0,485.5999,90.020164,48
2025-02-18 16:00:00+00:00,837.0,16.132,12.282,13.773667,16.233147,11.172069,13.141036,41380.22,26854.637,0.0,0.0,0.0,10.805999,40.68,89.33932,9.91,1.5996771,726.2005,677.7719,1955558.9,1167222.5,369.3,369.3,876.0,495.50992,91.61984,49
2025-02-19 16:00:00+00:00,837.0,16.982,13.481999,14.929917,17.729513,13.179239,15.134457,41453.586,28167.312,0.1,0.0,1.0,10.446206,31.319998,97.20904,9.3,1.5840235,741.13043,692.9064,1997012.5,1195389.8,369.4,369.3,877.0,504.8099,93.203865,50
2025-02-20 16:00:00+00:00,837.0,17.782001,13.282,14.854919,17.482302,12.174423,14.905637,41527.63,17673.627,0.0,0.0,0.0,12.979984,36.0,88.83087,7.25,1.25586,755.98535,707.812,2038540.1,1213063.4,369.4,369.3,877.0,512.05994,94.459724,51
2025-02-21 16:00:00+00:00,837.0,17.982,12.481999,14.748668,17.589827,10.872356,13.902219,41602.285,31472.43,0.0,0.0,0.0,14.404499,42.839996,88.602875,13.74,2.2277565,770.734,721.71423,2080142.4,1244535.8,369.4,369.3,877.0,525.7999,96.687485,52
2025-02-22 16:00:00+00:00,837.0,19.432001,12.981999,15.106999,20.782293,11.887623,15.291065,41677.477,28207.729,0.0,0.0,0.0,9.726665,38.519997,93.01273,12.57,2.2041028,785.841,737.0053,2121819.8,1272743.5,369.4,369.3,877.0,538.36993,98.89159,53
2025-02-23 16:00:00+00:00,837.0,14.282,10.481999,12.309082,12.4928055,8.017003,10.4758005,41753.15,34876.316,0.0,0.0,0.0,14.77755,43.56,91.16212,12.34,1.8232353,798.1501,747.48114,2163573.0,1307619.9,369.4,369.3,877.0,550.70996,100.71482,54
2025-02-24 16:00:00+00:00,837.0,15.582,9.832,12.6153345,15.610041,7.88624,11.746953,41829.23,25193.543,0.1,0.0,1.0,14.05845,45.36,88.41989,12.11,1.9430697,810.76544,759.2281,2205402.2,1332813.4,369.5,369.3,878.0,562.81995,102.65789,55
2025-02-25 16:00:00+00:00,837.0,15.632,11.532,13.715336,15.268112,10.878966,13.28695,41905.668,22390.572,0.0,0.0,0.0,10.805999,33.839996,89.08905,8.39,1.3432893,824.4808,772.515,2247308.0,1355204.0,369.5,369.3,878.0,571.20996,104.00118,56
2025-02-26 16:00:00+00:00,837.0,18.832,14.032,15.782001,19.147387,13.865196,16.397158,41982.383,15850.354,0.0,0.0,0.0,10.086427,32.399998,96.458694,6.57,1.2701864,840.26276,788.9122,2289290.5,1371054.4,369.5,369.3,878.0,577.77997,105.27137,57
2025-02-27 16:00:00+00:00,837.0,20.432001,15.082,17.252832,21.794476,15.084246,17.77676,42059.33,39184.133,0.0,0.0,0.0,11.542478,32.039997,91.773544,13.99,2.414458,857.51556,806.6889,2331349.8,1410238.5,369.5,369.3,878.0,591.76996,107.68583,58
2025-02-28 16:00:00+00:00,837.0,19.832,15.832,17.390335,20.770472,15.853199,17.80647,42136.434,35127.18,0.0,0.0,0.0,12.979984,36.719997,92.5602,10.16,1.7307528,874.9059,824.49536,2373486.2,1445365.6,369.5,369.3,878.0,601.92993,109.41658,59
2025-03-01 16:00:00+00:00,837.0,24.226501,16.032,19.032732,26.918247,16.668478,20.223692,42213.637,38980.684,0.0,0.0,0.0,11.542478,36.0,103.10466,22.85,4.037999,893.9386,844.71906,2415700.0,1484346.2,369.5,369.3,878.0,624.7799,113.45458,60
2025-03-02 16:00:00+00:00,837.0,23.3265,16.376501,18.799416,25.71975,17.318943,20.138037,42290.887,37787.926,0.0,0.0,0.0,9.693296,9.0,99.77799,16.81,3.039803,912.73804,864.8571,2457991.0,1522134.1,369.5,369.3,878.0,641.5899,116.494385,61
2025-03-03 16:00:00+00:00,837.0,24.976501,15.3765,19.868166,27.507828,16.023552,21.111998,42368.12,39739.082,0.3,0.0,3.0,7.628263,12.24,121.805244,23.31,4.230298,932.6062,885.9691,2500359.0,1561873.2,369.8,369.3,881.0,664.8999,120.724686,62
2025-03-04 16:00:00+00:00,837.0,24.9265,16.0765,20.014,29.040962,16.595335,21.580956,42445.277,39818.8,2.9999998,0.0,15.0,12.074766,17.28,337.24875,22.35,4.1102314,952.6202,907.55005,2542804.2,1601692.0,372.8,369.3,896.0,687.2499,124.834915,63
2025-03-05 16:00:00+00:00,837.0,15.5265,8.5765,12.597332,15.879595,6.377598,11.7753105,42522.293,17644.975,1.8000003,0.0,15.0,12.371645,21.96,80.35122,6.09,0.9261192,965.2175,919.3254,2585326.5,1619337.0,374.59998,369.3,911.0,693.3399,125.76103,64
2025-03-06 16:00:00+00:00,837.0,14.2765,8.2765,10.7015,13.385195,6.221134,9.304918,42599.117,35298.668,0.0,0.0,0.0,11.367109,17.28,80.16921,14.2,1.9951068,975.919,928.6303,2627925.5,1654635.6,374.59998,369.3,911.0,707.5399,127.75614,65
2025-03-07 16:00:00+00:00,837.0,14.676499,9.8265,11.718167,14.105064,8.853415,10.809743,42675.695,27323.926,0.3,0.3,3.0,9.0,12.959999,76.15201,11.8,1.8005902,987.63715,939.44006,2670601.2,1681959.5,374.89996,369.59998,914.0,719.3399,129.55673,66
2025-03-08 16:00:00+00:00,837.0,16.2765,11.1265,13.399418,17.403519,10.517882,13.373414,42752.52,25812.559,1.5000001,1.5000001,6.0,8.654986,14.4,88.06217,12.45,1.9906405,1001.03656,952.8135,2713353.8,1707772.0,376.39996,371.09998,920.0,731.7899,131.54738,67
2025-03-09 16:00:00+00:00,837.0,19.2765,10.2265,,21.13977,9.045743,,42829.83,,,,0.0,10.685391,12.959999,,,,,,2756183.5,,,,920.0,,,68
