date,elevation,temperature_2m_max,temperature_2m_min,temperature_2m_mean,apparent_temperature_max,apparent_temperature_min,apparent_temperature_mean,daylight_duration,sunshine_duration,precipitation_sum,rain_sum,precipitation_hours,wind_speed_10m_max,wind_gusts_10m_max,wind_direction_10m_dominant,shortwave_radiation_sum,et0_fao_evapotranspiration,cumulative_temperature_2m_mean,cumulative_apparent_temperature_mean,cumulative_daylight_duration,cumulative_sunshine_duration,cumulative_precipitation_sum,cumulative_rain_sum,cumulative_precipitation_hours,cumulative_shortwave_radiation_sum,cumulative_et0_fao_evapotranspiration,day
2025-01-01 16:00:00+00:00,224.0,18.331999,16.081999,17.392416,18.47776,17.162395,17.998854,38652.91,1321.1865,8.400001,8.400001,24.0,14.133152,30.239998,30.38029,2.75,0.648097,17.392416,17.998854,38652.91,1321.1865,8.400001,8.400001,24.0,2.75,0.648097,1
2025-01-02 16:00:00+00:00,224.0,17.932,14.682,16.173666,17.785954,12.546886,15.144603,38675.68,166.61476,12.200001,12.200001,24.0,20.473368,46.079998,30.470474,2.51,0.76980144,33.566082,33.143456,77328.59,1487.8013,20.600002,20.600002,48.0,5.26,1.4178984,2
2025-01-03 16:00:00+00:00,224.0,17.632,14.382,15.636166,16.192444,12.24766,14.127131,38700.12,35811.72,3.4999998,3.4999998,16.0,18.204042,42.839996,31.487408,11.78,2.1190832,49.202248,47.270588,116028.72,37299.52,24.100002,24.100002,64.0,17.04,3.5369816,3
2025-01-04 16:00:00+00:00,224.0,19.632,14.082,16.798666,20.599255,14.491734,17.58106,38726.215,35840.43,2.7999995,2.7999995,18.0,6.66,19.44,32.324337,10.27,1.7892724,66.000916,64.85165,154754.94,73139.95,26.900002,26.900002,82.0,27.310001,5.326254,4
2025-01-05 16:00:00+00:00,224.0,16.632,13.882,15.402832,16.225199,12.087536,14.698457,38753.938,31337.94,4.6,4.6,19.0,16.276815,38.16,38.63221,10.45,1.6529707,81.40375,79.5501,193508.88,104477.89,31.500002,31.500002,101.0,37.760002,6.9792247,5
2025-01-06 16:00:00+00:00,224.0,16.081999,12.682,14.232001,14.918005,11.615611,12.959369,38783.258,26610.049,5.2,5.2,23.0,14.77755,30.599998,44.570526,8.83,1.5686363,95.63575,92.50947,232292.12,131087.94,36.7,36.7,124.0,46.590004,8.547861,6
2025-01-07 16:00:00+00:00,224.0,17.132,12.482,14.586167,17.643135,11.827494,14.645345,38814.484,35903.273,8.0,8.0,24.0,8.827343,24.84,34.84783,12.7,1.8401268,110.22192,107.154816,271106.62,166991.22,44.7,44.7,148.0,59.290005,10.387988,7
2025-01-08 16:00:00+00:00,224.0,15.682,12.282001,14.307002,14.620926,10.322291,13.045292,38847.727,26062.398,8.1,8.1,23.0,19.119015,43.92,31.21834,9.37,1.2920473,124.528915,120.2001,309954.34,193053.62,52.800003,52.800003,171.0,68.66,11.680036,8
2025-01-09 16:00:00+00:00,224.0,13.332,11.932,12.471585,10.766334,9.122004,9.99084,38882.91,3091.511,11.199999,11.199999,24.0,19.373219,43.199997,34.80576,3.93,0.9103144,137.0005,130.19095,348837.25,196145.14,64.0,64.0,195.0,72.590004,12.59035,9
2025-01-10 16:00:00+00:00,224.0,13.882,11.182,12.17575,12.680574,9.131687,10.496725,38919.953,6936.6772,12.0,12.0,23.0,16.434305,35.64,37.57472,4.9,0.8611417,149.17625,140.68767,387757.2,203081.81,76.0,76.0,218.0,77.490005,13.451492,10
2025-01-11 16:00:00+00:00,224.0,14.032001,11.382,12.502834,12.193857,9.393259,10.726974,38958.797,31301.957,6.799999,6.799999,24.0,16.940096,39.96,37.32297,9.98,1.4233137,161.6791,151.41464,426716.0,234383.77,82.8,82.8,242.0,87.47,14.874806,11
2025-01-12 16:00:00+00:00,224.0,15.782001,11.932,13.413251,13.9726925,9.812398,11.678849,38999.36,33448.293,1.9000002,1.9000002,12.0,13.479583,32.760002,41.73993,13.37,2.1286228,175.09235,163.09349,465715.38,267832.06,84.700005,84.700005,254.0,100.840004,17.00343,12
2025-01-13 16:00:00+00:00,224.0,19.032,11.932,15.521581,19.764246,10.77937,15.441811,39041.57,35889.5,0.7,0.7,6.0,7.040739,21.24,29.024277,15.21,2.4539716,190.61392,178.53531,504756.94,303721.56,85.4,85.4,260.0,116.05,19.457401,13
2025-01-14 16:00:00+00:00,224.0,16.231998,13.082,15.177834,17.03643,10.696607,14.733147,39085.355,0.0,20.3,20.3,24.0,20.129442,45.719997,31.886974,1.86,0.4769281,205.79175,193.26846,543842.3,303721.56,105.7,105.7,284.0,117.91,19.93433,14
2025-01-15 16:00:00+00:00,224.0,14.182,11.482,12.906999,12.295357,9.940628,10.90368,39130.645,16044.887,7.5,7.5,24.0,16.87398,37.44,42.242905,7.14,1.3333242,218.69875,204.17215,582972.94,319766.44,113.2,113.2,308.0,125.05,21.267654,15
2025-01-16 16:00:00+00:00,224.0,14.282001,11.532001,12.998668,12.420462,10.187874,11.184308,39177.363,31230.152,4.2000003,4.2000003,20.0,14.387619,35.28,39.321114,9.89,1.6034133,231.69742,215.35646,622150.3,350996.6,117.399994,117.399994,328.0,134.94,22.871067,16
2025-01-17 16:00:00+00:00,224.0,16.081999,12.332,14.259084,15.8114605,10.407101,13.514689,39225.44,24399.666,3.9000003,3.9000003,15.0,12.503199,28.8,36.2423,7.75,1.4454212,245.9565,228.87115,661375.75,375396.25,121.299995,121.299995,343.0,142.69,24.316488,17
2025-01-18 16:00:00+00:00,224.0,18.081999,14.332,15.563251,19.757809,14.58527,16.315128,39274.812,35914.793,14.499999,14.499999,18.0,11.032987,23.039999,53.736774,11.05,1.6144828,261.51974,245.18628,700650.56,411311.03,135.79999,135.79999,361.0,153.74,25.930971,18
2025-01-19 16:00:00+00:00,224.0,17.581999,14.432,15.438251,17.762817,13.241728,14.654022,39325.402,35644.18,7.1000004,7.1000004,18.0,12.96125,28.8,40.920635,14.52,2.346708,276.958,259.8403,739975.94,446955.22,142.9,142.9,379.0,168.26001,28.27768,19
2025-01-20 16:00:00+00:00,224.0,16.932,14.332,15.504917,16.126564,13.39282,14.585065,39377.14,35934.395,3.699999,3.699999,18.0,12.992459,36.36,36.737663,12.45,2.0781546,292.46292,274.42535,779353.06,482889.62,146.59999,146.59999,397.0,180.71,30.355835,20
2025-01-21 16:00:00+00:00,224.0,17.682,14.882,16.065332,18.757874,14.484997,16.42071,39429.97,17328.672,2.0000002,2.0000002,13.0,8.383054,21.96,23.670557,5.94,1.2033193,308.52826,290.84607,818783.0,500218.3,148.59999,148.59999,410.0,186.65001,31.559155,21
2025-01-22 16:00:00+00:00,224.0,20.731998,14.832,17.625751,21.729673,15.576941,18.731462,39483.812,35959.492,18.1,18.1,13.0,12.710091,29.16,170.89749,13.8,2.1734822,326.15402,309.57755,858266.8,536177.8,166.7,166.7,423.0,200.45001,33.732635,22
2025-01-23 16:00:00+00:00,224.0,19.532,16.231998,17.502834,20.383041,16.980028,18.066854,39538.605,32250.426,7.2999997,7.2999997,18.0,10.564941,27.0,40.67244,11.62,1.9286783,343.65686,327.6444,897805.44,568428.25,174.0,174.0,441.0,212.07,35.661312,23
2025-01-24 16:00:00+00:00,224.0,18.782,15.732,16.729916,19.417389,15.838362,16.99191,39594.273,34414.44,10.1,10.1,22.0,13.437455,34.92,33.612633,13.27,1.970285,360.38678,344.63632,937399.7,602842.7,184.1,184.1,463.0,225.34001,37.631596,24
2025-01-25 16:00:00+00:00,224.0,16.731998,14.332,15.506999,16.518358,13.479872,15.312993,39650.766,30852.074,15.800001,15.800001,24.0,15.013554,28.44,34.28135,9.69,1.40084,375.89377,359.9493,977050.44,633694.75,199.90001,199.90001,487.0,235.03001,39.032436,25
2025-01-26 16:00:00+00:00,224.0,14.082,10.932,12.446586,13.123053,8.278098,10.495101,39708.023,3600.0,24.600002,24.600002,24.0,18.183563,39.6,39.687145,3.62,0.6538765,388.34036,370.4444,1016758.44,637294.75,224.50002,224.50002,511.0,238.65001,39.686314,26
2025-01-27 16:00:00+00:00,224.0,13.532001,10.982,11.977834,11.582573,8.116056,9.517096,39766.555,19845.31,4.1,4.1,22.0,17.077248,37.079998,42.952385,7.47,1.4268568,400.3182,379.9615,1056525.0,657140.06,228.60002,228.60002,533.0,246.12001,41.11317,27
2025-01-28 16:00:00+00:00,224.0,13.132,11.332,12.084084,11.460168,8.923414,9.974429,39826.58,8114.2134,6.7000003,6.7000003,24.0,14.681866,34.2,45.118004,6.89,1.2924674,412.40228,389.9359,1096351.6,665254.25,235.30002,235.30002,557.0,253.01001,42.40564,28
2025-01-29 16:00:00+00:00,224.0,16.682,12.182,14.390332,15.832506,10.474974,13.24056,39888.01,36061.145,3.7,3.7,19.0,10.441551,26.28,39.227406,13.59,2.2212307,426.7926,403.17648,1136239.6,701315.4,239.00002,239.00002,576.0,266.6,44.62687,29
2025-01-30 16:00:00+00:00,224.0,18.282,13.882,16.082003,20.580965,13.464594,16.75135,39950.77,13400.529,15.799999,15.799999,24.0,8.885877,21.599998,11.784143,4.79,0.95043576,442.8746,419.92783,1176190.4,714715.9,254.80002,254.80002,600.0,271.39,45.577305,30
2025-01-31 16:00:00+00:00,224.0,20.081999,15.982,17.946583,22.031961,17.581367,19.765867,40014.766,21754.139,18.400002,18.400002,23.0,8.0599,20.519999,55.79113,8.0,1.4020994,460.8212,439.6937,1216205.1,736470.0,273.2,273.2,623.0,279.39,46.979404,31
2025-02-01 16:00:00+00:00,224.0,18.581999,15.532001,16.919502,19.246845,15.821909,17.438437,40079.914,32223.725,17.0,17.0,24.0,12.320471,32.760002,48.106594,11.72,1.7886164,477.7407,457.13214,1256285.0,768693.75,290.2,290.2,647.0,291.11002,48.76802,32
2025-02-02 16:00:00+00:00,224.0,16.182,12.432,14.773667,16.179008,10.395896,14.214671,40146.133,27096.2,19.399998,19.399998,24.0,18.000898,40.32,42.230885,9.22,1.2332793,492.51437,471.3468,1296431.1,795789.94,309.6,309.6,671.0,300.33002,50.0013,33
2025-02-03 16:00:00+00:00,224.0,13.382,10.682,12.048665,11.373175,8.07217,9.737079,40213.34,8361.045,8.6,8.6,24.0,18.472595,41.399998,38.858658,5.28,1.0336026,504.56305,481.0839,1336644.5,804151.0,318.2,318.2,695.0,305.61002,51.034904,34
2025-02-04 16:00:00+00:00,224.0,14.132,11.132,12.5111685,12.6516,8.763936,11.023347,40281.453,22408.64,9.599999,9.599999,24.0,13.33094,29.519999,54.264435,8.8,1.4816895,517.0742,492.10724,1376926.0,826559.6,327.80002,327.80002,719.0,314.41,52.516594,35
2025-02-05 16:00:00+00:00,224.0,16.231998,12.432,14.5195,16.923502,12.471128,15.021449,40350.4,29960.705,9.800001,9.800001,24.0,8.131936,19.08,71.56497,9.62,1.4501153,531.5937,507.1287,1417276.4,856520.3,337.6,337.6,743.0,324.03,53.96671,36
2025-02-06 16:00:00+00:00,224.0,16.632,12.032001,14.888249,16.34539,9.388151,13.823581,40420.09,32284.152,6.3999996,6.3999996,21.0,20.81239,46.8,33.868137,13.14,1.8563492,546.48193,520.9523,1457696.5,888804.44,344.0,344.0,764.0,337.17,55.82306,37
2025-02-07 16:00:00+00:00,224.0,11.932,10.032001,11.096584,9.257965,7.09128,8.119148,40490.46,6778.0854,8.0,8.0,24.0,19.986485,45.719997,39.670013,6.73,1.1634464,557.5785,529.0714,1498187.0,895582.5,352.0,352.0,788.0,343.90002,56.986504,38
2025-02-08 16:00:00+00:00,224.0,12.832,10.032001,11.502833,10.713393,7.8154526,9.26082,40561.426,10640.657,8.6,8.6,24.0,15.914484,36.0,42.12275,7.63,1.1905466,569.0813,538.3322,1538748.4,906223.2,360.6,360.6,812.0,351.53003,58.17705,39
2025-02-09 16:00:00+00:00,224.0,15.982,11.782001,13.863251,15.265938,9.639007,12.655999,40632.914,36000.0,3.4999998,3.4999998,21.0,13.151091,28.44,43.77829,14.2,2.1782167,582.9446,550.9882,1579381.2,942223.2,364.1,364.1,833.0,365.73004,60.355267,40
2025-02-10 16:00:00+00:00,224.0,18.481998,13.732,16.329916,19.822006,13.019705,16.766329,40704.855,34076.363,4.5,4.5,23.0,7.7588143,21.24,32.929424,11.08,1.8596609,599.2745,567.7546,1620086.1,976299.56,368.6,368.6,856.0,376.81003,62.214928,41
2025-02-11 16:00:00+00:00,224.0,18.932,16.481998,18.129917,21.57582,18.123178,20.367056,40777.17,0.0,29.999996,29.999996,24.0,4.846648,13.679999,158.03409,2.21,0.5336246,617.4044,588.12164,1660863.2,976299.56,398.6,398.6,880.0,379.02002,62.74855,42
2025-02-12 16:00:00+00:00,224.0,18.081999,14.382,15.873666,19.962458,13.160654,15.390084,40849.79,0.0,50.899998,50.899998,24.0,20.436144,46.44,34.566143,3.02,0.56406707,633.2781,603.5117,1701713.0,976299.56,449.5,449.5,904.0,382.04,63.31262,43
2025-02-13 16:00:00+00:00,224.0,17.682,15.182,16.502834,18.468935,14.310101,16.51586,40922.652,9033.966,5.6999993,5.6999993,22.0,13.049689,30.239998,32.132534,6.12,1.1623749,649.7809,620.0276,1742635.6,985333.5,455.2,455.2,926.0,388.16,64.47499,44
2025-02-14 16:00:00+00:00,224.0,21.331999,17.032,19.140333,23.771923,17.557419,20.768362,40995.676,34326.992,0.70000005,0.70000005,7.0,9.485504,22.68,29.339478,15.25,2.5170388,668.9212,640.79596,1783631.2,1019660.5,455.90002,455.90002,933.0,403.41,66.99203,45
2025-02-15 16:00:00+00:00,224.0,20.831999,16.282,18.584084,22.019035,16.305044,19.660635,41068.81,36601.94,4.2999997,4.2999997,12.0,13.529966,29.519999,36.16965,15.38,2.396989,687.5053,660.4566,1824700.0,1056262.5,460.2,460.2,945.0,418.79,69.389015,46
2025-02-16 16:00:00+00:00,224.0,19.4155,15.3155,16.911333,18.466711,13.277626,15.366807,41148.453,29387.9,0.0,0.0,0.0,19.67195,39.239998,24.935808,15.61,3.1141198,704.4166,675.8234,1865848.5,1085650.4,460.2,460.2,945.0,434.4,72.503136,47
2025-02-17 16:00:00+00:00,224.0,17.9655,15.4655,16.405083,17.527678,14.318653,15.81002,41222.98,3329.692,0.1,0.0,1.0,13.797912,27.359999,14.138523,3.95,1.127492,720.8217,691.6334,1907071.5,1088980.1,460.30002,460.2,946.0,438.35,73.63063,48
2025-02-18 16:00:00+00:00,224.0,17.8155,15.2155,16.211334,17.629139,14.60405,16.191566,41298.344,8672.899,0.0,0.0,0.0,11.525623,24.48,11.845342,4.96,1.1025003,737.0331,707.825,1948369.9,1097653.0,460.30002,460.2,946.0,443.31,74.73313,49
2025-02-19 16:00:00+00:00,224.0,19.3655,16.2155,17.523832,20.669487,17.256987,18.8993,41374.473,11039.517,0.0,0.0,0.0,6.618519,14.759999,234.46225,6.03,1.185735,754.5569,726.7243,1989744.4,1108692.5,460.30002,460.2,946.0,449.34,75.91887,50
2025-02-20 16:00:00+00:00,224.0,17.7155,15.9655,16.861334,18.928383,14.914827,16.89966,41451.31,0.0,0.3,0.0,2.0,14.658676,28.8,13.215546,1.32,0.6487667,771.4182,743.62396,2031195.6,1108692.5,460.6,460.2,948.0,450.66,76.567635,51
2025-02-21 16:00:00+00:00,224.0,19.4155,15.3155,17.055082,19.042925,14.250637,16.827799,41528.77,15589.711,0.0,0.0,0.0,13.104198,26.64,2.9309344,7.57,1.616538,788.47327,760.4518,2072724.4,1124282.2,460.6,460.2,948.0,458.23,78.18417,52
2025-02-22 16:00:00+00:00,224.0,17.9155,15.7155,16.74675,17.730207,14.117294,16.249443,41606.793,4242.4707,0.0,0.0,0.0,15.844089,32.039997,17.61595,4.46,1.1956712,805.22003,776.70123,2114331.2,1128524.8,460.6,460.2,948.0,462.69,79.379845,53
2025-02-23 16:00:00+00:00,224.0,15.4655,13.1155,14.142583,13.835026,11.623044,12.263366,41685.305,0.0,0.0,0.0,0.0,17.533146,36.36,11.988735,1.84,1.0185028,819.3626,788.9646,2156016.5,1128524.8,460.6,460.2,948.0,464.53,80.398346,54
2025-02-24 16:00:00+00:00,224.0,17.9655,12.915501,15.350917,18.325537,11.37371,15.045896,41764.246,26181.531,0.0,0.0,0.0,10.182337,19.44,356.42374,10.54,1.8949586,834.7135,804.0105,2197780.8,1154706.2,460.6,460.2,948.0,475.07,82.293304,55
2025-02-25 16:00:00+00:00,224.0,20.0655,14.8655,17.1655,20.901413,14.995218,17.902517,41843.55,29600.803,0.0,0.0,0.0,7.5942073,16.199999,358.29022,11.6,2.0350673,851.879,821.913,2239624.2,1184307.0,460.6,460.2,948.0,486.67,84.32837,56
2025-02-26 16:00:00+00:00,224.0,20.9155,16.3155,18.53217,22.105633,16.511847,19.615852,41923.145,14786.279,0.0,0.0,0.0,8.905908,17.28,241.0543,7.61,1.523314,870.4112,841.5289,2281547.5,1199093.2,460.6,460.2,948.0,494.28,85.851685,57
2025-02-27 16:00:00+00:00,224.0,23.4655,17.1155,20.257166,25.482088,18.31119,22.274633,42002.973,34567.215,0.0,0.0,0.0,9.449572,19.8,169.38045,14.5,2.6614225,890.66833,863.8035,2323550.5,1233660.5,460.6,460.2,948.0,508.78,88.51311,58
2025-02-28 16:00:00+00:00,224.0,22.3155,18.5655,20.400917,24.640816,20.944931,22.960814,42082.97,25862.828,0.0,0.0,0.0,8.14587,18.72,180.0,10.3,1.8882099,911.0693,886.76434,2365633.5,1259523.4,460.6,460.2,948.0,519.08,90.40131,59
2025-03-01 16:00:00+00:00,224.0,25.4405,19.3655,21.941542,28.11036,21.426136,24.206472,42163.066,34554.49,0.0,0.0,0.0,13.104198,11.159999,179.06079,20.67,3.7362013,933.0108,910.9708,2407796.5,1294077.9,460.6,460.2,948.0,539.75,94.13751,60
2025-03-02 16:00:00+00:00,224.0,25.290499,19.4905,22.348833,28.305405,21.380497,24.653772,42243.207,39600.45,0.0,0.0,0.0,12.538134,11.879999,186.04045,21.14,3.8263035,955.3596,935.6246,2450039.8,1333678.4,460.6,460.2,948.0,560.89,97.96381,61
2025-03-03 16:00:00+00:00,224.0,25.4905,19.4405,22.421751,28.652016,20.480505,24.382303,42323.33,39683.137,0.0,0.0,0.0,13.854155,18.72,194.09726,22.7,4.1234713,977.7814,960.0069,2492363.0,1373361.5,460.6,460.2,948.0,583.59,102.08729,62
2025-03-04 16:00:00+00:00,224.0,24.3905,16.8905,20.623833,27.561192,16.35947,21.580023,42403.37,34858.133,0.3,0.0,3.0,20.431387,36.36,16.239721,17.08,3.0993743,998.4052,981.5869,2534766.2,1408219.6,460.9,460.2,951.0,600.67004,105.18666,63
2025-03-05 16:00:00+00:00,224.0,16.7405,11.590501,14.507169,16.21788,8.990295,12.30669,42483.27,399.98337,1.5000001,1.5000001,9.0,24.717085,39.96,7.6635175,2.55,0.8391601,1012.91235,993.8936,2577249.5,1408619.6,462.4,461.7,960.0,603.22003,106.02582,64
2025-03-06 16:00:00+00:00,224.0,14.7405,11.090501,12.800918,12.812862,8.6441145,10.723981,42562.96,39527.125,0.0,0.0,0.0,15.827721,35.64,348.22632,12.06,1.9661052,1025.7133,1004.6176,2619812.5,1448146.8,462.4,461.7,960.0,615.28,107.99192,65
2025-03-07 16:00:00+00:00,224.0,16.9905,12.4905,14.205083,15.09631,10.799412,12.574828,42642.402,28935.61,0.3,0.3,3.0,16.434305,24.48,353.7077,9.55,1.8219833,1039.9183,1017.19244,2662455.0,1477082.4,462.69998,462.0,963.0,624.83,109.8139,66
2025-03-08 16:00:00+00:00,224.0,18.290499,12.540501,14.738418,18.306694,11.521163,13.724754,42722.098,40092.47,0.3,0.3,3.0,17.418196,23.4,1.073656,16.94,2.4974465,1054.6567,1030.9172,2705177.0,1517174.9,462.99997,462.3,966.0,641.77,112.31135,67
2025-03-09 16:00:00+00:00,224.0,20.1905,12.6405,,21.473658,11.309194,,42802.297,,,,0.0,11.183201,14.759999,,,,,,2747979.2,,,,966.0,,,68
