date,elevation,temperature_2m_max,temperature_2m_min,temperature_2m_mean,apparent_temperature_max,apparent_temperature_min,apparent_temperature_mean,daylight_duration,sunshine_duration,precipitation_sum,rain_sum,precipitation_hours,wind_speed_10m_max,wind_gusts_10m_max,wind_direction_10m_dominant,shortwave_radiation_sum,et0_fao_evapotranspiration,cumulative_temperature_2m_mean,cumulative_apparent_temperature_mean,cumulative_daylight_duration,cumulative_sunshine_duration,cumulative_precipitation_sum,cumulative_rain_sum,cumulative_precipitation_hours,cumulative_shortwave_radiation_sum,cumulative_et0_fao_evapotranspiration,day
2025-01-01 16:00:00+00:00,506.0,16.2125,14.7625,15.404163,15.934244,14.933575,15.421491,38411.074,0.0,21.6,21.6,24.0,13.441071,25.56,20.599607,1.77,0.4592718,15.404163,15.421491,38411.074,0.0,21.6,21.6,24.0,1.77,0.4592718,1
2025-01-02 16:00:00+00:00,506.0,15.0625,13.2625,14.304166,14.577709,11.0561905,12.450038,38434.992,0.0,5.6999984,5.6999984,22.0,19.879206,37.8,16.342257,3.38,1.0294427,29.708328,27.871529,76846.06,0.0,27.3,27.3,46.0,5.15,1.4887145,2
2025-01-03 16:00:00+00:00,506.0,15.6125,12.0125,13.468749,14.220276,10.36035,12.206029,38460.67,29126.584,3.5,3.5,17.0,14.021525,30.239998,70.06852,10.54,1.7790107,43.17708,40.077557,115306.734,29126.584,30.8,30.8,63.0,15.690001,3.267725,3
2025-01-04 16:00:00+00:00,506.0,17.2125,12.4625,15.072917,17.32956,11.893209,14.985725,38488.086,31212.223,7.2999997,7.2999997,23.0,9.965239,21.24,112.330605,9.78,1.6310736,58.249996,55.063282,153794.81,60338.805,38.1,38.1,86.0,25.470001,4.8987985,4
2025-01-05 16:00:00+00:00,506.0,15.5125,12.3125,13.927085,14.232372,9.752878,11.817597,38517.203,33894.348,0.6,0.6,3.0,19.080849,39.96,24.85994,12.21,2.0370882,72.17708,66.88088,192312.02,94233.16,38.699997,38.699997,89.0,37.68,6.9358864,5
2025-01-06 16:00:00+00:00,506.0,13.2125,10.4125,12.033333,11.062805,8.688069,9.6458235,38548.008,24421.5,3.9,3.9,12.0,16.925743,33.48,57.233982,8.14,1.5461942,84.21041,76.5267,230860.03,118654.66,42.6,42.6,101.0,45.82,8.48208,6
2025-01-07 16:00:00+00:00,506.0,14.4125,10.3625,12.287499,13.509422,8.89572,11.25829,38580.812,19934.156,23.699999,23.699999,24.0,14.20062,25.919998,54.16788,8.22,1.0898883,96.49791,87.784996,269440.84,138588.81,66.299995,66.299995,125.0,54.04,9.571969,7
2025-01-08 16:00:00+00:00,506.0,13.5125,9.9125,11.766666,11.083996,7.146181,9.45101,38615.73,14162.279,18.8,18.8,24.0,18.847641,36.0,26.67136,4.54,0.89995867,108.26457,97.23601,308056.56,152751.1,85.09999,85.09999,149.0,58.58,10.471928,8
2025-01-09 16:00:00+00:00,506.0,11.3625,9.7125,10.310416,7.9673862,6.2226562,6.8343368,38652.688,3874.2085,6.2,6.2,24.0,19.83025,38.16,19.713324,4.58,1.2030896,118.57499,104.07034,346709.25,156625.3,91.29999,91.29999,173.0,63.160004,11.675017,9
2025-01-10 16:00:00+00:00,506.0,10.5625,8.7125,9.747917,7.6998796,6.1615887,7.0617957,38691.598,0.0,14.999999,14.999999,24.0,16.923828,30.599998,27.747606,3.64,0.72988725,128.3229,111.13214,385400.84,156625.3,106.29999,106.29999,197.0,66.8,12.404904,10
2025-01-11 16:00:00+00:00,506.0,12.3625,9.6625,11.037499,9.202526,7.2981777,8.095268,38732.4,28216.04,3.4,3.4,8.0,17.726116,38.16,27.823326,9.04,1.7075809,139.36041,119.22741,424133.25,184841.34,109.69999,109.69999,205.0,75.840004,14.112485,11
2025-01-12 16:00:00+00:00,506.0,13.3625,10.2625,11.822917,10.799424,7.709736,9.356459,38775.004,35104.797,0.0,0.0,0.0,14.087228,30.239998,97.42613,10.39,1.897651,151.18333,128.58386,462908.25,219946.14,109.69999,109.69999,205.0,86.23,16.010136,12
2025-01-13 16:00:00+00:00,506.0,17.1125,11.6125,14.641666,16.39573,10.538696,13.789121,38819.336,35836.516,0.90000004,0.90000004,2.0,10.962281,24.84,129.36502,12.52,2.0729878,165.825,142.37299,501727.6,255782.66,110.59999,110.59999,207.0,98.75,18.083124,13
2025-01-14 16:00:00+00:00,506.0,14.4125,10.7625,13.083335,14.212698,7.2784967,11.347014,38865.316,29.57405,18.299995,18.299995,24.0,20.69687,39.239998,16.867102,2.64,0.81007767,178.90833,153.72,540592.94,255812.23,128.9,128.9,231.0,101.39,18.893202,14
2025-01-15 16:00:00+00:00,506.0,11.6125,10.3625,10.964583,8.664728,7.0338726,7.9347625,38912.883,4346.6997,1.4000001,1.4000001,11.0,18.286617,35.28,32.232784,5.82,1.3768362,189.87291,161.65477,579505.8,260158.94,130.29999,130.29999,242.0,107.21,20.270039,15
2025-01-16 16:00:00+00:00,506.0,12.0625,10.4625,11.122916,9.246419,7.862047,8.418249,38961.95,22367.332,1.4000002,1.4000002,13.0,15.561413,31.68,42.09365,7.62,1.4863356,200.99582,170.07301,618467.75,282526.28,131.69998,131.69998,255.0,114.83,21.756374,16
2025-01-17 16:00:00+00:00,506.0,15.1625,10.7625,12.772918,13.794336,8.643493,11.551679,39012.44,31767.848,1.8000002,1.8000002,10.0,12.015589,23.039999,87.68232,8.74,1.4836091,213.76874,181.6247,657480.2,314294.12,133.49998,133.49998,265.0,123.57,23.239983,17
2025-01-18 16:00:00+00:00,506.0,15.7625,12.5625,13.914582,14.9550705,12.229778,13.351159,39064.285,16033.589,17.700003,17.700003,19.0,14.98331,29.88,30.946772,5.81,0.9879009,227.68332,194.97586,696544.5,330327.72,151.19998,151.19998,284.0,129.38,24.227884,18
2025-01-19 16:00:00+00:00,506.0,15.5625,12.6125,13.739583,13.683138,10.66555,11.7403555,39117.41,35878.45,0.1,0.1,1.0,17.229301,33.839996,36.686398,11.87,2.1500192,241.4229,206.71622,735661.94,366206.16,151.29999,151.29999,285.0,141.25,26.377903,19
2025-01-20 16:00:00+00:00,506.0,15.0125,12.8625,13.881249,13.089085,11.139002,12.208547,39171.746,35064.37,0.0,0.0,0.0,13.170786,28.8,83.85197,11.08,1.9789814,255.30415,218.92476,774833.7,401270.53,151.29999,151.29999,285.0,152.33,28.356884,20
2025-01-21 16:00:00+00:00,506.0,16.1125,11.0625,14.014583,16.621916,10.207896,13.62666,39227.215,33015.723,9.4,9.4,22.0,11.43248,21.96,145.79803,10.08,1.5593523,269.31873,232.55142,814060.9,434286.25,160.69998,160.69998,307.0,162.41,29.916237,21
2025-01-22 16:00:00+00:00,506.0,16.9125,12.4125,15.004166,17.949974,12.244038,15.381577,39283.746,35099.957,33.799995,33.799995,23.0,11.203464,25.919998,36.1933,9.62,1.4370985,284.32288,247.933,853344.6,469386.22,194.49997,194.49997,330.0,172.03,31.353336,22
2025-01-23 16:00:00+00:00,506.0,18.3125,15.0125,16.320833,17.775492,14.294268,15.677344,39341.273,33502.46,0.8000001,0.8000001,8.0,16.474672,31.68,19.637617,11.89,2.0615728,300.6437,263.61035,892685.9,502888.7,195.29997,195.29997,338.0,183.92,33.41491,23
2025-01-24 16:00:00+00:00,506.0,17.1625,13.9125,15.564583,15.953571,13.495556,14.578536,39399.727,28262.762,3.8999996,3.8999996,22.0,17.682194,33.839996,16.867962,8.72,1.5641217,316.20828,278.18887,932085.6,531151.44,199.19997,199.19997,360.0,192.64,34.97903,24
2025-01-25 16:00:00+00:00,506.0,16.0125,13.0125,14.337502,14.549484,10.303429,12.765967,39459.035,22429.602,5.6999984,5.6999984,24.0,17.84271,39.239998,19.262695,7.92,1.4665809,330.54578,290.95483,971544.7,553581.06,204.89996,204.89996,384.0,200.56,36.44561,25
2025-01-26 16:00:00+00:00,506.0,12.6625,8.6625,10.152084,9.86226,4.868376,6.4294243,39519.15,371.57547,6.2999997,6.2999997,16.0,22.766266,46.079998,6.7329593,3.34,1.1484319,340.69788,297.38425,1011063.8,553952.6,211.19997,211.19997,400.0,203.9,37.594044,26
2025-01-27 16:00:00+00:00,506.0,12.5125,8.1125,9.829166,10.112865,4.424247,6.5797105,39580.594,33164.195,0.0,0.0,0.0,16.802786,34.92,34.29504,14.01,2.2981853,350.52704,303.96396,1050644.4,587116.8,211.19997,211.19997,400.0,217.90999,39.892227,27
2025-01-28 16:00:00+00:00,506.0,11.2125,8.9625,9.966665,8.163204,5.7041016,6.999206,39643.605,34337.344,0.4,0.4,4.0,15.379206,32.039997,67.85142,11.84,1.8775593,360.4937,310.96317,1090288.0,621454.1,211.59996,211.59996,404.0,229.74998,41.769787,28
2025-01-29 16:00:00+00:00,506.0,15.7625,10.2125,12.989583,13.751133,7.828451,11.113584,39708.098,36000.0,1.0000001,1.0000001,10.0,14.233664,26.64,126.60907,12.59,2.104735,373.4833,322.07675,1129996.1,657454.1,212.59996,212.59996,414.0,242.33998,43.874523,29
2025-01-30 16:00:00+00:00,506.0,16.5625,9.9625,14.131249,16.616999,8.59822,13.78892,39773.977,10325.23,30.199999,30.199999,24.0,12.570394,28.08,149.95016,5.13,0.8606549,387.61456,335.86566,1169770.1,667779.4,242.79996,242.79996,438.0,247.46999,44.73518,30
2025-01-31 16:00:00+00:00,506.0,19.1625,15.8625,16.9,20.46061,15.563768,17.611423,39841.145,23791.799,40.7,40.7,24.0,15.275627,27.0,120.936195,8.02,1.364678,404.51456,353.47708,1209611.2,691571.2,283.49997,283.49997,462.0,255.48999,46.099857,31
2025-02-01 16:00:00+00:00,506.0,16.3125,13.0125,14.983333,15.271221,11.966719,14.138755,39909.527,3945.0928,13.9,13.9,24.0,16.870138,33.839996,30.71333,5.67,1.0319918,419.4979,367.61584,1249520.8,695516.25,297.39996,297.39996,486.0,261.16,47.131847,32
2025-02-02 16:00:00+00:00,506.0,13.4625,11.0125,12.554168,12.042355,7.7548275,10.362969,39979.03,0.0,20.700005,20.700005,24.0,19.980808,41.039997,16.46636,2.55,0.81888753,432.05206,377.97882,1289499.8,695516.25,318.09998,318.09998,510.0,263.71,47.950733,33
2025-02-03 16:00:00+00:00,506.0,11.5125,9.2625,10.208333,8.008468,5.6150827,6.7342877,40049.566,24804.525,4.9,4.7999997,8.0,20.674158,43.199997,21.926195,9.03,1.7527192,442.2604,384.7131,1329549.4,720320.75,322.99997,322.89996,518.0,272.74,49.703453,34
2025-02-04 16:00:00+00:00,506.0,10.9625,9.3625,9.972918,8.902965,6.3711157,7.6614704,40121.06,27367.73,8.4,8.4,14.0,14.145756,29.16,92.52671,8.14,1.3168961,452.23334,392.37457,1369670.4,747688.5,331.39996,331.29996,532.0,280.88,51.020348,35
2025-02-05 16:00:00+00:00,506.0,13.6625,9.8625,12.04375,12.882095,8.928232,11.1857195,40193.41,8504.038,35.500004,35.500004,24.0,12.9625,25.919998,78.4744,6.6,0.93776065,464.2771,403.5603,1409863.8,756192.56,366.89996,366.79996,556.0,287.48,51.958107,36
2025-02-06 16:00:00+00:00,506.0,13.5125,9.4625,12.020832,12.704575,5.6631546,9.780987,40266.547,9723.042,22.199997,22.199997,24.0,20.49156,38.519997,24.70824,4.55,0.9585794,476.29794,413.34128,1450130.2,765915.6,389.09998,388.99994,580.0,292.03,52.916687,37
2025-02-07 16:00:00+00:00,506.0,9.2125,7.9125,8.506249,5.300644,3.8734188,4.5237985,40340.395,0.0,8.5,8.5,24.0,21.060001,41.760002,24.155268,4.15,1.0753964,484.8042,417.86508,1490470.6,765915.6,397.59998,397.49994,604.0,296.18,53.992085,38
2025-02-08 16:00:00+00:00,506.0,10.9125,8.1625,9.514583,7.8047886,4.7015715,6.359219,40414.863,7461.3174,5.2,5.2,24.0,17.244337,33.839996,37.355183,6.57,1.2001781,494.3188,424.2243,1530885.5,773376.94,402.8,402.69995,628.0,302.75,55.19226,39
2025-02-09 16:00:00+00:00,506.0,13.6625,8.9625,11.764583,11.661146,6.9834757,9.89677,40489.875,34202.016,1.4000001,1.4000001,9.0,13.870515,27.0,92.53911,10.47,1.6189747,506.08337,434.12106,1571375.4,807578.94,404.19998,404.09995,637.0,313.22,56.811234,40
2025-02-10 16:00:00+00:00,506.0,17.8125,11.2625,14.960418,17.693872,10.376936,14.448776,40565.363,35470.26,2.1,2.1,9.0,13.3649235,27.359999,150.26614,14.55,2.2599204,521.04376,448.56982,1611940.8,843049.2,406.3,406.19995,646.0,327.77,59.071156,41
2025-02-11 16:00:00+00:00,506.0,17.9125,15.9125,17.035418,19.45251,15.663418,18.06587,40641.24,0.0,49.300003,49.300003,24.0,12.371645,25.56,163.04271,2.8,0.58793235,538.07916,466.63568,1652582.0,843049.2,455.59998,455.49994,670.0,330.56998,59.65909,42
2025-02-12 16:00:00+00:00,506.0,16.9125,12.4125,13.556249,17.232025,11.143558,12.3964,40717.438,0.0,46.7,46.7,24.0,18.620214,35.64,28.70976,2.16,0.4472923,551.63544,479.03207,1693299.5,843049.2,502.3,502.19995,694.0,332.72998,60.10638,43
2025-02-13 16:00:00+00:00,506.0,16.6625,12.8625,14.960416,16.428677,12.285091,14.75245,40793.88,16787.008,2.2999997,2.2999997,13.0,12.810386,24.48,96.71551,7.82,1.2791252,566.5958,493.78452,1734093.4,859836.2,504.59998,504.49994,707.0,340.55,61.385506,44
2025-02-14 16:00:00+00:00,506.0,19.7125,15.0625,17.44792,21.11736,15.774599,18.813604,40870.492,33913.926,0.2,0.2,2.0,9.67657,21.24,101.63361,13.73,2.2207634,584.04376,512.59814,1774963.9,893750.1,504.8,504.69995,709.0,354.28,63.60627,45
2025-02-15 16:00:00+00:00,506.0,19.2125,11.4125,15.666665,18.936796,10.67457,15.23344,40947.22,29691.297,2.2999997,2.2999997,12.0,16.813387,33.839996,21.742012,13.13,2.099079,599.71045,527.8316,1815911.1,923441.44,507.09998,506.99994,721.0,367.41,65.705345,46
2025-02-16 16:00:00+00:00,506.0,14.7975,10.1975,12.937081,13.452118,9.008418,12.002803,41000.832,30837.322,0.0,0.0,0.0,9.178235,26.64,52.568348,12.68,1.9434322,612.6475,539.8344,1856912.0,954278.75,507.09998,506.99994,721.0,380.09,67.64878,47
2025-02-17 16:00:00+00:00,506.0,13.1975,11.7475,12.545417,13.145422,11.293161,12.342666,41079.94,0.0,2.4000003,0.70000005,18.0,8.39657,21.599998,58.063385,1.21,0.36267108,625.19293,552.17706,1897992.0,954278.75,509.49997,507.69995,739.0,381.3,68.01145,48
2025-02-18 16:00:00+00:00,506.0,13.8475,11.8975,12.951665,14.30139,11.383539,12.908221,41159.94,0.0,1.1,0.70000005,7.0,7.10031,26.28,97.9989,1.52,0.44621745,638.1446,565.08527,1939152.0,954278.75,510.59998,508.39996,746.0,382.81998,68.45767,49
2025-02-19 16:00:00+00:00,506.0,18.0475,13.7475,15.507916,18.638102,14.282806,16.394709,41240.758,18167.89,0.0,0.0,0.0,6.9527545,22.319998,128.9498,7.84,1.3790774,653.6525,581.48,1980392.8,972446.6,510.59998,508.39996,746.0,390.65997,69.83675,50
2025-02-20 16:00:00+00:00,506.0,15.3475,12.2975,13.426666,16.183985,11.997852,13.236855,41322.305,0.0,1.4000001,0.8000001,9.0,9.346143,33.12,21.729855,2.11,0.5058973,667.0792,594.71686,2021715.0,972446.6,511.99997,509.19995,755.0,392.76996,70.34264,51
2025-02-21 16:00:00+00:00,506.0,14.1475,12.3475,13.3099985,15.019367,12.2680645,13.589734,41404.523,0.0,3.4999995,2.6999998,18.0,6.87779,25.56,79.629326,1.09,0.34512398,680.3892,608.3066,2063119.5,972446.6,515.49994,511.89996,773.0,393.85995,70.68777,52
2025-02-22 16:00:00+00:00,506.0,13.4975,11.2475,12.7058325,13.599911,10.183539,12.430622,41487.332,0.0,9.0,7.9,19.0,9.085988,28.8,25.389893,1.61,0.4135902,693.09503,620.7372,2104606.8,972446.6,524.49994,519.8,792.0,395.46994,71.10136,53
2025-02-23 16:00:00+00:00,506.0,11.0475,9.1475,10.0225,10.112251,7.835101,8.760495,41570.656,0.0,20.199997,15.5,24.0,10.383987,24.84,59.89441,2.57,0.48970598,703.11755,629.4977,2146177.5,972446.6,544.69995,535.3,816.0,398.03995,71.591064,54
2025-02-24 16:00:00+00:00,506.0,14.2475,9.4975,12.322498,14.299185,8.41309,12.191846,41654.438,9529.024,0.4,0.4,2.0,6.924738,26.64,113.1717,5.6,0.9424044,715.44006,641.6895,2187832.0,981975.6,545.1,535.7,818.0,403.63995,72.53347,55
2025-02-25 16:00:00+00:00,506.0,14.5475,13.1975,13.991252,15.627178,13.674198,14.699307,41738.594,0.0,2.4,1.8000002,12.0,6.3690495,20.16,13.937839,1.33,0.38412878,729.43134,656.3888,2229570.5,981975.6,547.5,537.5,830.0,404.96994,72.9176,56
2025-02-26 16:00:00+00:00,506.0,17.697498,14.3475,15.891251,19.007317,15.294565,17.10961,41823.062,6619.8057,0.9000001,0.9000001,9.0,6.1305785,18.0,83.9912,5.16,0.9927138,745.3226,673.4984,2271393.5,988595.44,548.4,538.4,839.0,410.12994,73.91032,57
2025-02-27 16:00:00+00:00,506.0,22.447498,14.9975,18.285,24.949223,14.727282,19.652996,41907.773,35827.555,0.0,0.0,0.0,7.9932976,20.519999,150.65842,16.69,2.9204063,763.60754,693.1514,2313301.2,1024423.0,548.4,538.4,839.0,426.81995,76.83072,58
2025-02-28 16:00:00+00:00,506.0,22.0475,16.7975,19.04125,23.70649,18.396654,20.880463,41992.656,21033.014,0.0,0.0,0.0,8.699793,29.16,148.57051,11.5,2.0919447,782.6488,714.03186,2355294.0,1045456.0,548.4,538.4,839.0,438.31995,78.92266,59
2025-03-01 16:00:00+00:00,506.0,25.2035,17.7975,20.765833,27.277514,19.37189,22.723236,42077.652,34413.043,0.3,0.3,3.0,6.989936,10.440001,180.20758,16.93,3.1726265,803.4146,736.7551,2397371.8,1079869.0,548.7,538.7,842.0,455.24994,82.09529,60
2025-03-02 16:00:00+00:00,506.0,24.2035,18.1035,20.870169,26.850697,19.679544,22.727348,42162.69,39490.28,0.0,0.0,0.0,7.289445,9.36,194.20677,16.89,3.1377325,824.2848,759.4825,2439534.5,1119359.2,548.7,538.7,842.0,472.13995,85.233025,61
2025-03-03 16:00:00+00:00,506.0,25.2035,18.2035,21.020166,27.62349,18.901688,22.601448,42247.703,38769.305,0.0,0.0,0.0,9.826088,14.759999,194.40007,17.43,3.3236134,845.30493,782.0839,2481782.2,1158128.5,548.7,538.7,842.0,489.56995,88.55664,62
2025-03-04 16:00:00+00:00,506.0,22.3035,13.2035,17.680584,25.227003,12.62137,18.606287,42332.625,23575.654,6.9,5.099999,18.0,13.392774,17.64,11.115905,12.03,2.033817,862.98553,800.6902,2524115.0,1181704.1,555.60004,543.8,860.0,501.59995,90.590454,63
2025-03-05 16:00:00+00:00,506.0,13.0535,8.6035,10.378501,12.398485,6.1915264,8.544775,42417.4,0.0,9.6,8.1,18.0,13.910169,20.519999,7.2076297,1.03,0.32825756,873.364,809.235,2566532.5,1181704.1,565.2,551.89996,878.0,502.62994,90.91871,64
2025-03-06 16:00:00+00:00,506.0,10.0035,8.4035,9.138916,8.3411455,6.4256363,7.455069,42501.953,30.501709,0.0,0.0,0.0,8.759178,14.04,0.96083486,2.71,0.57755226,882.5029,816.69006,2609034.5,1181734.6,565.2,551.89996,878.0,505.33994,91.49626,65
2025-03-07 16:00:00+00:00,506.0,10.2535,8.9535,9.451417,8.8701315,7.74292,8.144748,42586.234,0.0,1.8000002,1.5000001,12.0,9.449572,12.959999,358.94156,1.77,0.39650127,891.95435,824.83484,2651620.8,1181734.6,567.0,553.39996,890.0,507.10992,91.89276,66
2025-03-08 16:00:00+00:00,506.0,12.3035,9.1035,10.605584,10.994346,8.095456,9.561494,42670.785,13104.476,0.3,0.3,3.0,10.390226,11.159999,2.5660932,6.03,0.9303732,902.55994,834.39636,2694291.5,1194839.1,567.3,553.69995,893.0,513.13995,92.823135,67
2025-03-09 16:00:00+00:00,506.0,15.9535,9.8035,,15.589903,8.474711,,42755.863,,,,0.0,9.47012,5.7599998,,,,,,2737047.2,,,,893.0,,,68
