date,elevation,temperature_2m_max,temperature_2m_min,temperature_2m_mean,apparent_temperature_max,apparent_temperature_min,apparent_temperature_mean,daylight_duration,sunshine_duration,precipitation_sum,rain_sum,precipitation_hours,wind_speed_10m_max,wind_gusts_10m_max,wind_direction_10m_dominant,shortwave_radiation_sum,et0_fao_evapotranspiration,cumulative_temperature_2m_mean,cumulative_apparent_temperature_mean,cumulative_daylight_duration,cumulative_sunshine_duration,cumulative_precipitation_sum,cumulative_rain_sum,cumulative_precipitation_hours,cumulative_shortwave_radiation_sum,cumulative_et0_fao_evapotranspiration,day
2025-01-01 16:00:00+00:00,1954.0,10.1595,8.9595,9.469917,9.551547,8.096326,8.676341,38362.227,0.0,14.300003,14.300003,23.0,5.0432134,36.719997,180.98773,1.41,0.3630394,9.469917,8.676341,38362.227,0.0,14.300003,14.300003,23.0,1.41,0.3630394,1
2025-01-02 16:00:00+00:00,1954.0,8.7595,5.3595,7.1074166,7.9757357,3.157691,5.6876073,38386.383,11562.456,2.5999997,2.5999997,20.0,6.8423676,37.079998,121.29846,4.82,0.78390235,16.577333,14.363949,76748.61,11562.456,16.900003,16.900003,43.0,6.23,1.1469418,2
2025-01-03 16:00:00+00:00,1954.0,11.0095,3.6095,6.999084,9.568289,1.1910686,5.066526,38412.31,34487.746,0.6,0.6,6.0,6.198903,26.28,131.12134,12.44,1.7861712,23.576418,19.430475,115160.92,46050.203,17.500004,17.500004,49.0,18.67,2.933113,3
2025-01-04 16:00:00+00:00,1954.0,11.6595,5.9095,8.136584,9.64106,4.2287827,6.6031203,38439.99,31588.271,2.4999995,2.4999995,18.0,9.761578,46.8,241.82852,9.68,1.3977195,31.713001,26.033596,153600.9,77638.48,20.000004,20.000004,67.0,28.35,4.3308325,4
2025-01-05 16:00:00+00:00,1954.0,10.3595,4.4595,6.826166,8.493948,2.0301561,5.0206556,38469.387,35464.53,1.1,1.1,6.0,5.402999,40.68,199.2012,12.43,1.7322984,38.53917,31.054253,192070.3,113103.01,21.100004,21.100004,73.0,40.78,6.063131,5
2025-01-06 16:00:00+00:00,1954.0,8.5095,3.0095,5.2636666,6.2352257,0.49135065,2.9639683,38500.496,32471.42,2.1000001,2.1000001,18.0,8.53815,55.8,186.82521,6.98,1.0000519,43.802837,34.01822,230570.8,145574.42,23.200005,23.200005,91.0,47.76,7.063183,6
2025-01-07 16:00:00+00:00,1954.0,9.8095,2.6595,6.1386676,7.6003103,0.38179064,4.1825433,38533.617,34782.496,1.3000002,1.3000002,13.0,8.211235,48.6,209.27515,10.07,1.3717026,49.941505,38.200764,269104.4,180356.92,24.500004,24.500004,104.0,57.829998,8.434885,7
2025-01-08 16:00:00+00:00,1954.0,7.6095,2.6095,4.6511664,5.372961,0.50443316,2.5230467,38568.875,23928.863,4.1,4.1,15.0,9.109138,51.12,189.11261,7.37,0.97208744,54.59267,40.723812,307673.28,204285.78,28.600004,28.600004,119.0,65.2,9.406973,8
2025-01-09 16:00:00+00:00,1954.0,3.8595,1.5095,2.35325,1.675808,-1.210069,-0.105245054,38606.188,17625.453,6.3999996,6.3999996,24.0,6.5049515,42.12,119.55078,5.55,0.73345524,56.94592,40.61857,346279.47,221911.23,35.000004,35.000004,143.0,70.75,10.140429,9
2025-01-10 16:00:00+00:00,1954.0,4.1095,1.7094998,2.7157505,1.6237206,-0.97639513,0.2680894,38645.48,26594.531,11.0,11.0,24.0,6.489992,49.68,188.21576,5.78,0.72552496,59.66167,40.886658,384924.94,248505.77,46.000004,46.000004,167.0,76.53,10.865953,10
2025-01-11 16:00:00+00:00,1954.0,6.5095,2.0095,3.6386662,4.215785,-0.6723733,1.2828611,38686.67,32496.674,3.1999993,3.1999993,21.0,5.5596404,45.719997,177.67848,7.8,1.075372,63.30034,42.169518,423611.62,281002.44,49.200005,49.200005,188.0,84.33,11.941325,11
2025-01-12 16:00:00+00:00,1954.0,9.2595,0.6095,4.8907495,7.125309,-2.433426,2.4795272,38729.69,35736.82,0.5,0.5,5.0,5.495161,41.760002,148.04776,9.11,1.3283694,68.191086,44.649044,462341.3,316739.25,49.700005,49.700005,193.0,93.44,13.269694,12
2025-01-13 16:00:00+00:00,1954.0,13.2595,1.9594998,7.567833,11.80901,-0.12924194,5.887137,38774.457,35363.64,1.3000001,1.3000001,4.0,6.0721655,46.8,220.18933,13.19,1.982414,75.75892,50.536182,501115.78,352102.88,51.000004,51.000004,197.0,106.630005,15.252109,13
2025-01-14 16:00:00+00:00,1954.0,7.6595,2.2595,5.578251,6.542467,-0.44008327,3.9073105,38820.883,3684.735,9.500002,9.500002,24.0,6.341009,41.399998,98.619705,3.29,0.53529036,81.33717,54.443493,539936.7,355787.62,60.500008,60.500008,221.0,109.920006,15.787399,14
2025-01-15 16:00:00+00:00,1954.0,6.4595,2.1595,3.57825,4.1154737,-0.359236,1.2198733,38868.906,31511.357,2.9,2.9,24.0,5.815978,45.0,167.25177,7.2,0.9640257,84.91542,55.663364,578805.6,387298.97,63.40001,63.40001,245.0,117.12,16.751425,15
2025-01-16 16:00:00+00:00,1954.0,7.4095,2.5095,4.3449163,5.2889795,0.04486847,2.0115068,38918.45,33008.645,2.8999991,2.8999991,18.0,5.3517847,38.519997,150.45506,7.94,1.1116588,89.26034,57.67487,617724.06,420307.62,66.30001,66.30001,263.0,125.060005,17.863083,16
2025-01-17 16:00:00+00:00,1954.0,9.9095,3.1095,6.0240827,7.5148344,0.7169881,4.055387,38969.426,24135.031,2.6000001,2.6000001,15.0,7.689603,52.199997,221.41783,7.07,1.0720592,95.284424,61.730255,656693.5,444442.66,68.90001,68.90001,278.0,132.13,18.935143,17
2025-01-18 16:00:00+00:00,1954.0,9.8095,5.5095,7.363666,8.269271,3.9650621,5.7956004,39021.777,33922.062,4.5999994,4.5999994,22.0,7.5019197,47.519997,234.51163,9.38,1.2785662,102.64809,67.525856,695715.25,478364.72,73.50001,73.50001,300.0,141.51001,20.213709,18
2025-01-19 16:00:00+00:00,1954.0,10.7095,2.8595,6.0782504,8.640908,0.44605494,4.0239506,39075.414,33810.02,2.1000001,2.1000001,16.0,7.44121,46.44,196.62921,8.97,1.3234355,108.72633,71.549805,734790.7,512174.75,75.600006,75.600006,316.0,150.48001,21.537144,19
2025-01-20 16:00:00+00:00,1954.0,10.8095,3.2094998,6.6740837,9.085884,0.73863506,4.7083087,39130.27,31833.842,0.90000004,0.90000004,8.0,5.2323985,29.519999,153.10703,9.19,1.3997294,115.40042,76.25811,773920.94,544008.56,76.50001,76.50001,324.0,159.67001,22.936872,20
2025-01-21 16:00:00+00:00,1954.0,11.0095,4.5594997,7.4178333,8.830582,2.9268384,5.7227855,39186.273,35808.316,1.1,1.1,10.0,9.0,49.32,222.42514,11.45,1.6112044,122.81825,81.980896,813107.2,579816.9,77.600006,77.600006,334.0,171.12001,24.548077,21
2025-01-22 16:00:00+00:00,1954.0,12.4095,5.0095,8.2803335,10.99278,3.319456,6.7849565,39243.35,35823.258,0.8000001,0.8000001,8.0,8.626865,57.239998,231.62743,13.62,1.9514987,131.09859,88.765854,852350.56,615640.1,78.40001,78.40001,342.0,184.74,26.499575,22
2025-01-23 16:00:00+00:00,1954.0,13.2595,5.7095,8.913667,12.010668,3.9188251,7.5753536,39301.43,35608.055,1.4000001,1.4000001,11.0,8.604301,51.12,207.39226,14.09,2.070253,140.01225,96.34121,891652.0,651248.2,79.80001,79.80001,353.0,198.83,28.569828,23
2025-01-24 16:00:00+00:00,1954.0,11.4595,6.3094997,8.417834,10.478775,4.870078,7.2538037,39360.445,35830.99,1.5000002,1.5000002,10.0,4.613762,38.16,172.28825,12.43,1.7992448,148.43008,103.59502,931012.44,687079.2,81.30001,81.30001,363.0,211.26001,30.369072,24
2025-01-25 16:00:00+00:00,1954.0,9.8095,4.4595,7.1178327,8.372213,2.6839871,5.6047554,39420.33,33739.297,4.0000005,4.0000005,21.0,6.2613096,39.96,237.887,11.39,1.5572205,155.54791,109.19977,970432.75,720818.5,85.30001,85.30001,384.0,222.65001,31.926292,25
2025-01-26 16:00:00+00:00,1954.0,4.0095,-0.19050002,1.3907499,2.2218552,-3.3868802,-1.0071828,39481.016,8732.877,17.300001,12.9,24.0,5.506941,40.32,39.625565,3.07,0.4504619,156.93866,108.19259,1009913.75,729551.4,102.60001,98.20001,408.0,225.72002,32.376755,26
2025-01-27 16:00:00+00:00,1954.0,7.4095,-2.7405,1.8636664,5.4189777,-6.007725,-0.97572213,39543.05,35919.42,1.3000001,1.3000001,12.0,5.5887027,34.92,112.71842,14.46,1.8806413,158.80232,107.216866,1049456.8,765470.8,103.90002,99.500015,420.0,240.18002,34.257397,27
2025-01-28 16:00:00+00:00,1954.0,6.8094997,-0.6905,2.70325,4.048421,-3.7180977,-0.019688249,39606.668,35925.8,1.4000002,1.4000002,13.0,5.815978,41.760002,165.96368,10.44,1.3760223,161.50557,107.197174,1089063.4,801396.6,105.30002,100.90002,433.0,250.62003,35.63342,28
2025-01-29 16:00:00+00:00,1954.0,11.4595,1.8095,5.867834,9.4082,-0.49532413,3.7853377,39671.773,35258.523,0.4,0.4,4.0,5.020677,37.44,154.82648,11.25,1.6783279,167.3734,110.98251,1128735.1,836655.1,105.70002,101.30002,437.0,261.87003,37.31175,29
2025-01-30 16:00:00+00:00,1954.0,11.0595,3.5095,7.4219995,10.379863,1.4134164,6.1983438,39738.285,7644.8857,4.7000003,4.7000003,17.0,3.2846913,43.56,121.11874,4.83,0.867532,174.7954,117.180855,1168473.4,844300.0,110.40002,106.000015,454.0,266.7,38.17928,30
2025-01-31 16:00:00+00:00,1954.0,13.8595,8.2595,10.6240835,13.905981,7.5037622,10.341525,39806.1,26566.664,11.299999,11.299999,23.0,3.536439,49.32,178.6361,7.86,1.3495587,185.41948,127.52238,1208279.5,870866.7,121.70001,117.30002,477.0,274.56,39.52884,31
2025-02-01 16:00:00+00:00,1954.0,10.8095,7.0095,9.022,9.241314,5.4578133,7.7612743,39875.133,19669.432,4.0,4.0,23.0,8.893166,64.799995,230.17412,6.4,0.9857515,194.44148,135.28365,1248154.6,890536.1,125.70001,121.30002,500.0,280.96,40.51459,32
2025-02-02 16:00:00+00:00,1954.0,6.9095,2.6095,5.2719994,5.482832,0.3884039,3.5954363,39945.3,10836.188,11.599999,11.599999,24.0,5.441838,46.079998,212.77031,4.83,0.70480525,199.71349,138.87909,1288099.9,901372.3,137.30002,132.90002,524.0,285.78998,41.219395,33
2025-02-03 16:00:00+00:00,1954.0,5.0594997,0.55950004,2.5136666,3.0588913,-2.301527,0.009790987,40016.51,12436.529,7.799999,7.799999,24.0,6.3231,35.28,125.676476,5.49,0.81190485,202.22716,138.88889,1328116.4,913808.8,145.10002,140.70003,548.0,291.27997,42.0313,34
2025-02-04 16:00:00+00:00,1954.0,6.1595,1.5595,3.7136667,3.4475636,-1.1627831,1.1054009,40088.684,30207.053,5.9999995,5.9999995,24.0,8.958504,61.56,216.55252,7.12,0.95467854,205.94083,139.9943,1368205.0,944015.9,151.10002,146.70003,572.0,298.39996,42.985977,35
2025-02-05 16:00:00+00:00,1954.0,9.1095,3.5095,6.2344995,7.19013,1.2656484,4.40286,40161.723,14665.515,4.1,4.1,23.0,7.823272,50.399998,224.99986,5.83,0.8910498,212.17532,144.39716,1408366.8,958681.4,155.20003,150.80003,595.0,304.22995,43.877026,36
2025-02-06 16:00:00+00:00,1954.0,7.9595003,1.8594999,5.322,6.0821342,-0.7024741,3.4287398,40235.56,34301.95,1.8000002,1.8000002,13.0,6.9480934,49.32,186.47939,8.31,1.111846,217.49733,147.8259,1448602.2,992983.3,157.00003,152.60004,608.0,312.53995,44.988873,37
2025-02-07 16:00:00+00:00,1954.0,2.9594998,0.75949997,1.5428332,0.6321111,-2.159255,-1.0286236,40310.11,10510.71,3.8999996,3.8999996,24.0,6.048107,46.8,135.15657,5.68,0.73190325,219.04016,146.79727,1488912.4,1003494.0,160.90002,156.50003,632.0,318.21994,45.720776,38
2025-02-08 16:00:00+00:00,1954.0,5.7595,1.2094998,3.0553334,3.6178646,-1.5183818,0.5181659,40385.28,23852.82,2.7999995,2.7999995,22.0,6.8777895,48.6,166.82935,7.28,0.97614944,222.09549,147.31544,1529297.6,1027346.8,163.70003,159.30003,654.0,325.49994,46.696926,39
2025-02-09 16:00:00+00:00,1954.0,10.3595,2.3095,5.6740837,8.256482,-0.026706219,3.6095603,40461.008,36006.242,0.6,0.6,6.0,6.601363,51.48,190.76904,9.71,1.4046882,227.76958,150.925,1569758.6,1063353.0,164.30003,159.90004,660.0,335.20993,48.101616,40
2025-02-10 16:00:00+00:00,1954.0,15.2595,2.9594998,8.847,14.532286,0.9824157,7.6010404,40537.21,36000.0,0.0,0.0,0.0,5.223103,42.839996,175.14699,14.58,2.3118477,236.61658,158.52605,1610295.9,1099353.0,164.30003,159.90004,660.0,349.78992,50.413464,41
2025-02-11 16:00:00+00:00,1954.0,13.5095,7.7594995,10.590749,13.889282,6.8405247,10.400963,40613.812,0.0,34.7,34.7,23.0,3.438895,38.519997,91.648315,2.22,0.53891045,247.20732,168.927,1650909.8,1099353.0,199.00003,194.60004,683.0,352.00992,50.952374,42
2025-02-12 16:00:00+00:00,1954.0,10.3595,7.3595,8.267835,9.87304,5.92292,7.1111016,40690.73,0.0,47.399998,47.399998,21.0,5.720489,38.519997,122.81376,2.14,0.44864416,255.47516,176.0381,1691600.5,1099353.0,246.40002,242.00003,704.0,354.14993,51.401016,43
2025-02-13 16:00:00+00:00,1954.0,12.8715,7.8215,10.246501,12.436825,6.6973352,9.456288,40767.895,35264.918,0.0,0.0,0.0,7.342588,58.679996,293.49857,9.72,1.4791701,265.72165,185.49438,1732368.4,1134617.9,246.40002,242.00003,704.0,363.86993,52.880188,44
2025-02-14 16:00:00+00:00,1954.0,15.6715,8.4215,11.369415,15.762142,6.209565,10.0506,40845.23,36200.66,0.2,0.0,2.0,8.854829,62.639996,260.23547,15.64,2.4625826,277.09106,195.54498,1773213.6,1170818.5,246.60002,242.00003,706.0,379.50995,55.34277,45
2025-02-15 16:00:00+00:00,1954.0,15.7715,8.471499,11.248582,15.519854,4.957715,9.402276,40922.684,36197.06,0.0,0.0,0.0,11.269782,63.36,286.75034,17.52,2.8664117,288.33966,204.94727,1814136.2,1207015.5,246.60002,242.00003,706.0,397.02994,58.209183,46
2025-02-16 16:00:00+00:00,1954.0,14.5215,6.5715,10.040251,14.535341,4.987342,8.5078125,41000.832,36000.0,0.0,0.0,0.0,9.6932955,61.56,303.31973,16.77,2.4876661,298.3799,213.45508,1855137.1,1243015.5,246.60002,242.00003,706.0,413.79993,60.69685,47
2025-02-17 16:00:00+00:00,1954.0,9.9215,5.4715,7.4569163,8.221331,3.6506066,5.821669,41079.94,24073.107,0.3,0.0,2.0,10.028439,65.88,327.61932,8.0,1.1461958,305.83682,219.27675,1896217.1,1267088.6,246.90002,242.00003,708.0,421.79993,61.843044,48
2025-02-18 16:00:00+00:00,1954.0,11.2715,5.7215,7.5652504,9.592308,3.8817205,6.0637975,41159.94,26979.986,0.1,0.0,1.0,9.885262,66.6,17.684484,9.35,1.3633833,313.40207,225.34055,1937377.1,1294068.6,247.00003,242.00003,709.0,431.14993,63.20643,49
2025-02-19 16:00:00+00:00,1954.0,12.221499,5.9715,8.702749,10.234195,3.9266624,7.075234,41240.758,35552.555,0.3,0.0,2.0,9.605998,55.44,316.48776,13.04,1.8718921,322.10483,232.41579,1978617.9,1329621.1,247.30003,242.00003,711.0,444.18994,65.07832,50
2025-02-20 16:00:00+00:00,1954.0,10.1215,5.8715,7.7590003,8.091189,4.128976,5.989628,41322.305,12540.012,0.3,0.0,3.0,10.144082,65.520004,320.39633,6.49,0.98225826,329.86383,238.40541,2019940.1,1342161.1,247.60004,242.00003,714.0,450.67993,66.060585,51
2025-02-21 16:00:00+00:00,1954.0,11.221499,5.1714997,7.7340007,9.733577,2.8990927,6.1268706,41404.523,22784.768,0.2,0.0,2.0,8.350138,59.399998,85.352135,8.87,1.311185,337.59784,244.53229,2061344.6,1364945.9,247.80003,242.00003,716.0,459.54993,67.37177,52
2025-02-22 16:00:00+00:00,1954.0,7.3715,4.5214996,6.571499,6.283082,2.936523,5.1952357,41487.332,0.0,1.4000001,1.1,11.0,5.4477882,59.76,358.9191,3.16,0.56539184,344.16934,249.72752,2102832.0,1364945.9,249.20003,243.10004,727.0,462.70993,67.937164,53
2025-02-23 16:00:00+00:00,1954.0,8.1215,4.1714997,5.6714997,6.198799,1.5385804,3.8303185,41570.656,9202.967,0.0,0.0,0.0,8.707237,63.36,79.38037,6.06,0.8532628,349.84085,253.55785,2144402.8,1374148.9,249.20003,243.10004,727.0,468.76993,68.79043,54
2025-02-24 16:00:00+00:00,1954.0,11.7715,5.8715,8.340249,11.206678,3.5528445,6.891336,41654.438,34964.19,0.0,0.0,0.0,10.315115,52.92,299.86194,16.7,2.216338,358.1811,260.4492,2186057.2,1409113.1,249.20003,243.10004,727.0,485.46994,71.00677,55
2025-02-25 16:00:00+00:00,1954.0,10.971499,6.0214996,8.375666,9.4867525,3.9752388,6.9097824,41738.594,21475.816,0.90000004,0.90000004,3.0,8.049845,45.36,40.155968,9.67,1.4123513,366.55676,267.35898,2227795.8,1430589.0,250.10002,244.00003,730.0,495.13995,72.41912,56
2025-02-26 16:00:00+00:00,1954.0,10.4195,7.6215,9.3265,9.796042,6.113681,8.384517,41823.062,181.70746,2.6999996,2.3999999,15.0,7.42159,36.719997,227.07004,2.28,0.48978522,375.88327,275.7435,2269618.8,1430770.8,252.80002,246.40002,745.0,497.41995,72.908905,57
2025-02-27 16:00:00+00:00,1954.0,16.269499,7.6195,11.017417,15.867226,5.0509596,9.578294,41907.773,38360.137,0.3,0.0,3.0,12.24,10.440001,215.1343,18.42,2.7623272,386.9007,285.3218,2311526.5,1469130.9,253.10002,246.40002,748.0,515.83997,75.671234,58
2025-02-28 16:00:00+00:00,1954.0,18.0695,7.9195004,12.617416,17.180246,3.8578901,10.467225,41992.656,38042.65,0.3,0.3,3.0,11.165805,14.4,211.58679,18.06,3.3254237,399.51813,295.78903,2353519.2,1507173.5,253.40002,246.70003,751.0,533.89996,78.99666,59
2025-03-01 16:00:00+00:00,1954.0,15.1195,10.0195,11.988251,14.993376,8.244359,11.007821,42077.652,39402.31,5.7,0.3,21.0,11.298495,18.0,251.83821,15.97,2.3831894,411.50638,306.79684,2395597.0,1546575.8,259.10004,247.00003,772.0,549.86993,81.379845,60
2025-03-02 16:00:00+00:00,1954.0,18.1195,9.0195,12.111165,18.320177,7.25992,11.297757,42162.69,39490.29,2.4,2.1,6.0,10.538843,18.0,281.4336,21.59,3.3199437,423.61755,318.0946,2437759.8,1586066.0,261.50003,249.10004,778.0,571.45996,84.69979,61
2025-03-03 16:00:00+00:00,1954.0,13.1195,6.5195003,9.213251,11.997154,4.199438,7.643685,42247.703,37438.125,0.0,0.0,0.0,11.726277,12.599999,292.1263,14.75,2.0098026,432.8308,325.73828,2480007.5,1623504.1,261.50003,249.10004,778.0,586.20996,86.709595,62
2025-03-04 16:00:00+00:00,1954.0,7.8195,3.9195,6.1924167,5.9165964,1.0275884,3.8594074,42332.625,7158.543,1.5,1.5,3.0,9.826088,9.36,109.42017,4.67,0.757397,439.02322,329.5977,2522340.0,1630662.6,263.00003,250.60004,781.0,590.87994,87.466995,63
2025-03-05 16:00:00+00:00,1954.0,6.5195003,3.6695,4.6069994,4.905136,0.6709857,2.3131511,42417.4,1742.6638,3.0,3.0,9.0,10.390226,10.440001,95.06708,3.28,0.5491287,443.63022,331.91083,2564757.5,1632405.2,266.00003,253.60004,790.0,594.16,88.01612,64
2025-03-06 16:00:00+00:00,1954.0,5.8195,4.6195,5.054917,4.351141,2.655695,3.2474134,42501.953,0.0,1.8000002,1.8000002,12.0,8.0899935,9.0,102.97532,1.08,0.32493606,448.68515,335.15823,2607259.5,1632405.2,267.80002,255.40004,802.0,595.24,88.34106,65
