date,elevation,temperature_2m_max,temperature_2m_min,temperature_2m_mean,apparent_temperature_max,apparent_temperature_min,apparent_temperature_mean,daylight_duration,sunshine_duration,precipitation_sum,rain_sum,precipitation_hours,wind_speed_10m_max,wind_gusts_10m_max,wind_direction_10m_dominant,shortwave_radiation_sum,et0_fao_evapotranspiration,cumulative_temperature_2m_mean,cumulative_apparent_temperature_mean,cumulative_daylight_duration,cumulative_sunshine_duration,cumulative_precipitation_sum,cumulative_rain_sum,cumulative_precipitation_hours,cumulative_shortwave_radiation_sum,cumulative_et0_fao_evapotranspiration,day
2025-01-01 16:00:00+00:00,2258.0,10.492,8.592,9.34825,9.657483,7.6165915,8.432853,38362.227,0.0,14.300003,14.300003,23.0,5.0432134,36.719997,180.98773,1.41,0.39513564,9.34825,8.432853,38362.227,0.0,14.300003,14.300003,23.0,1.41,0.39513564,1
2025-01-02 16:00:00+00:00,2258.0,9.292,6.092,7.6149144,8.260834,3.7750177,6.133671,38386.383,11544.601,2.5999997,2.5999997,20.0,6.8423676,37.079998,121.29846,4.82,0.8442072,16.963165,14.566524,76748.61,11544.601,16.900003,16.900003,43.0,6.23,1.2393429,2
2025-01-03 16:00:00+00:00,2258.0,11.892,4.542,7.6482506,10.243034,2.1298723,5.515471,38412.31,34441.65,0.6,0.6,6.0,6.198903,26.28,131.12134,12.44,1.9054936,24.611416,20.081995,115160.92,45986.25,17.500004,17.500004,49.0,18.67,3.1448364,3
2025-01-04 16:00:00+00:00,2258.0,9.691999,5.3919997,6.866999,7.049657,3.754405,4.9260097,38439.99,31582.734,2.4999995,2.4999995,18.0,9.761578,46.8,241.82852,9.68,1.3606976,31.478415,25.008005,153600.9,77568.984,20.000004,20.000004,67.0,28.35,4.505534,4
2025-01-05 16:00:00+00:00,2258.0,10.691999,2.892,6.5045,8.602411,0.82135534,4.466155,38469.387,35424.008,1.1,1.1,6.0,5.402999,40.68,199.2012,12.43,1.8062028,37.982914,29.47416,192070.3,112992.99,21.100004,21.100004,73.0,40.78,6.311737,5
2025-01-06 16:00:00+00:00,2258.0,9.441999,3.1920002,5.7169995,6.8727474,0.43758965,3.1732314,38500.496,32461.867,2.1000001,2.1000001,18.0,8.53815,55.8,186.82521,6.98,1.1309997,43.699913,32.647392,230570.8,145454.86,23.200005,23.200005,91.0,47.76,7.4427366,6
2025-01-07 16:00:00+00:00,2258.0,9.142,3.592,5.862833,6.4854,1.2348132,3.5127218,38533.617,34737.027,1.3000002,1.3000002,13.0,8.211235,48.6,209.27515,10.07,1.445778,49.562744,36.160114,269104.4,180191.89,24.500004,24.500004,104.0,57.829998,8.8885145,7
2025-01-08 16:00:00+00:00,2258.0,7.7419996,2.242,4.564916,4.935972,-0.2347498,2.206128,38568.875,23825.781,4.1,4.1,15.0,9.109138,51.12,189.11261,7.37,1.0485193,54.12766,38.36624,307673.28,204017.67,28.600004,28.600004,119.0,65.2,9.937034,8
2025-01-09 16:00:00+00:00,2258.0,4.7419996,1.292,2.8669999,2.5109653,-1.2546151,0.3511391,38606.188,17602.848,6.3999996,6.3999996,24.0,6.5049515,42.12,119.55078,5.55,0.8072222,56.99466,38.71738,346279.47,221620.52,35.000004,35.000004,143.0,70.75,10.744256,9
2025-01-10 16:00:00+00:00,2258.0,5.042,2.1920002,3.1045,2.4704375,-0.31959176,0.5678423,38645.48,26557.79,11.0,11.0,24.0,6.489992,49.68,188.21576,5.78,0.8004435,60.09916,39.28522,384924.94,248178.31,46.000004,46.000004,167.0,76.53,11.5447,10
2025-01-11 16:00:00+00:00,2258.0,7.292,1.342,3.7919998,4.856922,-1.0025277,1.2735442,38686.67,32454.098,3.1999993,3.1999993,21.0,5.5596404,45.719997,177.67848,7.8,1.1535919,63.89116,40.558765,423611.62,280632.4,49.200005,49.200005,188.0,84.33,12.698292,11
2025-01-12 16:00:00+00:00,2258.0,11.142,0.742,5.858667,8.696655,-2.474461,3.2746828,38729.69,35688.82,0.5,0.5,5.0,5.495161,41.760002,148.04776,9.11,1.4854769,69.749825,43.833447,462341.3,316321.22,49.700005,49.700005,193.0,93.44,14.183768,12
2025-01-13 16:00:00+00:00,2258.0,12.242,2.6920002,7.252418,10.446309,0.608922,5.3288684,38774.457,35243.195,1.3000001,1.3000001,4.0,6.0721655,46.8,220.18933,13.19,1.9979576,77.00224,49.162315,501115.78,351564.4,51.000004,51.000004,197.0,106.630005,16.181726,13
2025-01-14 16:00:00+00:00,2258.0,7.3919997,2.842,5.439916,6.209649,0.17357206,3.6887503,38820.883,3688.0063,9.500002,9.500002,24.0,6.341009,41.399998,98.619705,3.29,0.5583717,82.44216,52.851067,539936.7,355252.4,60.500008,60.500008,221.0,109.920006,16.740099,14
2025-01-15 16:00:00+00:00,2258.0,8.292,2.6920002,4.34825,5.915881,0.17284107,1.9675533,38868.906,31439.941,2.9,2.9,24.0,5.815978,45.0,167.25177,7.2,1.0717909,86.79041,54.81862,578805.6,386692.34,63.40001,63.40001,245.0,117.12,17.81189,15
2025-01-16 16:00:00+00:00,2258.0,9.892,2.542,5.727417,7.9062853,-0.13975286,3.4316423,38918.45,32925.68,2.8999991,2.8999991,18.0,5.3517847,38.519997,150.45506,7.94,1.2703594,92.51783,58.25026,617724.06,419618.03,66.30001,66.30001,263.0,125.060005,19.082249,16
2025-01-17 16:00:00+00:00,2258.0,9.492,4.1419997,6.1336656,6.7500935,2.1127877,3.995281,38969.426,24029.691,2.6000001,2.6000001,15.0,7.689603,52.199997,221.41783,7.07,1.1342632,98.6515,62.24554,656693.5,443647.72,68.90001,68.90001,278.0,132.13,20.216513,17
2025-01-18 16:00:00+00:00,2258.0,8.792,4.442,6.27325,6.910343,2.649589,4.4377737,39021.777,33855.28,4.5999994,4.5999994,22.0,7.5019197,47.519997,234.51163,9.38,1.2718945,104.92474,66.68331,695715.25,477503.0,73.50001,73.50001,300.0,141.51001,21.488407,18
2025-01-19 16:00:00+00:00,2258.0,10.492,2.6920002,5.7336674,8.122135,0.14934921,3.4303198,39075.414,33693.715,2.1000001,2.1000001,16.0,7.44121,46.44,196.62921,8.97,1.3857739,110.65841,70.11363,734790.7,511196.72,75.600006,75.600006,316.0,150.48001,22.874182,19
2025-01-20 16:00:00+00:00,2258.0,11.592,2.742,6.746166,9.499486,-0.08159828,4.4188757,39130.27,31721.803,0.90000004,0.90000004,8.0,5.2323985,29.519999,153.10703,9.19,1.512384,117.40457,74.53251,773920.94,542918.5,76.50001,76.50001,324.0,159.67001,24.386566,20
2025-01-21 16:00:00+00:00,2258.0,9.592,4.4919996,6.59825,6.9079933,2.5263858,4.532919,39186.273,35760.32,1.1,1.1,10.0,9.0,49.32,222.42514,11.45,1.6132973,124.00282,79.06543,813107.2,578678.8,77.600006,77.600006,334.0,171.12001,25.999863,21
2025-01-22 16:00:00+00:00,2258.0,10.691999,4.042,6.925333,8.827646,2.030593,5.078896,39243.35,35775.26,0.8000001,0.8000001,8.0,8.626865,57.239998,231.62743,13.62,1.9122286,130.92816,84.144325,852350.56,614454.06,78.40001,78.40001,342.0,184.74,27.91209,22
2025-01-23 16:00:00+00:00,2258.0,12.042,5.042,7.952417,10.461161,2.8374,6.190619,39301.43,35495.203,1.4000001,1.4000001,11.0,8.604301,51.12,207.39226,14.09,2.0789986,138.88058,90.334946,891652.0,649949.25,79.80001,79.80001,353.0,198.83,29.991089,23
2025-01-24 16:00:00+00:00,2258.0,11.441999,5.2419996,7.9128337,9.931611,3.3865552,6.374439,39360.445,35716.4,1.5000002,1.5000002,10.0,4.613762,38.16,172.28825,12.43,1.8612514,146.79341,96.70938,931012.44,685665.6,81.30001,81.30001,363.0,211.26001,31.85234,24
2025-01-25 16:00:00+00:00,2258.0,9.691999,2.842,6.3857503,7.518159,0.7365966,4.558424,39420.33,33651.355,4.0000005,4.0000005,21.0,6.2613096,39.96,237.887,11.39,1.6096455,153.17917,101.26781,970432.75,719317.0,85.30001,85.30001,384.0,222.65001,33.461987,25
2025-01-26 16:00:00+00:00,2258.0,2.392,-0.658,0.72324985,0.29049015,-3.9454663,-1.8396405,39481.016,8627.826,17.300001,12.9,24.0,5.506941,40.32,39.625565,3.07,0.47083402,153.90242,99.42817,1009913.75,727944.8,102.60001,98.20001,408.0,225.72002,33.93282,26
2025-01-27 16:00:00+00:00,2258.0,7.092,-2.508,1.6169997,4.793907,-6.2778344,-1.5133109,39543.05,35871.42,1.3000001,1.3000001,12.0,5.5887027,34.92,112.71842,14.46,1.9392776,155.51942,97.914856,1049456.8,763816.25,103.90002,99.500015,420.0,240.18002,35.872097,27
2025-01-28 16:00:00+00:00,2258.0,7.342,-1.158,2.6565835,4.246029,-4.5508795,-0.3794093,39606.668,35895.3,1.4000002,1.4000002,13.0,5.815978,41.760002,165.96368,10.44,1.487405,158.17601,97.535446,1089063.4,799711.56,105.30002,100.90002,433.0,250.62003,37.3595,28
2025-01-29 16:00:00+00:00,2258.0,10.292,1.4920001,5.267,8.004044,-1.0143266,2.872618,39671.773,35255.848,0.4,0.4,4.0,5.020677,37.44,154.82648,11.25,1.694378,163.44301,100.408066,1128735.1,834967.44,105.70002,101.30002,437.0,261.87003,39.05388,29
2025-01-30 16:00:00+00:00,2258.0,9.792,2.992,6.5336666,8.481579,0.5978036,4.851638,39738.285,7626.617,4.7000003,4.7000003,17.0,3.2846913,43.56,121.11874,4.83,0.891439,169.97667,105.259705,1168473.4,842594.06,110.40002,106.000015,454.0,266.7,39.945316,30
2025-01-31 16:00:00+00:00,2258.0,12.342,7.3919997,9.687833,12.087997,6.54062,9.067082,39806.1,26538.652,11.299999,11.299999,23.0,3.536439,49.32,178.6361,7.86,1.3486407,179.6645,114.32679,1208279.5,869132.7,121.70001,117.30002,477.0,274.56,41.293957,31
2025-02-01 16:00:00+00:00,2258.0,10.592,6.842,8.633666,8.698185,5.1406507,7.1190796,39875.133,19614.26,4.0,4.0,23.0,8.893166,64.799995,230.17412,6.4,1.0452864,188.29817,121.44587,1248154.6,888746.94,125.70001,121.30002,500.0,280.96,42.339245,32
2025-02-02 16:00:00+00:00,2258.0,6.692,2.592,4.956583,4.9924364,0.25273132,3.0954502,39945.3,10837.551,11.599999,11.599999,24.0,5.441838,46.079998,212.77031,4.83,0.736693,193.25476,124.54132,1288099.9,899584.5,137.30002,132.90002,524.0,285.78998,43.07594,33
2025-02-03 16:00:00+00:00,2258.0,5.792,0.692,2.8815832,3.8059044,-2.3411689,0.31367257,40016.51,12495.046,7.799999,7.799999,24.0,6.3231,35.28,125.676476,5.49,0.86941695,196.13634,124.854996,1328116.4,912079.56,145.10002,140.70003,548.0,291.27997,43.945354,34
2025-02-04 16:00:00+00:00,2258.0,6.542,1.9920001,3.9149168,3.688972,-0.6755445,1.1613955,40088.684,30220.773,5.9999995,5.9999995,24.0,8.958504,61.56,216.55252,7.12,1.0465462,200.05125,126.01639,1368205.0,942300.3,151.10002,146.70003,572.0,298.39996,44.9919,35
2025-02-05 16:00:00+00:00,2258.0,8.592,2.992,5.7190833,6.1777306,0.48152685,3.545066,40161.723,14717.145,4.1,4.1,23.0,7.823272,50.399998,224.99986,5.83,0.9543922,205.77034,129.56145,1408366.8,957017.44,155.20003,150.80003,595.0,304.22995,45.946293,36
2025-02-06 16:00:00+00:00,2258.0,9.142,2.892,5.6961665,7.108964,0.29326773,3.707243,40235.56,34243.887,1.8000002,1.8000002,13.0,6.9480934,49.32,186.47939,8.31,1.2094834,211.4665,133.26869,1448602.2,991261.3,157.00003,152.60004,608.0,312.53995,47.155777,37
2025-02-07 16:00:00+00:00,2258.0,5.4919996,2.092,3.4149163,3.3781629,-0.48469305,0.96382,40310.11,10530.357,3.8999996,3.8999996,24.0,6.048107,46.8,135.15657,5.68,0.85037273,214.88142,134.23251,1488912.4,1001791.7,160.90002,156.50003,632.0,318.21994,48.00615,38
2025-02-08 16:00:00+00:00,2258.0,8.742,2.992,5.3045,6.7945347,0.56390476,2.9473846,40385.28,23835.83,2.7999995,2.7999995,22.0,6.8777895,48.6,166.82935,7.28,1.1482131,220.18593,137.1799,1529297.6,1025627.5,163.70003,159.30003,654.0,325.49994,49.15436,39
2025-02-09 16:00:00+00:00,2258.0,11.042,3.792,6.8399177,8.75661,1.7560258,4.7841887,40461.008,36000.0,0.6,0.6,6.0,6.601363,51.48,190.76904,9.71,1.5296736,227.02585,141.9641,1569758.6,1061627.5,164.30003,159.90004,660.0,335.20993,50.684036,40
2025-02-10 16:00:00+00:00,2258.0,13.992,3.892,8.8795,12.916832,1.9301748,7.3386064,40537.21,36000.0,0.0,0.0,0.0,5.223103,42.839996,175.14699,14.58,2.3429928,235.90535,149.3027,1610295.9,1097627.5,164.30003,159.90004,660.0,349.78992,53.02703,41
2025-02-11 16:00:00+00:00,2258.0,13.142,8.242,10.219082,13.372486,7.0107775,9.900298,40613.812,0.0,34.7,34.7,23.0,3.438895,38.519997,91.648315,2.22,0.5456792,246.12444,159.203,1650909.8,1097627.5,199.00003,194.60004,683.0,352.00992,53.572712,42
2025-02-12 16:00:00+00:00,2258.0,10.392,7.2419996,8.725333,9.924105,5.7296543,7.634233,40690.73,0.0,47.399998,47.399998,21.0,5.720489,38.519997,122.81376,2.14,0.47607398,254.84976,166.83723,1691600.5,1097627.5,246.40002,242.00003,704.0,354.14993,54.048786,43
2025-02-13 16:00:00+00:00,2258.0,12.742,8.292,10.214916,11.901102,7.129073,9.275115,40767.895,462.97998,1.9000002,1.9000002,11.0,6.6405115,50.76,209.93478,5.05,0.9572772,265.06467,176.11235,1732368.4,1098090.5,248.30002,243.90002,715.0,359.19992,55.00606,44
2025-02-14 16:00:00+00:00,2258.0,17.5775,7.0775,11.048333,16.361828,4.4190264,9.03526,40861.03,36898.06,0.0,0.0,0.0,9.3669195,64.799995,242.28351,20.28,3.3527486,276.113,185.14761,1773229.4,1134988.5,248.30002,243.90002,715.0,379.47992,58.35881,45
2025-02-15 16:00:00+00:00,2258.0,17.727499,6.3775,10.723332,16.747948,2.7649498,8.119586,40938.027,37616.34,0.0,0.0,0.0,9.47012,64.799995,261.94443,21.75,3.784715,286.83633,193.2672,1814167.4,1172604.9,248.30002,243.90002,715.0,401.22992,62.143524,46
2025-02-16 16:00:00+00:00,2258.0,17.3275,5.7275,10.0525,16.176184,2.6365666,7.630322,41015.715,37856.082,0.0,0.0,0.0,9.885262,59.76,281.54807,21.73,3.6399329,296.88882,200.89752,1855183.1,1210461.0,248.30002,243.90002,715.0,422.95993,65.783455,47
2025-02-17 16:00:00+00:00,2258.0,12.427501,5.1275,8.112916,9.547531,2.1204386,5.7084384,41094.363,36000.0,0.0,0.0,0.0,9.178235,63.72,289.7189,13.49,2.147025,305.00174,206.60596,1896277.5,1246461.0,248.30002,243.90002,715.0,436.44992,67.93048,48
2025-02-18 16:00:00+00:00,2258.0,12.877501,5.3775,7.9920826,10.188513,3.207089,6.0035534,41173.9,30912.215,0.0,0.0,0.0,6.989936,51.48,34.380238,10.49,1.7404314,312.99384,212.60951,1937451.4,1277373.2,248.30002,243.90002,715.0,446.9399,69.67091,49
2025-02-19 16:00:00+00:00,2258.0,13.2775,3.8274999,8.2025,10.800291,1.3583064,6.0470138,41254.234,35500.137,0.0,0.0,0.0,6.3690495,47.16,285.1011,13.27,2.1258023,321.19635,218.65652,1978705.6,1312873.4,248.30002,243.90002,715.0,460.2099,71.796715,50
2025-02-20 16:00:00+00:00,2258.0,11.677501,5.6775,8.131666,9.154092,3.630383,6.0307255,41335.316,33894.152,1.6,0.0,7.0,8.913181,57.96,285.77563,11.64,1.8285284,329.328,224.68726,2020041.0,1346767.5,249.90002,243.90002,722.0,471.8499,73.625244,51
2025-02-21 16:00:00+00:00,2258.0,13.3275,5.3275,8.050416,11.6868,2.84437,6.1218147,41417.047,29892.312,0.0,0.0,0.0,6.28713,56.16,162.09059,9.7,1.6530288,337.37842,230.80907,2061458.0,1376659.8,249.90002,243.90002,722.0,481.54993,75.278275,52
2025-02-22 16:00:00+00:00,2258.0,9.377501,6.0775,7.5587497,7.5300226,4.661297,5.87972,41499.37,0.0,1.5000001,1.2,9.0,5.6920996,52.92,298.85953,3.6,0.7327919,344.93716,236.68878,2102957.2,1376659.8,251.40002,245.10002,731.0,485.14993,76.01106,53
2025-02-23 16:00:00+00:00,2258.0,9.177501,5.1275,6.785833,7.4779387,2.9721975,4.9457808,41582.22,21959.586,0.0,0.0,0.0,5.4477882,56.88,89.4695,7.68,1.2125869,351.723,241.63457,2144539.5,1398619.4,251.40002,245.10002,731.0,492.82993,77.22365,54
2025-02-24 16:00:00+00:00,2258.0,14.927501,3.8274999,8.779584,14.670397,0.45449305,6.593197,41665.504,38981.14,0.0,0.0,0.0,7.968939,52.199997,269.44733,19.61,3.0862591,360.50256,248.22777,2186205.0,1437600.5,251.40002,245.10002,731.0,512.43994,80.309906,55
2025-02-25 16:00:00+00:00,2258.0,12.127501,5.7275,8.64625,10.489043,2.5062795,6.7172875,41749.17,20721.562,1.2,1.2,9.0,6.9527545,45.36,272.44955,9.81,1.6869556,369.1488,254.94505,2227954.2,1458322.0,252.60002,246.30002,740.0,522.24994,81.996864,56
2025-02-26 16:00:00+00:00,2258.0,13.377501,6.8775,9.658751,12.104885,5.017865,8.247698,41833.15,37541.305,0.0,0.0,0.0,6.130579,48.96,152.80771,11.49,1.906624,378.80756,263.19275,2269787.5,1495863.2,252.60002,246.30002,740.0,533.7399,83.90349,57
2025-02-27 16:00:00+00:00,2258.0,16.508501,7.4775,11.144792,15.627687,5.193815,9.636487,41917.367,36686.832,0.3,0.0,3.0,11.966954,42.12,242.996,19.72,3.0879276,389.95236,272.82922,2311704.8,1532550.1,252.90002,246.30002,743.0,553.4599,86.99142,58
2025-02-28 16:00:00+00:00,2258.0,17.2085,8.0085,11.8689165,15.554029,5.6217623,9.925081,42001.758,39141.46,0.6,0.0,6.0,14.759999,21.96,203.0513,19.71,3.1327035,401.8213,282.7543,2353706.5,1571691.6,253.50003,246.30002,749.0,573.1699,90.12412,59
2025-03-01 16:00:00+00:00,2258.0,15.2585,8.0085,10.923084,15.021118,5.316387,9.069396,42086.26,37311.707,2.6999998,0.0,15.0,16.327497,20.880001,212.18394,20.17,2.9341578,412.7444,291.8237,2395792.8,1609003.4,256.20004,246.30002,764.0,593.3399,93.05828,60
2025-03-02 16:00:00+00:00,2258.0,14.2085,8.0585,10.6335,14.490433,5.8925667,9.235206,42170.805,39500.445,4.2000003,0.0,18.0,15.141414,16.56,215.20435,23.24,3.08841,423.3779,301.0589,2437963.5,1648503.9,260.40005,246.30002,782.0,616.5799,96.14669,61
2025-03-03 16:00:00+00:00,2258.0,16.4085,7.6085,11.18975,15.599184,5.6097116,9.401613,42255.324,39587.797,0.3,0.0,3.0,15.815435,15.119999,219.95108,23.93,3.5300508,434.56766,310.4605,2480218.8,1688091.6,260.70004,246.30002,785.0,640.5099,99.67674,62
2025-03-04 16:00:00+00:00,2258.0,10.408501,7.5084996,8.885583,8.16708,5.560787,7.094242,42339.758,0.0,5.3999987,3.3,18.0,14.186923,19.8,238.00493,0.94,0.32074878,443.45325,317.55475,2522558.5,1688091.6,266.10004,249.60002,803.0,641.4499,99.99749,63
2025-03-05 16:00:00+00:00,2258.0,9.408501,3.4585001,6.62725,5.864231,0.66053295,3.7623138,42424.035,33981.473,0.9000001,0.0,6.0,17.373497,16.919998,250.66272,12.31,1.415979,450.0805,321.31708,2564982.5,1722073.1,267.00003,249.60002,809.0,653.7599,101.41347,64
2025-03-06 16:00:00+00:00,2258.0,11.3585005,2.5585,6.035583,9.500061,-0.19750643,3.304468,42508.098,39848.273,0.0,0.0,0.0,17.643673,16.199999,250.24046,24.3,2.9017966,456.1161,324.62155,2607490.5,1761921.4,267.00003,249.60002,809.0,678.0599,104.31526,65
2025-03-07 16:00:00+00:00,2258.0,12.0585,1.1585001,6.060583,10.653841,-2.006836,3.4660635,42591.895,39934.34,0.0,0.0,0.0,15.496736,11.5199995,240.22943,23.67,3.002235,462.17667,328.08762,2650082.5,1801855.8,267.00003,249.60002,809.0,701.72986,107.3175,66
