date,elevation,temperature_2m_max,temperature_2m_min,temperature_2m_mean,apparent_temperature_max,apparent_temperature_min,apparent_temperature_mean,daylight_duration,sunshine_duration,precipitation_sum,rain_sum,precipitation_hours,wind_speed_10m_max,wind_gusts_10m_max,wind_direction_10m_dominant,shortwave_radiation_sum,et0_fao_evapotranspiration,cumulative_temperature_2m_mean,cumulative_apparent_temperature_mean,cumulative_daylight_duration,cumulative_sunshine_duration,cumulative_precipitation_sum,cumulative_rain_sum,cumulative_precipitation_hours,cumulative_shortwave_radiation_sum,cumulative_et0_fao_evapotranspiration,day
2025-01-01 16:00:00+00:00,1405.0,13.9975,12.1975,13.022502,14.414497,11.977795,13.30819,38580.77,0.0,13.100002,13.100002,21.0,4.942631,21.24,181.31186,2.22,0.52937394,13.022502,13.30819,38580.77,0.0,13.100002,13.100002,21.0,2.22,0.52937394,1
2025-01-02 16:00:00+00:00,1405.0,14.297501,9.047501,12.024585,14.080782,7.712205,11.576369,38603.883,23643.562,1.4000002,1.4000002,14.0,6.048107,26.64,172.62337,5.95,1.0569388,25.047087,24.88456,77184.66,23643.562,14.500003,14.500003,35.0,8.17,1.5863128,2
2025-01-03 16:00:00+00:00,1405.0,15.7475,8.5975,11.797498,15.388926,6.908619,10.751121,38628.695,35731.934,0.1,0.1,1.0,6.638072,29.88,132.49683,13.05,2.121775,36.844585,35.63568,115813.35,59375.496,14.600003,14.600003,36.0,21.220001,3.7080877,3
2025-01-04 16:00:00+00:00,1405.0,14.1475,9.2475,11.245416,12.893581,8.553984,10.415562,38655.18,34352.492,1.3000001,1.3000001,11.0,7.3997297,31.68,253.13434,10.82,1.7005388,48.09,46.051243,154468.53,93727.984,15.900003,15.900003,47.0,32.04,5.4086266,4
2025-01-05 16:00:00+00:00,1405.0,15.1975,8.1475,11.268334,13.742399,6.2276087,10.075568,38683.316,35735.254,0.0,0.0,0.0,6.391901,35.64,210.92192,12.88,2.046095,59.358334,56.126812,193151.84,129463.234,15.900003,15.900003,47.0,44.920002,7.4547215,5
2025-01-06 16:00:00+00:00,1405.0,13.547501,7.6974998,10.31625,12.541929,5.7344475,9.052262,38713.082,29535.0,1.1,1.1,9.0,7.2022495,36.36,188.5541,8.3,1.3563162,69.67458,65.17908,231864.92,158998.23,17.000004,17.000004,56.0,53.22,8.811038,6
2025-01-07 16:00:00+00:00,1405.0,14.1475,7.2475,10.499583,12.764471,5.504098,9.139987,38744.78,35720.258,0.0,0.0,0.0,6.542201,34.2,199.72238,11.32,1.7856697,80.174164,74.31906,270609.7,194718.5,17.000004,17.000004,56.0,64.54,10.596707,7
2025-01-08 16:00:00+00:00,1405.0,13.6975,7.3475,10.239167,12.369234,5.6987543,8.939666,38778.52,31742.455,2.0,2.0,9.0,5.2416787,31.319998,209.87993,7.34,1.2720155,90.41333,83.25873,309388.22,226460.95,19.000004,19.000004,65.0,71.880005,11.868723,8
2025-01-09 16:00:00+00:00,1405.0,11.797501,7.8475,9.251667,10.649127,5.863598,7.667122,38814.23,32252.139,3.8999994,3.8999994,19.0,5.5829024,30.239998,195.48349,7.88,1.2598594,99.66499,90.92585,348202.44,258713.1,22.900003,22.900003,84.0,79.76,13.128582,9
2025-01-10 16:00:00+00:00,1405.0,11.1975,6.9975,8.649583,9.965435,4.993312,7.0865936,38851.836,32381.498,6.3999996,6.3999996,18.0,5.5829024,35.64,206.95874,8.86,1.3290498,108.314575,98.01244,387054.28,291094.6,29.300003,29.300003,102.0,88.62,14.457632,10
2025-01-11 16:00:00+00:00,1405.0,12.4975,5.6974998,8.559999,10.70254,3.5268335,6.6257195,38891.258,35706.9,0.0,0.0,0.0,7.1684303,33.48,188.26439,11.43,1.7428851,116.87457,104.63816,425945.53,326801.5,29.300003,29.300003,102.0,100.05,16.200518,11
2025-01-12 16:00:00+00:00,1405.0,14.797501,4.1975,8.970416,14.234772,1.7422037,7.1577663,38932.43,35706.914,0.0,0.0,0.0,6.7757506,29.519999,157.08852,14.37,2.236155,125.844986,111.79593,464877.97,362508.4,29.300003,29.300003,102.0,114.420006,18.436672,12
2025-01-13 16:00:00+00:00,1405.0,15.797501,4.1975,10.435001,15.168665,1.9669051,9.176162,38975.273,35708.28,1.3000001,1.3000001,5.0,5.8603754,34.2,212.68872,15.58,2.4415169,136.27998,120.97209,503853.25,398216.7,30.600002,30.600002,107.0,130.0,20.87819,13
2025-01-14 16:00:00+00:00,1405.0,12.047501,8.4975,10.703751,12.076258,6.6459875,10.176192,39019.71,2427.143,3.8,3.8,17.0,7.3447943,32.039997,190.46187,3.01,0.5943494,146.98373,131.14828,542872.94,400643.84,34.4,34.4,124.0,133.01,21.472538,14
2025-01-15 16:00:00+00:00,1405.0,12.6475,7.2975,9.224583,11.301679,5.3368025,7.5415683,39065.676,35160.44,0.0,0.0,0.0,7.0591216,36.0,196.69931,10.18,1.5639873,156.20831,138.68985,581938.6,435804.28,34.4,34.4,124.0,143.19,23.036526,15
2025-01-16 16:00:00+00:00,1405.0,13.6475,6.2475,9.374583,12.221149,3.7754068,7.5177364,39113.098,35720.48,0.0,0.0,0.0,6.391901,27.0,168.47517,10.94,1.7634107,165.5829,146.20758,621051.75,471524.75,34.4,34.4,124.0,154.13,24.799936,16
2025-01-17 16:00:00+00:00,1405.0,13.097501,6.0975,9.789166,11.95418,4.2143917,8.564416,39161.895,28737.908,1.2,1.2,9.0,6.391901,35.28,195.48164,8.55,1.3921762,175.37207,154.772,660213.6,500262.66,35.600002,35.600002,133.0,162.68001,26.192112,17
2025-01-18 16:00:00+00:00,1405.0,14.547501,9.4475,11.197502,13.526218,8.894381,10.526108,39212.004,35735.414,0.5,0.5,5.0,6.391901,32.399998,242.2925,10.39,1.6564802,186.56958,165.29811,699425.6,535998.06,36.100002,36.100002,138.0,173.07,27.848593,18
2025-01-19 16:00:00+00:00,1405.0,15.297501,7.7475,10.970416,14.167837,6.0107985,9.708049,39263.35,35744.93,0.70000005,0.70000005,7.0,7.922045,38.519997,212.20766,12.05,1.9397776,197.54,175.00616,738689.0,571743.0,36.800003,36.800003,145.0,185.12001,29.78837,19
2025-01-20 16:00:00+00:00,1405.0,15.347501,7.0475,11.057918,14.650175,5.344261,9.871542,39315.867,35271.71,0.4,0.4,4.0,5.728979,27.72,149.66794,11.76,1.9475882,208.59792,184.8777,778004.9,607014.7,37.200005,37.200005,149.0,196.88,31.735958,20
2025-01-21 16:00:00+00:00,1405.0,15.1975,6.8975,11.180833,14.128105,5.308873,10.241656,39369.48,35768.094,0.8,0.8,4.0,6.3231,36.36,198.89523,11.78,1.8811424,219.77875,195.11935,817374.4,642782.75,38.000004,38.000004,153.0,208.66,33.6171,21
2025-01-22 16:00:00+00:00,1405.0,16.2975,9.2475,12.207917,15.36511,8.624054,11.528594,39424.12,35781.754,0.0,0.0,0.0,7.970972,37.079998,258.27493,13.87,2.211193,231.98666,206.64795,856798.5,678564.5,38.000004,38.000004,153.0,222.53,35.828293,22
2025-01-23 16:00:00+00:00,1405.0,17.1975,9.4975,12.92875,16.659119,7.409731,11.883381,39479.727,35800.42,0.0,0.0,0.0,7.689603,36.36,222.05348,14.63,2.4179964,244.91542,218.53133,896278.25,714364.94,38.000004,38.000004,153.0,237.16,38.24629,23
2025-01-24 16:00:00+00:00,1405.0,16.6975,9.9475,12.6225,16.160069,8.984977,11.847007,39536.227,35813.25,0.0,0.0,0.0,6.1120534,34.92,227.84666,13.43,2.2184927,257.53793,230.37833,935814.5,750178.2,38.000004,38.000004,153.0,250.59,40.464783,24
2025-01-25 16:00:00+00:00,1405.0,14.1975,8.4975,10.907918,13.001877,7.0485783,9.875305,39593.56,33990.664,1.2,1.2,10.0,6.4624763,30.599998,240.55252,10.63,1.6868747,268.44586,240.25363,975408.06,784168.9,39.200005,39.200005,163.0,261.22,42.151657,25
2025-01-26 16:00:00+00:00,1405.0,8.1975,5.6475,7.005833,6.678376,3.3899436,5.1762366,39651.668,6492.225,4.4999995,4.4999995,15.0,5.6233797,32.399998,220.0754,3.41,0.6150141,275.4517,245.42987,1015059.75,790661.1,43.700005,43.700005,178.0,264.63,42.76667,26
2025-01-27 16:00:00+00:00,1405.0,11.4475,4.6975,7.674583,9.239843,2.4028716,5.3848977,39711.066,35871.207,0.0,0.0,0.0,5.2478566,35.28,191.04887,12.63,1.9041158,283.12628,250.81477,1054770.9,826532.3,43.700005,43.700005,178.0,277.26,44.670788,27
2025-01-28 16:00:00+00:00,1405.0,12.097501,6.2475,8.509999,10.137022,3.8859625,6.5802274,39771.98,35030.805,0.6,0.6,6.0,6.3231,35.28,190.46735,11.37,1.7334503,291.6363,257.395,1094542.9,861563.1,44.300003,44.300003,184.0,288.63,46.40424,28
2025-01-29 16:00:00+00:00,1405.0,14.797501,5.3475,9.582917,13.536232,3.5528083,8.018848,39834.33,36053.57,0.6,0.6,6.0,6.269067,30.960001,165.17963,13.94,2.1875784,301.2192,265.41385,1134377.2,897616.7,44.9,44.9,190.0,302.57,48.59182,29
2025-01-30 16:00:00+00:00,1405.0,13.6975,6.1974998,10.605834,13.905989,4.210491,9.675731,39898.02,13940.578,5.5000005,5.5000005,19.0,5.8048253,30.239998,128.8171,4.69,0.920107,311.82504,275.08957,1174275.2,911557.25,50.4,50.4,209.0,307.26,49.51193,30
2025-01-31 16:00:00+00:00,1405.0,17.6475,10.797501,13.928749,18.483421,10.422956,14.193873,39962.96,32285.086,2.0000002,2.0000002,12.0,5.223103,31.68,194.09894,9.99,1.7785885,325.75378,289.28345,1214238.2,943842.3,52.4,52.4,221.0,317.25,51.290516,31
2025-02-01 16:00:00+00:00,1405.0,17.4975,11.4975,14.016251,16.928974,11.213404,13.829211,40029.07,35998.605,1.5000001,1.5000001,12.0,8.528657,48.239998,242.21713,11.58,1.9917237,339.77002,303.11267,1254267.4,979840.94,53.9,53.9,233.0,328.83,53.282238,32
2025-02-02 16:00:00+00:00,1405.0,13.847501,8.797501,11.116249,12.85224,7.241914,10.159427,40096.27,32747.283,0.9000001,0.9000001,9.0,6.698806,37.44,230.7106,9.06,1.4822531,350.88626,313.2721,1294363.6,1012588.25,54.800003,54.800003,242.0,337.88998,54.764492,33
2025-02-03 16:00:00+00:00,1405.0,10.6475,7.3975,8.651668,9.261245,5.602908,7.008829,40164.47,11897.957,1.5000001,1.5000001,13.0,5.506941,30.239998,203.44128,5.79,1.0129677,359.53793,320.2809,1334528.1,1024486.2,56.300003,56.300003,255.0,343.68,55.77746,34
2025-02-04 16:00:00+00:00,1405.0,12.6975,6.8475,9.380836,10.837037,5.1481266,7.841336,40233.59,36004.273,2.9999998,2.9999998,15.0,8.790563,42.48,222.588,11.61,1.7642851,368.91876,328.12225,1374761.8,1060490.5,59.300003,59.300003,270.0,355.28998,57.541744,35
2025-02-05 16:00:00+00:00,1405.0,14.7475,8.4975,10.976666,13.727953,7.597208,10.028045,40303.55,31329.258,0.8000001,0.8000001,7.0,6.310277,34.2,213.75647,9.77,1.6554432,379.89542,338.1503,1415065.2,1091819.8,60.100002,60.100002,277.0,365.05997,59.19719,36
2025-02-06 16:00:00+00:00,1405.0,15.8975,9.297501,11.651668,14.536112,7.783391,10.529843,40374.273,36297.68,1.2000002,1.2000002,8.0,7.3821945,36.36,217.82573,13.57,2.2124913,391.5471,348.68015,1455439.5,1128117.4,61.300003,61.300003,285.0,378.62997,61.40968,37
2025-02-07 16:00:00+00:00,1405.0,13.097501,7.5475,9.787084,11.710315,5.7101345,8.210801,40445.676,36000.0,2.0000002,2.0000002,12.0,5.8048253,38.519997,206.87088,11.12,1.7400775,401.33417,356.89096,1495885.1,1164117.4,63.300003,63.300003,297.0,389.74997,63.149757,38
2025-02-08 16:00:00+00:00,1405.0,13.4475,6.7475,9.364167,11.986866,5.061387,7.6490235,40517.688,36000.0,0.5,0.5,5.0,5.315336,33.48,203.52031,11.39,1.8256257,410.69833,364.53998,1536402.8,1200117.4,63.800003,63.800003,302.0,401.13998,64.97538,39
2025-02-09 16:00:00+00:00,1405.0,15.297501,7.3475,10.634999,14.368952,5.2636614,9.155786,40590.23,36609.824,0.0,0.0,0.0,7.2044983,40.68,202.06793,14.95,2.3641474,421.33334,373.69577,1576993.0,1236727.2,63.800003,63.800003,302.0,416.09,67.33953,40
2025-02-10 16:00:00+00:00,1405.0,17.8975,6.3975,12.384999,18.091196,4.4366856,11.438691,40663.223,36499.633,0.3,0.3,3.0,5.983477,33.48,155.42235,16.66,2.7960851,433.71835,385.13446,1617656.2,1273226.9,64.100006,64.100006,305.0,432.75,70.13561,41
2025-02-11 16:00:00+00:00,1405.0,14.6475,12.3975,13.587085,15.889187,12.196354,14.137822,40736.6,0.0,35.9,35.9,24.0,3.9477081,26.28,153.53181,1.75,0.48571193,447.30545,399.27228,1658392.9,1273226.9,100.00001,100.00001,329.0,434.5,70.62132,42
2025-02-12 16:00:00+00:00,1405.0,14.597501,12.4975,13.3725,15.286407,12.256231,13.66713,40810.29,0.0,52.59999,52.59999,24.0,4.9785542,31.68,163.31166,2.72,0.60823625,460.67795,412.93942,1699203.1,1273226.9,152.6,152.6,353.0,437.22,71.22956,43
2025-02-13 16:00:00+00:00,1405.0,15.656499,13.1065,13.981499,16.404509,13.825983,14.613506,40881.008,581.5244,1.2,1.1,3.0,5.3999996,33.839996,243.28345,3.44,0.695993,474.65945,427.55292,1740084.1,1273808.4,153.8,153.70001,356.0,440.66,71.92555,44
2025-02-14 16:00:00+00:00,1405.0,19.056501,13.1565,15.5065,21.041542,12.257084,15.794925,40955.19,36000.0,0.0,0.0,0.0,7.968939,48.96,221.1858,16.79,2.7519171,490.16595,443.34784,1781039.4,1309808.4,153.8,153.70001,356.0,457.45,74.67747,45
2025-02-15 16:00:00+00:00,1405.0,20.0065,12.1065,15.40025,21.714014,9.458439,15.066517,41029.484,36367.29,0.0,0.0,0.0,8.225035,48.96,223.7547,20.62,3.5615551,505.5662,458.41437,1822068.9,1346175.6,153.8,153.70001,356.0,478.07,78.23902,46
2025-02-16 16:00:00+00:00,1405.0,17.556501,11.256499,13.960664,18.813803,9.662743,13.353515,41104.45,35525.71,0.0,0.0,0.0,9.114471,41.039997,236.21684,17.18,2.7435174,519.52686,471.76788,1863173.4,1381701.4,153.8,153.70001,356.0,495.25,80.98254,47
2025-02-17 16:00:00+00:00,1405.0,15.7065,9.5564995,12.308583,15.247627,8.476195,11.667114,41180.34,36118.652,0.0,0.0,0.0,7.289445,39.96,290.8545,15.36,2.360855,531.83545,483.435,1904353.8,1417820.0,153.8,153.70001,356.0,510.61,83.34339,48
2025-02-18 16:00:00+00:00,1405.0,15.1565,9.8565,11.971082,14.596399,8.96644,11.376222,41257.086,33803.246,0.0,0.0,0.0,8.311245,32.039997,255.65063,14.46,2.2008634,543.8065,494.81122,1945610.9,1451623.2,153.8,153.70001,356.0,525.07,85.54426,49
2025-02-19 16:00:00+00:00,1405.0,15.2065,9.1065,11.941915,15.29637,7.512534,11.335069,41334.61,27879.6,0.0,0.0,0.0,7.754637,29.88,261.17966,13.76,2.1072333,555.7484,506.1463,1986945.5,1479502.9,153.8,153.70001,356.0,538.83,87.65149,50
2025-02-20 16:00:00+00:00,1405.0,15.4565,10.8064995,12.802333,14.851372,10.115842,12.312238,41412.85,35654.484,0.2,0.0,2.0,9.0,34.92,307.1043,14.2,2.2138956,568.5507,518.45856,2028358.4,1515157.4,154.0,153.70001,358.0,553.03,89.86539,51
2025-02-21 16:00:00+00:00,1405.0,16.5065,10.4565,12.652335,17.020374,9.226276,12.220963,41491.73,30070.121,0.2,0.0,2.0,9.504273,37.8,264.06265,14.46,2.2376583,581.20306,530.6795,2069850.1,1545227.5,154.2,153.70001,360.0,567.49005,92.10304,52
2025-02-22 16:00:00+00:00,1405.0,15.1065,10.6065,12.527333,14.765673,9.158056,11.989315,41571.176,25277.436,0.0,0.0,0.0,7.0911775,30.960001,229.48465,10.26,1.6957006,593.7304,542.6688,2111421.2,1570504.9,154.2,153.70001,360.0,577.75006,93.798744,53
2025-02-23 16:00:00+00:00,1405.0,15.0564995,10.3064995,12.289836,14.852051,9.075478,11.789128,41651.125,37567.14,0.0,0.0,0.0,7.10031,33.839996,250.6409,15.15,2.2704012,606.02026,554.45795,2153072.5,1608072.0,154.2,153.70001,360.0,592.9001,96.069145,54
2025-02-24 16:00:00+00:00,1405.0,13.3064995,8.5564995,10.823167,13.15653,7.644429,10.289905,41731.504,32320.654,0.0,0.0,0.0,7.145796,25.56,305.63986,14.75,2.1129081,616.84344,564.74786,2194804.0,1640392.6,154.2,153.70001,360.0,607.6501,98.18205,55
2025-02-25 16:00:00+00:00,1405.0,13.4065,8.7065,11.066915,12.786827,7.910615,10.434344,41812.25,17652.752,0.0,0.0,0.0,7.289445,26.28,319.9864,9.57,1.4614209,627.91034,575.1822,2236616.2,1658045.4,154.2,153.70001,360.0,617.2201,99.64347,56
2025-02-26 16:00:00+00:00,1405.0,15.0255,10.8565,13.068376,15.595636,10.007778,13.035863,41893.3,1446.1212,0.9000001,0.9000001,6.0,7.9036193,25.199999,133.3865,2.32,0.55007887,640.9787,588.2181,2278509.5,1659491.5,155.09999,154.6,366.0,619.5401,100.19355,57
2025-02-27 16:00:00+00:00,1405.0,20.875502,11.4755,15.467168,21.472788,10.204176,14.984856,41974.586,39316.836,0.0,0.0,0.0,12.819235,9.36,187.92686,21.15,3.5963292,656.44586,603.20294,2320484.0,1698808.4,155.09999,154.6,366.0,640.6901,103.78988,58
2025-02-28 16:00:00+00:00,1405.0,19.0755,12.6255,15.35675,18.619665,9.6604,13.724739,42056.035,20356.95,1.5000001,1.2,6.0,13.004922,10.799999,141.2782,8.68,2.2020156,671.8026,616.9277,2362540.0,1719165.4,156.59999,155.8,372.0,649.3701,105.9919,59
2025-03-01 16:00:00+00:00,1405.0,17.4755,13.4755,15.24425,18.387342,13.196465,15.595212,42137.594,30863.904,5.699999,1.4999999,24.0,8.891344,11.5199995,184.18483,9.46,1.5896754,687.0469,632.5229,2404677.5,1750029.2,162.29999,157.3,396.0,658.83014,107.58157,60
2025-03-02 16:00:00+00:00,1405.0,22.2255,13.4755,16.735918,23.984556,13.5018215,17.481352,42219.195,39570.742,1.5000001,1.2,9.0,10.464797,7.92,311.1119,22.66,3.8558366,703.7828,650.0042,2446896.8,1789600.0,163.79999,158.5,405.0,681.4901,111.43741,61
2025-03-03 16:00:00+00:00,1405.0,15.9255,10.9255,13.546333,15.700733,9.493322,13.482243,42300.773,32843.2,0.0,0.0,0.0,8.435069,6.4799995,308.7325,11.21,1.7888802,717.3291,663.48645,2489197.5,1822443.2,163.79999,158.5,405.0,692.70013,113.22629,62
2025-03-04 16:00:00+00:00,1405.0,14.8255,9.9755,11.9817505,14.172808,8.221087,11.225619,42382.27,23356.045,0.6,0.3,6.0,10.383987,9.72,266.33224,10.75,1.6174661,729.31085,674.7121,2531579.8,1845799.2,164.4,158.8,411.0,703.45013,114.84376,63
2025-03-05 16:00:00+00:00,1405.0,11.9255,10.2755,10.842166,11.393856,9.995994,10.5048685,42463.62,8469.459,2.4000003,2.4000003,9.0,8.714677,6.4799995,305.7618,4.62,0.7909084,740.153,685.217,2574043.2,1854268.8,166.79999,161.2,420.0,708.0701,115.63467,64
2025-03-06 16:00:00+00:00,1405.0,10.7755,9.5755,10.202584,10.251656,8.865315,9.7046385,42544.76,164.80054,0.3,0.3,3.0,4.6800003,4.68,293.03278,2.37,0.5053234,750.3556,694.92163,2616588.0,1854433.5,167.09999,161.5,423.0,710.4401,116.13999,65
