date,elevation,temperature_2m_max,temperature_2m_min,temperature_2m_mean,apparent_temperature_max,apparent_temperature_min,apparent_temperature_mean,daylight_duration,sunshine_duration,precipitation_sum,rain_sum,precipitation_hours,wind_speed_10m_max,wind_gusts_10m_max,wind_direction_10m_dominant,shortwave_radiation_sum,et0_fao_evapotranspiration,cumulative_temperature_2m_mean,cumulative_apparent_temperature_mean,cumulative_daylight_duration,cumulative_sunshine_duration,cumulative_precipitation_sum,cumulative_rain_sum,cumulative_precipitation_hours,cumulative_shortwave_radiation_sum,cumulative_et0_fao_evapotranspiration,day
2025-01-01 16:00:00+00:00,342.0,15.536499,13.9865,15.038583,15.527172,14.29875,14.921704,38337.74,0.0,21.6,21.6,24.0,13.441071,25.56,20.599607,1.77,0.43247885,15.038583,14.921704,38337.74,0.0,21.6,21.6,24.0,1.77,0.43247885,1
2025-01-02 16:00:00+00:00,342.0,15.0865,13.386499,13.821916,14.518482,10.673637,11.784404,38362.01,0.0,5.6999984,5.6999984,22.0,19.879206,37.8,16.342257,3.38,1.0278231,28.860498,26.706108,76699.75,0.0,27.3,27.3,46.0,5.15,1.4603019,2
2025-01-03 16:00:00+00:00,342.0,15.9865,11.4865,14.063583,14.601147,10.069514,12.686675,38388.062,29197.348,3.5,3.5,17.0,14.021525,30.239998,70.06852,10.54,1.8836613,42.92408,39.392784,115087.81,29197.348,30.8,30.8,63.0,15.690001,3.3439631,3
2025-01-04 16:00:00+00:00,342.0,18.5865,13.0865,15.344832,18.985298,12.495249,15.440819,38415.875,31252.764,7.2999997,7.2999997,23.0,9.965239,21.24,112.330605,9.78,1.624183,58.268913,54.833603,153503.69,60450.11,38.1,38.1,86.0,25.470001,4.9681463,4
2025-01-05 16:00:00+00:00,342.0,15.136499,11.9865,13.682334,14.051462,9.065503,11.312279,38445.42,33887.68,0.6,0.6,3.0,19.080849,39.96,24.85994,12.21,2.162154,71.95125,66.14588,191949.11,94337.79,38.699997,38.699997,89.0,37.68,7.1303005,5
2025-01-06 16:00:00+00:00,342.0,13.3365,11.1865,12.055249,10.577026,8.085391,9.336101,38476.676,24457.006,3.9,3.9,12.0,16.925743,33.48,57.233982,8.14,1.7758203,84.0065,75.48198,230425.78,118794.8,42.6,42.6,101.0,45.82,8.90612,6
2025-01-07 16:00:00+00:00,342.0,14.7865,10.0865,12.749,13.420555,8.616001,11.506969,38509.96,20016.125,23.699999,23.699999,24.0,14.20062,25.919998,54.16788,8.22,1.247188,96.7555,86.98895,268935.75,138810.92,66.299995,66.299995,125.0,54.04,10.153308,7
2025-01-08 16:00:00+00:00,342.0,13.2865,9.9865,12.107334,11.449373,6.985627,9.737121,38545.387,14172.639,18.8,18.8,24.0,18.847641,36.0,26.67136,4.54,0.9712608,108.86284,96.726074,307481.12,152983.56,85.09999,85.09999,149.0,58.58,11.124569,8
2025-01-09 16:00:00+00:00,342.0,10.2365,9.386499,9.778167,6.837822,5.56437,6.1135297,38582.88,3945.6875,6.2,6.2,24.0,19.83025,38.16,19.713324,4.58,1.2353711,118.64101,102.83961,346064.0,156929.25,91.29999,91.29999,173.0,63.160004,12.35994,9
2025-01-10 16:00:00+00:00,342.0,11.0865,9.5865,10.165666,8.274605,6.330262,7.271618,38622.36,0.0,14.999999,14.999999,24.0,16.923828,30.599998,27.747606,3.64,0.9707601,128.80667,110.11122,384686.38,156929.25,106.29999,106.29999,197.0,66.8,13.3307,10
2025-01-11 16:00:00+00:00,342.0,12.4865,9.0865,10.721916,8.681078,6.005394,7.4069176,38663.754,28195.469,3.4,3.4,8.0,17.726116,38.16,27.823326,9.04,1.907561,139.5286,117.51814,423350.12,185124.72,109.69999,109.69999,205.0,75.840004,15.238261,11
2025-01-12 16:00:00+00:00,342.0,13.7865,8.6865,11.267751,11.057401,5.827923,8.5737505,38706.98,35183.4,0.0,0.0,0.0,14.087228,30.239998,97.42613,10.39,1.9669006,150.79634,126.091896,462057.1,220308.12,109.69999,109.69999,205.0,86.23,17.205162,12
2025-01-13 16:00:00+00:00,342.0,17.9365,10.4865,14.430249,16.945875,9.166936,13.509707,38751.957,35822.508,0.90000004,0.90000004,2.0,10.962281,24.84,129.36502,12.52,2.080265,165.2266,139.60161,500809.06,256130.62,110.59999,110.59999,207.0,98.75,19.285427,13
2025-01-14 16:00:00+00:00,342.0,15.5865,10.2365,12.857333,15.519484,6.4695406,11.003082,38798.613,38.47412,18.299995,18.299995,24.0,20.69687,39.239998,16.867102,2.64,0.7176641,178.08392,150.60469,539607.7,256169.1,128.9,128.9,231.0,101.39,20.003092,14
2025-01-15 16:00:00+00:00,342.0,11.386499,9.7365,10.563584,8.100185,6.0611115,7.191602,38846.867,4430.511,1.4000001,1.4000001,11.0,18.286617,35.28,32.232784,5.82,1.5716962,188.6475,157.7963,578454.56,260599.61,130.29999,130.29999,242.0,107.21,21.574787,15
2025-01-16 16:00:00+00:00,342.0,11.9865,10.386499,11.086498,8.785844,7.4873257,7.978653,38896.645,22524.82,1.4000002,1.4000002,13.0,15.561413,31.68,42.09365,7.62,1.7881294,199.73401,165.77495,617351.2,283124.44,131.69998,131.69998,255.0,114.83,23.362917,16
2025-01-17 16:00:00+00:00,342.0,15.136499,10.2865,12.817749,14.082239,8.007388,11.416839,38947.87,31807.977,1.8000002,1.8000002,10.0,12.015589,23.039999,87.68232,8.74,1.5392858,212.55176,177.19179,656299.06,314932.4,133.49998,133.49998,265.0,123.57,24.902203,17
2025-01-18 16:00:00+00:00,342.0,14.9365,11.6865,13.807332,14.858183,10.052653,13.032224,39000.47,16133.527,17.700003,17.700003,19.0,14.98331,29.88,30.946772,5.81,1.0109144,226.35909,190.22401,695299.5,331065.94,151.19998,151.19998,284.0,129.38,25.913116,18
2025-01-19 16:00:00+00:00,342.0,15.686501,10.5865,12.930249,13.039827,8.449836,10.665515,39054.363,35866.734,0.1,0.1,1.0,17.229301,33.839996,36.686398,11.87,2.1782355,239.28934,200.88953,734353.9,366932.7,151.29999,151.29999,285.0,141.25,28.091352,19
2025-01-20 16:00:00+00:00,342.0,15.686501,10.6865,13.384416,13.481806,8.925921,11.591775,39109.48,35140.035,0.0,0.0,0.0,13.170786,28.8,83.85197,11.08,1.9809233,252.67375,212.48131,773463.4,402072.72,151.29999,151.29999,285.0,152.33,30.072275,20
2025-01-21 16:00:00+00:00,342.0,17.0865,11.886499,14.349,17.35216,11.02417,14.015595,39165.75,33115.047,9.4,9.4,22.0,11.43248,21.96,145.79803,10.08,1.606133,267.02277,226.4969,812629.1,435187.75,160.69998,160.69998,307.0,162.41,31.678408,21
2025-01-22 16:00:00+00:00,342.0,17.0865,12.886499,15.144834,17.811968,12.712416,15.324157,39223.105,35208.273,33.799995,33.799995,23.0,11.203464,25.919998,36.1933,9.62,1.4577827,282.1676,241.82106,851852.25,470396.03,194.49997,194.49997,330.0,172.03,33.136192,22
2025-01-23 16:00:00+00:00,342.0,18.5865,13.8365,15.815667,17.819265,13.190266,15.292213,39281.465,33545.87,0.8000001,0.8000001,8.0,16.474672,31.68,19.637617,11.89,1.9178066,297.98328,257.11328,891133.7,503941.9,195.29997,195.29997,338.0,183.92,35.054,23
2025-01-24 16:00:00+00:00,342.0,16.4865,14.4365,15.238583,15.23665,13.7265625,14.436759,39340.758,28329.43,3.8999996,3.8999996,22.0,17.682194,33.839996,16.867962,8.72,1.3784051,313.22186,271.55005,930474.44,532271.3,199.19997,199.19997,360.0,192.64,36.432407,24
2025-01-25 16:00:00+00:00,342.0,15.5865,12.136499,14.1115,13.925882,9.35137,12.496648,39400.926,22551.652,5.6999984,5.6999984,24.0,17.84271,39.239998,19.262695,7.92,1.4297419,327.33337,284.0467,969875.4,554822.94,204.89996,204.89996,384.0,200.56,37.86215,25
2025-01-26 16:00:00+00:00,342.0,11.886499,8.0865,9.459416,9.025345,3.414795,5.4789085,39461.902,408.61795,6.2999997,6.2999997,16.0,22.766266,46.079998,6.7329593,3.34,1.2250171,336.7928,289.5256,1009337.25,555231.56,211.19997,211.19997,400.0,203.9,39.087166,26
2025-01-27 16:00:00+00:00,342.0,12.7865,8.386499,9.961499,10.162726,4.589116,6.4947467,39524.23,33271.242,0.0,0.0,0.0,16.802786,34.92,34.29504,14.01,2.5005176,346.75427,296.02036,1048861.5,588502.8,211.19997,211.19997,400.0,217.90999,41.587685,27
2025-01-28 16:00:00+00:00,342.0,11.886499,8.2365,10.049001,8.561878,4.9124546,6.8497596,39588.152,34438.11,0.4,0.4,4.0,15.379206,32.039997,67.85142,11.84,2.0808465,356.80328,302.87012,1088449.6,622940.94,211.59996,211.59996,404.0,229.74998,43.66853,28
2025-01-29 16:00:00+00:00,342.0,16.286499,10.386499,13.10525,13.972631,8.060093,11.165877,39653.57,36000.0,1.0000001,1.0000001,10.0,14.233664,26.64,126.60907,12.59,2.1815321,369.90854,314.03598,1128103.2,658940.94,212.59996,212.59996,414.0,242.33998,45.850063,29
2025-01-30 16:00:00+00:00,342.0,17.1365,10.5865,14.357334,17.846794,9.292818,14.086684,39720.395,10447.807,30.199999,30.199999,24.0,12.570394,28.08,149.95016,5.13,0.8518734,384.26587,328.12265,1167823.6,669388.75,242.79996,242.79996,438.0,247.46999,46.701935,30
2025-01-31 16:00:00+00:00,342.0,19.5865,15.0365,16.913584,21.00028,14.756615,17.635546,39788.535,23931.205,40.7,40.7,24.0,15.275627,27.0,120.936195,8.02,1.3549899,401.17944,345.7582,1207612.1,693319.94,283.49997,283.49997,462.0,255.48999,48.056923,31
2025-02-01 16:00:00+00:00,342.0,15.8365,13.4865,14.613583,14.322037,12.516024,13.671519,39857.895,4021.7422,13.9,13.9,24.0,16.870138,33.839996,30.71333,5.67,0.99310535,415.79303,359.42972,1247470.0,697341.7,297.39996,297.39996,486.0,261.16,49.05003,32
2025-02-02 16:00:00+00:00,342.0,13.386499,10.386499,12.278167,12.574692,7.2108088,10.04708,39928.395,0.0,20.700005,20.700005,24.0,19.980808,41.039997,16.46636,2.55,0.7553744,428.0712,369.4768,1287398.4,697341.7,318.09998,318.09998,510.0,263.71,49.805405,33
2025-02-03 16:00:00+00:00,342.0,11.4865,8.5365,9.788583,7.7212057,5.0225935,6.0937667,39999.945,24909.299,4.9,4.7999997,8.0,20.674158,43.199997,21.926195,9.03,1.83445,437.85977,375.5706,1327398.4,722251.0,322.99997,322.89996,518.0,272.74,51.639854,34
2025-02-04 16:00:00+00:00,342.0,12.2865,8.6865,10.365666,9.574721,5.3619432,7.800787,40072.453,27506.273,8.4,8.4,14.0,14.145756,29.16,92.52671,8.14,1.5623554,448.22543,383.37137,1367470.9,749757.25,331.39996,331.29996,532.0,280.88,53.20221,35
2025-02-05 16:00:00+00:00,342.0,14.3365,10.4365,12.430249,13.038847,9.266229,11.398007,40145.844,8610.565,35.500004,35.500004,24.0,12.9625,25.919998,78.4744,6.6,1.0499899,460.65567,394.76938,1407616.8,758367.8,366.89996,366.79996,556.0,287.48,54.2522,36
2025-02-06 16:00:00+00:00,342.0,12.9365,8.7865,11.621917,12.438305,5.004244,9.247703,40220.03,9759.05,22.199997,22.199997,24.0,20.49156,38.519997,24.70824,4.55,0.9386053,472.2776,404.0171,1447836.8,768126.9,389.09998,388.99994,580.0,292.03,55.190807,37
2025-02-07 16:00:00+00:00,342.0,8.4865,7.1864996,7.6427493,4.5346603,2.859274,3.4479887,40294.926,0.0,8.5,8.5,24.0,21.060001,41.760002,24.155268,4.15,1.0695091,479.92035,407.4651,1488131.6,768126.9,397.59998,397.49994,604.0,296.18,56.260315,38
2025-02-08 16:00:00+00:00,342.0,10.5865,7.7365,9.20525,7.41508,4.0703707,5.757851,40370.457,7533.6733,5.2,5.2,24.0,17.244337,33.839996,37.355183,6.57,1.3793699,489.1256,413.22293,1528502.1,775660.56,402.8,402.69995,628.0,302.75,57.639687,39
2025-02-09 16:00:00+00:00,342.0,14.4365,9.636499,11.66775,11.918337,7.0969496,9.473224,40446.543,34284.383,1.4000001,1.4000001,9.0,13.870515,27.0,92.53911,10.47,1.8059658,500.79337,422.69617,1568948.6,809944.94,404.19998,404.09995,637.0,313.22,59.445652,40
2025-02-10 16:00:00+00:00,342.0,18.9865,10.636499,14.776084,18.68288,9.657139,14.173489,40523.1,35533.74,2.1,2.1,9.0,13.3649235,27.359999,150.26614,14.55,2.2641294,515.56946,436.86966,1609471.8,845478.7,406.3,406.19995,646.0,327.77,61.70978,41
2025-02-11 16:00:00+00:00,342.0,18.3365,15.2865,16.871916,20.083807,14.868944,17.8426,40600.066,0.0,49.300003,49.300003,24.0,12.371645,25.56,163.04271,2.8,0.5730669,532.44135,454.71225,1650071.9,845478.7,455.59998,455.49994,670.0,330.56998,62.28285,42
2025-02-12 16:00:00+00:00,342.0,15.7365,11.9865,12.940669,15.480017,10.548051,11.505646,40677.344,0.0,46.7,46.7,24.0,18.620214,35.64,28.70976,2.16,0.4764327,545.382,466.2179,1690749.2,845478.7,502.3,502.19995,694.0,332.72998,62.75928,43
2025-02-13 16:00:00+00:00,342.0,16.786499,12.136499,14.240665,16.16386,11.104562,13.781739,40754.87,16954.207,2.2999997,2.2999997,13.0,12.810386,24.48,96.71551,7.82,1.2825643,559.6227,479.99963,1731504.1,862432.9,504.59998,504.49994,707.0,340.55,64.04185,44
2025-02-14 16:00:00+00:00,342.0,20.9365,13.4865,17.219831,22.537163,13.491222,18.507423,40832.574,34032.418,0.2,0.2,2.0,9.67657,21.24,101.63361,13.73,2.2617912,576.8425,498.50705,1772336.8,896465.3,504.8,504.69995,709.0,354.28,66.303635,45
2025-02-15 16:00:00+00:00,342.0,18.6365,13.386499,15.651082,18.278759,12.291294,15.006645,40910.39,29723.412,2.2999997,2.2999997,12.0,16.813387,33.839996,21.742012,13.13,2.1311028,592.4936,513.5137,1813247.1,926188.75,507.09998,506.99994,721.0,367.41,68.43474,46
2025-02-16 16:00:00+00:00,342.0,16.261,12.661,14.569332,14.470966,11.452255,13.2463875,40970.973,34060.047,0.0,0.0,0.0,13.37825,30.960001,106.264915,11.93,2.1262147,607.0629,526.7601,1854218.1,960248.8,507.09998,506.99994,721.0,379.34,70.56095,47
2025-02-17 16:00:00+00:00,342.0,14.611,13.061,13.827667,14.005089,12.137278,13.082946,41051.016,0.0,2.2000003,0.1,21.0,10.8955765,24.84,84.74041,1.0,0.48465693,620.8906,539.843,1895269.1,960248.8,509.3,507.09995,742.0,380.34,71.04561,48
2025-02-18 16:00:00+00:00,342.0,15.061,12.961,14.083917,15.003433,11.662055,13.438164,41131.953,0.0,2.1000001,0.0,18.0,11.966953,27.72,111.7285,1.73,0.56163156,634.97455,553.2812,1936401.1,960248.8,511.4,507.09995,760.0,382.07,71.60724,49
2025-02-19 16:00:00+00:00,342.0,18.361,14.461,16.035997,18.652954,14.95092,16.846672,41213.715,13076.021,0.90000004,0.0,4.0,10.137692,23.759998,122.005356,6.92,1.2045135,651.01056,570.12787,1977614.9,973324.8,512.3,507.09995,764.0,388.99002,72.81175,50
2025-02-20 16:00:00+00:00,342.0,16.310999,13.361,14.388082,16.805223,12.749985,14.027954,41296.22,0.0,1.3000002,0.6,11.0,10.636766,23.4,36.47395,1.76,0.55861986,665.3986,584.1558,2018911.1,973324.8,513.6,507.69995,775.0,390.75003,73.37037,51
2025-02-21 16:00:00+00:00,342.0,15.161,13.461,14.177666,15.618738,12.678528,13.916603,41379.402,0.0,3.1999993,1.0000001,22.0,10.594036,24.48,95.83827,1.09,0.3967835,679.5763,598.07245,2060290.5,973324.8,516.8,508.69995,797.0,391.84003,73.76715,52
2025-02-22 16:00:00+00:00,342.0,14.161,12.311,13.590165,14.5929985,11.05093,13.446896,41463.18,0.0,15.900002,14.700002,19.0,9.659814,21.24,46.236355,1.54,0.45922005,693.16644,611.51935,2101753.8,973324.8,532.7,523.39996,816.0,393.38004,74.22637,53
2025-02-23 16:00:00+00:00,342.0,12.111,10.211,11.125584,11.136292,8.090389,9.407868,41547.48,896.778,10.899999,5.7,23.0,13.797912,29.16,89.836296,3.63,0.6999287,704.29205,620.92725,2143301.2,974221.56,543.60004,529.1,839.0,397.01004,74.9263,54
2025-02-24 16:00:00+00:00,342.0,14.711,10.711,13.038082,14.776581,8.867223,12.610875,41632.24,11481.493,0.3,0.0,2.0,10.464797,21.96,134.68694,6.97,1.1199833,717.33014,633.53815,2184933.5,985703.06,543.9,529.1,841.0,403.98004,76.04628,55
2025-02-25 16:00:00+00:00,342.0,15.711,13.561,14.750584,16.68154,13.699228,15.149505,41717.38,0.0,3.0,2.1,9.0,11.901798,24.48,71.878136,2.17,0.5309802,732.08075,648.6876,2226651.0,985703.06,546.9,531.19995,850.0,406.15005,76.57726,56
2025-02-26 16:00:00+00:00,342.0,18.161,15.111,16.327665,19.51396,15.703772,17.518915,41802.836,9847.734,1.2,1.2,9.0,7.9932976,16.919998,359.75922,5.37,1.00214,748.4084,666.20654,2268453.8,995550.8,548.10004,532.39996,859.0,411.52005,77.57941,57
2025-02-27 16:00:00+00:00,342.0,22.311,14.811,18.463083,24.853127,15.120081,20.262804,41888.535,35539.035,0.0,0.0,0.0,7.9526596,19.08,134.9999,16.79,2.8644044,766.87146,686.46936,2310342.2,1031089.9,548.10004,532.39996,859.0,428.31006,80.44381,58
2025-02-28 16:00:00+00:00,342.0,21.411,17.561,19.211,23.025988,19.756361,21.447502,41974.41,16849.168,0.90000004,0.0,3.0,12.10157,26.28,144.28343,11.53,1.9353266,786.08246,707.9169,2352316.8,1047939.06,549.00006,532.39996,862.0,439.84006,82.379135,59
2025-03-01 16:00:00+00:00,342.0,25.489,17.861,21.003504,27.020119,19.603489,23.018755,42060.395,34407.77,0.0,0.0,0.0,10.1376915,10.440001,103.63668,16.81,3.1970577,807.08594,730.9356,2394377.2,1082346.9,549.00006,532.39996,862.0,456.65005,85.576195,60
2025-03-02 16:00:00+00:00,342.0,24.589,18.439,21.393166,26.71643,20.209005,23.454489,42146.42,39244.56,0.0,0.0,0.0,11.159999,6.8399997,81.3749,17.09,3.1758242,828.4791,754.3901,2436523.8,1121591.4,549.00006,532.39996,862.0,473.74005,88.75202,61
2025-03-03 16:00:00+00:00,342.0,26.639,18.939,21.77025,28.172623,21.106747,23.644823,42232.42,35548.906,0.3,0.0,3.0,12.24,7.92,110.42245,15.65,3.113937,850.2494,778.0349,2478756.2,1157140.2,549.30005,532.39996,865.0,489.39005,91.86596,62
2025-03-04 16:00:00+00:00,342.0,22.839,13.739,18.082752,25.140839,13.059256,18.988297,42318.336,24020.064,6.2999988,3.8999994,18.0,15.03835,24.48,29.633844,11.67,1.9462456,868.33215,797.0232,2521074.5,1181160.4,555.60004,536.3,883.0,501.06006,93.8122,63
2025-03-05 16:00:00+00:00,342.0,13.439,10.039,11.316082,12.600376,8.374233,9.870668,42404.094,0.0,9.300002,7.5000005,18.0,13.608762,23.039999,11.25065,1.17,0.43709564,879.64825,806.89386,2563478.5,1181160.4,564.9,543.8,901.0,502.23007,94.2493,64
2025-03-06 16:00:00+00:00,342.0,11.789,9.939,10.753583,10.31874,8.371307,9.380239,42489.633,894.0049,0.0,0.0,0.0,7.42159,15.119999,10.822971,3.41,0.778863,890.40186,816.2741,2605968.2,1182054.4,564.9,543.8,901.0,505.64008,95.02816,65
2025-03-07 16:00:00+00:00,342.0,11.189,10.139,10.624416,10.434357,9.409775,9.724063,42574.895,0.0,0.9000001,0.9000001,9.0,9.021574,14.4,359.56094,1.72,0.48217335,901.02625,825.99817,2648543.2,1182054.4,565.80005,544.7,910.0,507.36008,95.51033,66
2025-03-08 16:00:00+00:00,342.0,13.739,9.939,11.7265005,12.525681,9.231845,10.876236,42660.426,12436.242,0.3,0.3,3.0,8.557102,7.92,357.07016,5.98,1.0765189,912.75275,836.8744,2691203.8,1194490.6,566.10004,545.0,913.0,513.3401,96.586845,67
2025-03-09 16:00:00+00:00,342.0,17.639,10.439,,17.35412,9.230042,,42746.496,,,,0.0,11.542478,6.8399997,,,,,,2733950.2,,,,913.0,,,68
