date,elevation,temperature_2m_max,temperature_2m_min,temperature_2m_mean,apparent_temperature_max,apparent_temperature_min,apparent_temperature_mean,daylight_duration,sunshine_duration,precipitation_sum,rain_sum,precipitation_hours,wind_speed_10m_max,wind_gusts_10m_max,wind_direction_10m_dominant,shortwave_radiation_sum,et0_fao_evapotranspiration,cumulative_temperature_2m_mean,cumulative_apparent_temperature_mean,cumulative_daylight_duration,cumulative_sunshine_duration,cumulative_precipitation_sum,cumulative_rain_sum,cumulative_precipitation_hours,cumulative_shortwave_radiation_sum,cumulative_et0_fao_evapotranspiration,day
2025-01-01 16:00:00+00:00,386.0,15.7205,14.6205,15.435084,16.035515,14.796858,15.559989,38362.227,0.0,21.6,21.6,24.0,13.441071,25.56,20.599607,1.77,0.40179923,15.435084,15.559989,38362.227,0.0,21.6,21.6,24.0,1.77,0.40179923,1
2025-01-02 16:00:00+00:00,386.0,15.4205,14.020499,14.472584,15.08857,11.260471,12.516828,38386.383,0.0,5.6999984,5.6999984,22.0,19.879206,37.8,16.342257,3.38,1.1439774,29.90767,28.076817,76748.61,0.0,27.3,27.3,46.0,5.15,1.5457766,2
2025-01-03 16:00:00+00:00,386.0,16.0705,12.8705,14.310085,14.6950035,11.188902,12.979449,38412.31,29177.822,3.5,3.5,17.0,14.021525,30.239998,70.06852,10.54,1.9434401,44.217754,41.056267,115160.92,29177.822,30.8,30.8,63.0,15.690001,3.4892168,3
2025-01-04 16:00:00+00:00,386.0,18.570501,12.9205,15.760085,18.95816,12.486465,15.940605,38439.99,31234.506,7.2999997,7.2999997,23.0,9.965239,21.24,112.330605,9.78,1.660495,59.97784,56.996872,153600.9,60412.33,38.1,38.1,86.0,25.470001,5.1497116,4
2025-01-05 16:00:00+00:00,386.0,15.3705,12.6705,14.226749,14.885351,9.8524,11.961225,38469.387,33898.387,0.6,0.6,3.0,19.080849,39.96,24.85994,12.21,2.2198148,74.20459,68.9581,192070.3,94310.72,38.699997,38.699997,89.0,37.68,7.3695264,5
2025-01-06 16:00:00+00:00,386.0,13.4705,10.6705,12.487167,10.819956,8.8778925,9.84812,38500.496,24456.254,3.9,3.9,12.0,16.925743,33.48,57.233982,8.14,1.8236036,86.69176,78.80622,230570.8,118766.97,42.6,42.6,101.0,45.82,9.1931305,6
2025-01-07 16:00:00+00:00,386.0,14.4705,10.7205,12.67675,13.519306,9.084665,11.720085,38533.617,20001.434,23.699999,23.699999,24.0,14.20062,25.919998,54.16788,8.22,1.1122993,99.36851,90.526306,269104.4,138768.4,66.299995,66.299995,125.0,54.04,10.305429,7
2025-01-08 16:00:00+00:00,386.0,13.520499,10.070499,12.387166,11.8647175,7.3610306,10.105922,38568.875,14174.059,18.8,18.8,24.0,18.847641,36.0,26.67136,4.54,1.027877,111.75568,100.632225,307673.28,152942.47,85.09999,85.09999,149.0,58.58,11.333306,8
2025-01-09 16:00:00+00:00,386.0,10.7205,9.9705,10.31425,7.5055456,6.286646,6.685023,38606.188,3919.7744,6.2,6.2,24.0,19.83025,38.16,19.713324,4.58,1.3447591,122.06992,107.317245,346279.47,156862.25,91.29999,91.29999,173.0,63.160004,12.678065,9
2025-01-10 16:00:00+00:00,386.0,11.3705,9.7205,10.441333,8.704544,6.887274,7.624887,38645.48,0.0,14.999999,14.999999,24.0,16.923828,30.599998,27.747606,3.64,1.0064569,132.51126,114.94213,384924.94,156862.25,106.29999,106.29999,197.0,66.8,13.684523,10
2025-01-11 16:00:00+00:00,386.0,12.6205,9.770499,11.42675,8.913428,7.4083405,8.197028,38686.67,28192.445,3.4,3.4,8.0,17.726116,38.16,27.823326,9.04,2.000015,143.93802,123.13916,423611.62,185054.69,109.69999,109.69999,205.0,75.840004,15.684538,11
2025-01-12 16:00:00+00:00,386.0,14.020499,10.8705,12.3455,11.275527,8.110798,9.675191,38729.69,35183.594,0.0,0.0,0.0,14.087228,30.239998,97.42613,10.39,2.1401095,156.28352,132.81435,462341.3,220238.28,109.69999,109.69999,205.0,86.23,17.824648,12
2025-01-13 16:00:00+00:00,386.0,17.6705,12.270499,15.055916,16.755337,10.96122,14.177367,38774.457,35835.21,0.90000004,0.90000004,2.0,10.962281,24.84,129.36502,12.52,2.1657522,171.33945,146.99171,501115.78,256073.5,110.59999,110.59999,207.0,98.75,19.9904,13
2025-01-14 16:00:00+00:00,386.0,14.7205,10.8705,13.060084,14.766275,7.167222,11.282929,38820.883,33.481064,18.299995,18.299995,24.0,20.69687,39.239998,16.867102,2.64,0.8099677,184.39954,158.27464,539936.7,256106.98,128.9,128.9,231.0,101.39,20.800367,14
2025-01-15 16:00:00+00:00,386.0,11.6205,10.320499,10.987166,8.621869,6.717868,7.682022,38868.906,4405.16,1.4000001,1.4000001,11.0,18.286617,35.28,32.232784,5.82,1.613455,195.3867,165.95667,578805.6,260512.14,130.29999,130.29999,242.0,107.21,22.413822,15
2025-01-16 16:00:00+00:00,386.0,12.2205,10.8705,11.485084,9.072862,7.943508,8.462323,38918.45,22468.725,1.4000002,1.4000002,13.0,15.561413,31.68,42.09365,7.62,1.8088803,206.87178,174.41899,617724.06,282980.88,131.69998,131.69998,255.0,114.83,24.222702,16
2025-01-17 16:00:00+00:00,386.0,15.320499,11.1705,13.399667,14.417669,8.794573,12.039012,38969.426,31807.52,1.8000002,1.8000002,10.0,12.015589,23.039999,87.68232,8.74,1.6171641,220.27145,186.45801,656693.5,314788.4,133.49998,133.49998,265.0,123.57,25.839867,17
2025-01-18 16:00:00+00:00,386.0,15.1205,12.6205,14.014249,15.121084,12.38357,13.387456,39021.777,16097.846,17.700003,17.700003,19.0,14.98331,29.88,30.946772,5.81,1.0298666,234.2857,199.84546,695715.25,330886.25,151.19998,151.19998,284.0,129.38,26.869734,18
2025-01-19 16:00:00+00:00,386.0,15.820499,13.270499,14.230918,13.280321,11.250084,12.040348,39075.414,35878.664,0.1,0.1,1.0,17.229301,33.839996,36.686398,11.87,2.377643,248.51662,211.8858,734790.7,366764.9,151.29999,151.29999,285.0,141.25,29.247377,19
2025-01-20 16:00:00+00:00,386.0,15.7205,13.6205,14.528834,13.651855,11.576055,12.727633,39130.27,35133.0,0.0,0.0,0.0,13.170786,28.8,83.85197,11.08,2.1752815,263.04544,224.61343,773920.94,401897.9,151.29999,151.29999,285.0,152.33,31.422659,20
2025-01-21 16:00:00+00:00,386.0,17.0205,12.520499,14.972585,17.40207,12.30188,14.70357,39186.273,33091.56,9.4,9.4,22.0,11.43248,21.96,145.79803,10.08,1.656415,278.01804,239.317,813107.2,434989.47,160.69998,160.69998,307.0,162.41,33.079075,21
2025-01-22 16:00:00+00:00,386.0,17.2205,12.6705,15.222585,18.642029,12.60519,15.668636,39243.35,35191.82,33.799995,33.799995,23.0,11.203464,25.919998,36.1933,9.62,1.422296,293.24063,254.98564,852350.56,470181.28,194.49997,194.49997,330.0,172.03,34.50137,22
2025-01-23 16:00:00+00:00,386.0,18.7705,15.1705,16.662169,18.072058,14.625677,16.21842,39301.43,33545.76,0.8000001,0.8000001,8.0,16.474672,31.68,19.637617,11.89,2.0342042,309.9028,271.20407,891652.0,503727.03,195.29997,195.29997,338.0,183.92,36.535572,23
2025-01-24 16:00:00+00:00,386.0,16.9705,15.270499,15.953837,16.168795,14.537458,15.165833,39360.445,28318.72,3.8999996,3.8999996,22.0,17.682194,33.839996,16.867962,8.72,1.5080632,325.85663,286.3699,931012.44,532045.75,199.19997,199.19997,360.0,192.64,38.043636,24
2025-01-25 16:00:00+00:00,386.0,15.9205,13.020499,14.628835,14.451321,10.258331,13.083602,39420.33,22511.062,5.6999984,5.6999984,24.0,17.84271,39.239998,19.262695,7.92,1.517854,340.48547,299.4535,970432.75,554556.8,204.89996,204.89996,384.0,200.56,39.56149,25
2025-01-26 16:00:00+00:00,386.0,12.770499,8.770499,10.212166,9.918395,4.2048674,6.309399,39481.016,400.74484,6.2999997,6.2999997,16.0,22.766266,46.079998,6.7329593,3.34,1.3468078,350.69763,305.76288,1009913.75,554957.56,211.19997,211.19997,400.0,203.9,40.9083,26
2025-01-27 16:00:00+00:00,386.0,12.770499,9.1705,10.4246645,10.143342,5.4224606,7.0133533,39543.05,33247.69,0.0,0.0,0.0,16.802786,34.92,34.29504,14.01,2.5542471,361.12228,312.77625,1049456.8,588205.25,211.19997,211.19997,400.0,217.90999,43.462547,27
2025-01-28 16:00:00+00:00,386.0,11.820499,9.4705,10.5809145,8.573778,6.1030197,7.431177,39606.668,34403.97,0.4,0.4,4.0,15.379206,32.039997,67.85142,11.84,2.146403,371.7032,320.20743,1089063.4,622609.25,211.59996,211.59996,404.0,229.74998,45.60895,28
2025-01-29 16:00:00+00:00,386.0,16.2205,11.1705,13.780915,13.835304,8.636104,11.802642,39671.773,36000.0,1.0000001,1.0000001,10.0,14.233664,26.64,126.60907,12.59,2.3187122,385.4841,332.01007,1128735.1,658609.25,212.59996,212.59996,414.0,242.33998,47.927666,29
2025-01-30 16:00:00+00:00,386.0,17.2705,10.8705,14.939251,17.816544,9.767975,14.870978,39738.285,10410.566,30.199999,30.199999,24.0,12.570394,28.08,149.95016,5.13,0.85850203,400.42334,346.88104,1168473.4,669019.8,242.79996,242.79996,438.0,247.46999,48.786167,30
2025-01-31 16:00:00+00:00,386.0,19.7205,15.9205,17.42675,21.105915,15.624912,18.371334,39806.1,23892.219,40.7,40.7,24.0,15.275627,27.0,120.936195,8.02,1.3685517,417.8501,365.25238,1208279.5,692912.0,283.49997,283.49997,462.0,255.48999,50.15472,31
2025-02-01 16:00:00+00:00,386.0,16.3205,13.7205,15.128831,15.051521,12.916206,14.300471,39875.133,4001.7026,13.9,13.9,24.0,16.870138,33.839996,30.71333,5.67,1.0546013,432.97894,379.55286,1248154.6,696913.7,297.39996,297.39996,486.0,261.16,51.20932,32
2025-02-02 16:00:00+00:00,386.0,13.6705,11.1205,12.668418,13.024389,7.877384,10.5153885,39945.3,0.0,20.700005,20.700005,24.0,19.980808,41.039997,16.46636,2.55,0.8259807,445.64737,390.06824,1288099.9,696913.7,318.09998,318.09998,510.0,263.71,52.0353,33
2025-02-03 16:00:00+00:00,386.0,11.7205,9.570499,10.37675,7.875663,5.7981863,6.6884847,40016.51,24880.732,4.9,4.7999997,8.0,20.674158,43.199997,21.926195,9.03,1.9825494,456.0241,396.7567,1328116.4,721794.44,322.99997,322.89996,518.0,272.74,54.01785,34
2025-02-04 16:00:00+00:00,386.0,12.2205,9.6205,10.572583,9.54044,6.35005,8.085612,40088.684,27452.96,8.4,8.4,14.0,14.145756,29.16,92.52671,8.14,1.5844827,466.59668,404.84232,1368205.0,749247.4,331.39996,331.29996,532.0,280.88,55.602333,35
2025-02-05 16:00:00+00:00,386.0,14.1205,9.9705,12.376751,13.482456,9.038448,11.612039,40161.723,8572.255,35.500004,35.500004,24.0,12.9625,25.919998,78.4744,6.6,0.94845724,478.97342,416.45435,1408366.8,757819.6,366.89996,366.79996,556.0,287.48,56.55079,36
2025-02-06 16:00:00+00:00,386.0,13.520499,9.520499,12.128834,13.147894,5.7114697,9.868531,40235.56,9731.694,22.199997,22.199997,24.0,20.49156,38.519997,24.70824,4.55,1.0066669,491.10226,426.32288,1448602.2,767551.3,389.09998,388.99994,580.0,292.03,57.557457,37
2025-02-07 16:00:00+00:00,386.0,9.2205,7.7705,8.268416,5.2538414,3.4125433,4.0984006,40310.11,0.0,8.5,8.5,24.0,21.060001,41.760002,24.155268,4.15,1.204361,499.37067,430.42126,1488912.4,767551.3,397.59998,397.49994,604.0,296.18,58.761818,38
2025-02-08 16:00:00+00:00,386.0,10.820499,8.2705,9.618417,7.9243193,4.661008,6.2465672,40385.28,7503.0615,5.2,5.2,24.0,17.244337,33.839996,37.355183,6.57,1.4111648,508.98907,436.66785,1529297.6,775054.4,402.8,402.69995,628.0,302.75,60.17298,39
2025-02-09 16:00:00+00:00,386.0,14.4205,10.3705,12.260083,11.9618225,7.9344177,10.139256,40461.008,34266.137,1.4000001,1.4000001,9.0,13.870515,27.0,92.53911,10.47,1.8648535,521.24915,446.8071,1569758.6,809320.5,404.19998,404.09995,637.0,313.22,62.037834,40
2025-02-10 16:00:00+00:00,386.0,18.7705,10.520499,15.278835,18.565893,9.430725,14.773051,40537.21,35521.15,2.1,2.1,9.0,13.3649235,27.359999,150.26614,14.55,2.3338888,536.52795,461.58014,1610295.9,844841.6,406.3,406.19995,646.0,327.77,64.37172,41
2025-02-11 16:00:00+00:00,386.0,18.4705,16.5205,17.472586,20.301199,16.372885,18.7055,40613.812,0.0,49.300003,49.300003,24.0,12.371645,25.56,163.04271,2.8,0.5778375,554.00055,480.28564,1650909.8,844841.6,455.59998,455.49994,670.0,330.56998,64.949554,42
2025-02-12 16:00:00+00:00,386.0,16.4205,12.520499,13.493417,16.515684,11.246581,12.306857,40690.73,0.0,46.7,46.7,24.0,18.620214,35.64,28.70976,2.16,0.44144914,567.49396,492.5925,1691600.5,844841.6,502.3,502.19995,694.0,332.72998,65.39101,43
2025-02-13 16:00:00+00:00,386.0,17.4205,12.7205,15.178834,16.988216,11.987396,15.00029,40767.895,16896.203,2.2999997,2.2999997,13.0,12.810386,24.48,96.71551,7.82,1.3304659,582.6728,507.59277,1732368.4,861737.8,504.59998,504.49994,707.0,340.55,66.72147,44
2025-02-14 16:00:00+00:00,386.0,20.570501,15.320499,18.043417,22.352081,16.1065,19.613539,40845.23,34006.727,0.2,0.2,2.0,9.67657,21.24,101.63361,13.73,2.2703226,600.7162,527.2063,1773213.6,895744.56,504.8,504.69995,709.0,354.28,68.9918,45
2025-02-15 16:00:00+00:00,386.0,19.2705,13.3705,16.491335,19.253561,13.251518,16.205734,40922.684,29717.244,2.2999997,2.2999997,12.0,16.813387,33.839996,21.742012,13.13,2.1691246,617.2075,543.41205,1814136.2,925461.8,507.09998,506.99994,721.0,367.41,71.16092,46
2025-02-16 16:00:00+00:00,386.0,15.974999,12.375,14.283333,14.110771,11.101034,12.886196,40970.973,34060.047,0.0,0.0,0.0,13.37825,30.960001,106.264915,11.93,2.109787,631.49084,556.2982,1855107.2,959521.9,507.09998,506.99994,721.0,379.34,73.270706,47
2025-02-17 16:00:00+00:00,386.0,14.325,12.775,13.541665,13.633507,11.767128,12.709481,41051.016,0.0,2.2000003,0.1,21.0,10.8955765,24.84,84.74041,1.0,0.48069066,645.03253,569.0077,1896158.2,959521.9,509.3,507.09995,742.0,380.34,73.751396,48
2025-02-18 16:00:00+00:00,386.0,14.775,12.675,13.797916,14.622059,11.290938,13.061993,41131.953,0.0,2.1000001,0.0,18.0,11.966953,27.72,111.7285,1.73,0.5577415,658.83044,582.0697,1937290.2,959521.9,511.4,507.09995,760.0,382.07,74.309135,49
2025-02-19 16:00:00+00:00,386.0,18.075,14.175,15.75,18.261477,14.568462,16.454641,41213.715,13076.021,0.90000004,0.0,4.0,10.137692,23.759998,122.005356,6.92,1.198311,674.58044,598.52435,1978504.0,972597.9,512.3,507.09995,764.0,388.99002,75.50745,50
2025-02-20 16:00:00+00:00,386.0,16.025,13.075,14.102085,16.413433,12.373455,13.649396,41296.22,0.0,1.3000002,0.6,11.0,10.636766,23.4,36.47395,1.76,0.55507433,688.68256,612.17377,2019800.2,972597.9,513.6,507.69995,775.0,390.75003,76.06252,51
2025-02-21 16:00:00+00:00,386.0,14.875,13.175,13.891667,15.230286,12.30122,13.53389,41379.402,0.0,3.1999993,1.0000001,22.0,10.594036,24.48,95.83827,1.09,0.39485252,702.5742,625.70764,2061179.6,972597.9,516.8,508.69995,797.0,391.84003,76.457375,52
2025-02-22 16:00:00+00:00,386.0,13.875,12.025,13.304168,14.211214,10.683411,13.068626,41463.18,0.0,15.900002,14.700002,19.0,9.659814,21.24,46.236355,1.54,0.4571759,715.87836,638.77625,2102642.8,972597.9,532.7,523.39996,816.0,393.38004,76.91455,53
2025-02-23 16:00:00+00:00,386.0,11.825,9.925,10.839583,10.767016,7.733078,9.044881,41547.48,896.778,10.899999,5.7,23.0,13.797912,29.16,89.836296,3.63,0.69433206,726.71796,647.8211,2144190.2,973494.6,543.60004,529.1,839.0,397.01004,77.60888,54
2025-02-24 16:00:00+00:00,386.0,14.425,10.425,12.752084,14.393566,8.507788,12.236187,41632.24,11481.493,0.3,0.0,2.0,10.464797,21.96,134.68694,6.97,1.1132144,739.47003,660.0573,2185822.5,984976.1,543.9,529.1,841.0,403.98004,78.72209,55
2025-02-25 16:00:00+00:00,386.0,15.425,13.275,14.464583,16.291285,13.320665,14.763087,41717.38,0.0,3.0,2.1,9.0,11.901798,24.48,71.878136,2.17,0.52872413,753.93463,674.8204,2227540.0,984976.1,546.9,531.19995,850.0,406.15005,79.25082,56
2025-02-26 16:00:00+00:00,386.0,17.875,14.825,16.041666,19.112997,15.314741,17.122782,41802.836,9847.734,1.2,1.2,9.0,7.9932976,16.919998,359.75922,5.37,0.99750936,769.9763,691.9432,2269342.8,994823.9,548.10004,532.39996,859.0,411.52005,80.24833,57
2025-02-27 16:00:00+00:00,386.0,22.025002,14.525,18.177082,24.446257,14.732565,19.858904,41888.535,35539.035,0.0,0.0,0.0,7.9526596,19.08,134.9999,16.79,2.8502264,788.1534,711.80206,2311231.2,1030362.94,548.10004,532.39996,859.0,428.31006,83.09856,58
2025-02-28 16:00:00+00:00,386.0,21.125,17.275002,18.924997,22.60788,19.34575,21.032621,41974.41,16849.168,0.90000004,0.0,3.0,12.10157,26.28,144.28343,11.53,1.9251916,807.07837,732.83466,2353205.8,1047212.1,549.00006,532.39996,862.0,439.84006,85.02375,59
2025-03-01 16:00:00+00:00,386.0,25.203001,17.575,20.7175,26.62137,19.198402,22.611107,42060.395,34407.77,0.0,0.0,0.0,10.1376915,10.440001,103.63668,16.81,3.1804585,827.7959,755.44574,2395266.2,1081619.9,549.00006,532.39996,862.0,456.65005,88.20421,60
2025-03-02 16:00:00+00:00,386.0,24.303001,18.153,21.107168,26.312344,19.803999,23.047636,42146.42,39244.56,0.0,0.0,0.0,11.159999,6.8399997,81.3749,17.09,3.1588447,848.9031,778.49335,2437412.8,1120864.4,549.00006,532.39996,862.0,473.74005,91.36305,61
2025-03-03 16:00:00+00:00,386.0,26.353,18.653,21.484247,27.775536,20.70516,23.240068,42232.42,35548.906,0.3,0.0,3.0,12.24,7.92,110.42245,15.65,3.0973115,870.3873,801.7334,2479645.2,1156413.2,549.30005,532.39996,865.0,489.39005,94.460365,62
2025-03-04 16:00:00+00:00,386.0,22.553001,13.453,17.79675,24.730541,12.67874,18.587143,42318.336,24020.064,6.2999988,3.8999994,18.0,15.03835,24.48,29.633844,11.67,1.9349246,888.1841,820.32056,2521963.5,1180433.4,555.60004,536.3,883.0,501.06006,96.39529,63
2025-03-05 16:00:00+00:00,386.0,13.153,9.752999,11.030084,12.220478,8.021535,9.505511,42404.094,0.0,9.300002,7.5000005,18.0,13.608762,23.039999,11.25065,1.17,0.43389276,899.2142,829.82605,2564367.5,1180433.4,564.9,543.8,901.0,502.23007,96.82918,64
2025-03-06 16:00:00+00:00,386.0,11.502999,9.653,10.467583,9.966421,8.01796,9.024951,42489.633,894.0049,0.0,0.0,0.0,7.42159,15.119999,10.822971,3.41,0.77347267,909.68176,838.851,2606857.2,1181327.4,564.9,543.8,901.0,505.64008,97.60265,65
2025-03-07 16:00:00+00:00,386.0,10.903,9.853,10.338416,10.072226,9.047867,9.362325,42574.895,0.0,0.9000001,0.9000001,9.0,9.021574,14.4,359.56094,1.72,0.47910047,920.0202,848.2133,2649432.2,1181327.4,565.80005,544.7,910.0,507.36008,98.08176,66
2025-03-08 16:00:00+00:00,386.0,13.453,9.653,11.440501,12.161251,8.870161,10.5124445,42660.426,12436.242,0.3,0.3,3.0,8.557102,7.92,357.07016,5.98,1.0694847,931.4607,858.72577,2692092.8,1193763.6,566.10004,545.0,913.0,513.3401,99.151245,67
2025-03-09 16:00:00+00:00,386.0,17.353,10.153,,16.984272,8.870109,,42746.496,,,,0.0,11.542478,6.8399997,,,,,,2734839.2,,,,913.0,,,68
