date,elevation,temperature_2m_max,temperature_2m_min,temperature_2m_mean,apparent_temperature_max,apparent_temperature_min,apparent_temperature_mean,daylight_duration,sunshine_duration,precipitation_sum,rain_sum,precipitation_hours,wind_speed_10m_max,wind_gusts_10m_max,wind_direction_10m_dominant,shortwave_radiation_sum,et0_fao_evapotranspiration,cumulative_temperature_2m_mean,cumulative_apparent_temperature_mean,cumulative_daylight_duration,cumulative_sunshine_duration,cumulative_precipitation_sum,cumulative_rain_sum,cumulative_precipitation_hours,cumulative_shortwave_radiation_sum,cumulative_et0_fao_evapotranspiration,day
2025-01-01 16:00:00+00:00,44.0,17.7215,15.8215,16.72775,15.860413,14.0083065,15.210561,38288.64,122.05724,5.7,5.7,13.0,24.366573,44.639996,44.414604,2.96,1.1791935,16.72775,15.210561,38288.64,122.05724,5.7,5.7,13.0,2.96,1.1791935,1
2025-01-02 16:00:00+00:00,44.0,16.1215,14.7715,15.459,13.711067,10.9704,11.950813,38313.15,5720.02,0.2,0.2,2.0,28.783117,56.16,51.62861,5.09,2.1069646,32.186752,27.161373,76601.79,5842.077,5.8999996,5.8999996,15.0,8.05,3.286158,2
2025-01-03 16:00:00+00:00,44.0,19.771502,14.721499,17.088167,15.888899,10.404148,13.438385,38339.457,34417.277,0.0,0.0,0.0,30.535341,61.920002,74.211075,11.54,3.3492887,49.274918,40.59976,114941.25,40259.355,5.8999996,5.8999996,15.0,19.59,6.6354465,3
2025-01-04 16:00:00+00:00,44.0,18.8215,15.221499,16.490248,19.820288,14.537302,16.407671,38367.535,26712.45,0.2,0.2,2.0,21.30093,35.28,41.423542,8.37,1.444293,65.76517,57.00743,153308.78,66971.805,6.0999994,6.0999994,17.0,27.96,8.07974,4
2025-01-05 16:00:00+00:00,44.0,16.8715,13.6715,15.344418,15.786303,9.1846485,12.511796,38397.363,35471.28,0.0,0.0,0.0,27.050951,51.12,55.77261,14.12,2.845754,81.10959,69.519226,191706.14,102443.086,6.0999994,6.0999994,17.0,42.079998,10.925493,5
2025-01-06 16:00:00+00:00,44.0,17.271502,13.0215,14.731918,13.295103,8.37849,10.60634,38428.918,35172.645,0.0,0.0,0.0,27.83722,54.0,68.75029,12.59,3.2229114,95.84151,80.125565,230135.06,137615.73,6.0999994,6.0999994,17.0,54.67,14.148405,6
2025-01-07 16:00:00+00:00,44.0,18.671501,14.1215,16.154835,16.75637,10.908012,14.038753,38462.523,32623.852,0.0,0.0,0.0,21.222448,41.399998,65.52385,9.91,2.3382452,111.99634,94.164314,268597.6,170239.6,6.0999994,6.0999994,17.0,64.58,16.48665,7
2025-01-08 16:00:00+00:00,44.0,15.3215,11.8715,14.2715,13.425507,7.254367,10.643626,38498.29,12097.009,0.6,0.6,6.0,28.622265,54.36,52.239365,5.76,1.9648316,126.26784,104.80794,307095.88,182336.61,6.6999993,6.6999993,23.0,70.340004,18.451483,8
2025-01-09 16:00:00+00:00,44.0,11.971499,10.7715,11.413167,7.043193,6.0903034,6.5585704,38536.15,0.0,0.5,0.5,5.0,28.673721,54.719997,51.457542,4.39,1.9048662,137.681,111.36651,345632.03,182336.61,7.1999993,7.1999993,28.0,74.73,20.35635,9
2025-01-10 16:00:00+00:00,44.0,14.0715,11.471499,12.352749,9.423376,7.077959,8.186753,38576.01,9725.201,1.4000001,1.4000001,11.0,26.729847,52.56,52.323433,5.28,1.9604548,150.03375,119.55326,384208.03,192061.81,8.599999,8.599999,39.0,80.01,22.316805,10
2025-01-11 16:00:00+00:00,44.0,14.721499,11.2715,12.611084,11.313335,7.8541183,8.971899,38617.8,35600.98,0.0,0.0,0.0,20.093191,37.8,55.511093,14.61,3.0180657,162.64484,128.52516,422825.84,227662.8,8.599999,8.599999,39.0,94.62,25.334871,11
2025-01-12 16:00:00+00:00,44.0,18.6215,11.5215,14.604833,15.16671,7.5494413,10.805176,38661.44,35602.305,0.0,0.0,0.0,26.79341,52.199997,78.83637,16.26,3.4904761,177.24966,139.33034,461487.28,263265.1,8.599999,8.599999,39.0,110.880005,28.825348,12
2025-01-13 16:00:00+00:00,44.0,19.5715,10.8715,15.379834,20.815792,9.525908,15.09557,38706.85,35605.027,0.0,0.0,0.0,16.459915,31.319998,89.12868,15.35,2.5259936,192.6295,154.4259,500194.12,298870.12,8.599999,8.599999,39.0,126.23,31.351341,13
2025-01-14 16:00:00+00:00,44.0,16.0215,11.2715,13.721499,16.632408,6.406313,10.907883,38753.953,0.0,3.7999997,3.7999997,13.0,29.227144,56.519997,38.773155,3.01,1.1499544,206.351,165.33379,538948.06,298870.12,12.4,12.4,52.0,129.24,32.501297,14
2025-01-15 16:00:00+00:00,44.0,14.5715,10.9215,12.248584,10.001048,6.203887,7.8946357,38802.676,27408.805,0.1,0.1,1.0,27.185362,52.199997,54.644684,9.45,2.4443233,218.59958,173.22842,577750.75,326278.94,12.5,12.5,53.0,138.69,34.94562,15
2025-01-16 16:00:00+00:00,44.0,15.3215,11.971499,13.2423315,10.462647,7.5237503,8.703908,38852.926,34795.508,0.0,0.0,0.0,27.86921,53.639996,59.89422,11.91,3.0214627,231.8419,181.93233,616603.7,361074.44,12.5,12.5,53.0,150.6,37.967083,16
2025-01-17 16:00:00+00:00,44.0,19.0715,12.971499,15.827754,17.19704,8.702635,13.795346,38904.64,29759.469,0.4,0.4,4.0,24.957764,47.519997,74.50957,9.77,2.3419094,247.66966,195.72768,655508.3,390833.9,12.9,12.9,57.0,160.37001,40.30899,17
2025-01-18 16:00:00+00:00,44.0,16.1215,13.9215,15.242332,16.149265,11.981329,14.25576,38957.742,22350.186,3.4999995,3.4999995,15.0,16.38,32.039997,32.75289,6.3,1.2550043,262.912,209.98343,694466.06,413184.1,16.4,16.4,72.0,166.67001,41.563995,18
2025-01-19 16:00:00+00:00,44.0,18.521502,13.5215,15.392331,15.880051,10.857908,12.615958,39012.156,35650.785,0.0,0.0,0.0,24.458813,48.6,63.199017,15.79,3.1735892,278.30432,222.59938,733478.25,448834.88,16.4,16.4,72.0,182.46,44.737583,19
2025-01-20 16:00:00+00:00,44.0,20.1215,13.8715,16.636086,17.655643,10.843955,13.779499,39067.8,35663.33,0.0,0.0,0.0,26.07081,53.639996,75.23404,16.55,3.5149667,294.9404,236.37888,772546.06,484498.2,16.4,16.4,72.0,199.01001,48.25255,20
2025-01-21 16:00:00+00:00,44.0,19.3715,13.6715,16.679834,20.711262,12.633097,16.694927,39124.61,30978.074,0.0,0.0,0.0,19.59356,34.92,126.31492,9.91,1.8766234,311.62024,253.0738,811670.7,515476.25,16.4,16.4,72.0,208.92001,50.129173,21
2025-01-22 16:00:00+00:00,44.0,17.4715,15.0715,15.842334,17.34652,14.33856,15.866146,39182.508,25784.21,0.5,0.5,5.0,14.256409,25.56,359.0154,9.33,1.4838557,327.4626,268.93994,850853.2,541260.44,16.9,16.9,77.0,218.25002,51.61303,22
2025-01-23 16:00:00+00:00,44.0,18.3715,15.3715,16.840254,16.68455,14.638666,15.765293,39241.42,24872.83,0.6,0.6,6.0,24.162947,43.199997,42.16157,8.74,1.5850072,344.30283,284.70523,890094.6,566133.25,17.5,17.5,83.0,226.99002,53.198036,23
2025-01-24 16:00:00+00:00,44.0,18.0715,15.9215,16.765255,15.935595,14.154545,15.002065,39301.285,25404.545,1.0000001,1.0000001,10.0,25.476198,46.44,44.033413,8.03,1.6637231,361.06808,299.7073,929395.94,591537.8,18.5,18.5,93.0,235.02002,54.86176,24
2025-01-25 16:00:00+00:00,44.0,17.521502,12.3715,15.290249,15.03554,9.524659,12.887784,39362.027,14891.415,6.0,6.0,10.0,25.051706,46.44,32.995747,6.14,1.5059423,376.35834,312.5951,968757.94,606429.25,24.5,24.5,103.0,241.16002,56.367702,25
2025-01-26 16:00:00+00:00,44.0,12.0715,9.3215,10.142333,8.9135475,4.7975225,5.9804053,39423.582,21986.002,9.4,9.4,14.0,24.387177,46.8,32.572014,7.33,1.6204802,386.50067,318.5755,1008181.5,628415.25,33.9,33.9,117.0,248.49002,57.988182,26
2025-01-27 16:00:00+00:00,44.0,15.0715,9.6215,11.852749,11.107105,5.176016,7.6290054,39486.508,35791.086,0.0,0.0,0.0,25.113064,50.76,65.21283,16.42,3.2917552,398.35342,326.2045,1047668.0,664206.3,33.9,33.9,117.0,264.91003,61.279938,27
2025-01-28 16:00:00+00:00,44.0,16.4715,10.6715,13.221499,12.43042,6.5079155,8.821128,39551.035,35889.008,0.0,0.0,0.0,27.667353,54.0,77.90652,17.15,3.6049998,411.57492,335.02563,1087219.0,700095.3,33.9,33.9,117.0,282.06003,64.88494,28
2025-01-29 16:00:00+00:00,44.0,20.1215,10.8715,15.584,19.646896,8.433115,13.561322,39617.074,35910.758,0.0,0.0,0.0,23.042812,44.28,91.05087,17.33,3.313453,427.15894,348.58694,1126836.1,736006.06,33.9,33.9,117.0,299.39,68.198395,29
2025-01-30 16:00:00+00:00,44.0,18.7215,12.1215,15.638167,19.341875,9.867031,15.28674,39684.53,29104.268,0.1,0.1,1.0,15.858398,29.88,131.87778,8.02,1.5527711,442.7971,363.8737,1166520.6,765110.3,34.0,34.0,118.0,307.41,69.75117,30
2025-01-31 16:00:00+00:00,44.0,20.3715,15.8215,18.048584,21.284748,14.154604,18.277233,39753.316,28108.75,2.8000004,2.8000004,14.0,24.20381,44.28,44.28229,8.58,1.5638632,460.84567,382.1509,1206274.0,793219.06,36.8,36.8,132.0,315.99,71.31503,31
2025-02-01 16:00:00+00:00,44.0,16.8715,15.2715,15.8673315,15.068382,13.1411495,14.083965,39823.336,9446.002,3.4999993,3.4999993,23.0,21.67487,41.760002,40.52175,6.03,1.4068596,476.713,396.23486,1246097.4,802665.06,40.3,40.3,155.0,322.02,72.72189,32
2025-02-02 16:00:00+00:00,44.0,15.3215,11.3215,12.952748,13.126186,7.354457,9.709736,39894.504,0.0,8.900001,8.900001,24.0,25.305208,46.8,32.913467,2.08,0.99601495,489.66577,405.9446,1285991.9,802665.06,49.2,49.2,179.0,324.09998,73.71791,33
2025-02-03 16:00:00+00:00,44.0,13.721499,10.1715,11.56525,9.6196575,5.9126587,7.0901103,39966.727,34904.09,2.4999998,2.4999998,7.0,26.317575,51.12,53.80412,15.07,2.8879526,501.23102,413.03473,1325958.6,837569.1,51.7,51.7,186.0,339.16998,76.605865,34
2025-02-04 16:00:00+00:00,44.0,17.3215,11.4215,14.169418,14.218067,7.23767,10.673427,40039.92,36033.746,0.0,0.0,0.0,24.871935,49.68,81.2474,15.25,3.2772496,515.40045,423.70816,1365998.5,873602.9,51.7,51.7,186.0,354.41998,79.88312,35
2025-02-05 16:00:00+00:00,44.0,18.3215,14.0215,16.161085,16.882246,11.452298,14.193709,40114.004,15878.503,0.5,0.5,5.0,20.090773,35.28,75.04656,7.28,1.9920751,531.5615,437.90186,1406112.5,889481.4,52.2,52.2,191.0,361.69998,81.87519,36
2025-02-06 16:00:00+00:00,44.0,15.721499,10.4215,13.219418,14.0843525,5.3510246,9.682465,40188.89,0.0,7.999999,7.999999,24.0,29.05983,56.519997,47.75797,2.8,1.27257,544.78094,447.58432,1446301.4,889481.4,60.2,60.2,215.0,364.49997,83.14776,37
2025-02-07 16:00:00+00:00,44.0,10.0215,8.7715,9.319416,4.790001,3.1026578,3.7213118,40264.496,1705.6477,2.5999997,2.5999997,17.0,31.345333,59.399998,53.74214,5.32,1.7958446,554.10034,451.30563,1486565.9,891187.0,62.8,62.8,232.0,369.81998,84.9436,38
2025-02-08 16:00:00+00:00,44.0,13.721499,9.5715,11.54025,8.928669,4.572301,6.7463403,40340.74,26907.494,0.0,0.0,0.0,28.656202,55.079998,58.530285,10.18,2.571447,565.64056,458.05197,1526906.6,918094.5,62.8,62.8,232.0,379.99997,87.51505,39
2025-02-09 16:00:00+00:00,44.0,18.4715,12.1715,15.027751,16.660313,7.819832,11.887568,40417.54,36403.754,0.0,0.0,0.0,25.071096,47.16,73.68802,15.6,3.3094132,580.66833,469.93954,1567324.1,954498.25,62.8,62.8,232.0,395.59998,90.82446,40
2025-02-10 16:00:00+00:00,44.0,20.4715,11.3215,16.5215,22.226593,9.712283,16.756498,40494.82,36401.89,0.0,0.0,0.0,15.484185,32.039997,100.31292,18.44,3.0781276,597.1898,486.69604,1607819.0,990900.1,62.8,62.8,232.0,414.03998,93.90259,41
2025-02-11 16:00:00+00:00,44.0,19.521502,15.221499,17.500668,21.760872,15.491535,18.648012,40572.504,0.0,20.999998,20.999998,19.0,24.709877,54.719997,66.74078,3.28,0.75347054,614.6905,505.34406,1648391.5,990900.1,83.799995,83.799995,251.0,417.31998,94.65606,42
2025-02-12 16:00:00+00:00,44.0,15.6215,13.721499,14.794418,13.158358,10.649703,11.469287,40650.508,0.0,29.5,29.5,16.0,29.406729,57.96,59.39832,4.44,1.4337112,629.4849,516.81335,1689042.0,990900.1,113.299995,113.299995,267.0,421.75998,96.08977,43
2025-02-13 16:00:00+00:00,44.0,20.521502,14.971499,17.38192,19.48783,11.573153,15.926064,40728.766,35813.375,0.0,0.0,0.0,26.684355,49.68,69.1076,12.8,2.5076096,646.8668,532.73944,1729770.8,1026713.5,113.299995,113.299995,267.0,434.55997,98.597374,44
2025-02-14 16:00:00+00:00,44.0,20.421501,15.0215,17.736086,22.97825,15.328932,19.060547,40807.2,36500.74,0.0,0.0,0.0,11.091564,22.68,13.301702,17.36,2.7231154,664.6029,551.8,1770578.0,1063214.2,113.299995,113.299995,267.0,451.91998,101.32049,45
2025-02-15 16:00:00+00:00,44.0,20.984999,15.435,17.726664,20.109941,13.627134,17.080965,40891.914,34731.742,0.0,0.0,0.0,27.66384,48.96,34.364666,16.12,2.73624,682.3296,568.881,1811469.9,1097946.0,113.299995,113.299995,267.0,468.03998,104.056725,46
2025-02-16 16:00:00+00:00,44.0,21.385,14.885,17.466248,17.01981,9.413118,13.283187,40970.973,36381.777,0.0,0.0,0.0,38.776527,70.56,38.52137,18.95,4.7205257,699.79584,582.1642,1852440.9,1134327.8,113.299995,113.299995,267.0,486.99,108.77725,47
2025-02-17 16:00:00+00:00,44.0,17.135,15.235001,15.887082,13.536114,11.014878,12.189588,41051.016,18155.232,1.4000001,0.0,8.0,35.756172,64.799995,33.00468,8.75,2.4564018,715.6829,594.35376,1893491.9,1152483.0,114.7,113.299995,275.0,495.74,111.23366,48
2025-02-18 16:00:00+00:00,44.0,20.135,14.635,16.91,18.335838,11.295178,14.904763,41131.953,31373.705,0.3,0.0,3.0,25.922499,51.12,34.38043,11.49,2.6737,732.5929,609.25854,1934623.9,1183856.8,115.0,113.299995,278.0,507.22998,113.90736,49
2025-02-19 16:00:00+00:00,44.0,21.234999,14.735001,17.280832,21.443544,15.174131,17.564829,41213.715,32096.309,0.1,0.0,1.0,19.483284,34.56,17.110325,12.68,2.2327774,749.8737,626.82336,1975837.6,1215953.0,115.1,113.299995,279.0,519.91,116.14014,50
2025-02-20 16:00:00+00:00,44.0,16.734999,14.285001,15.295417,14.756342,9.640467,11.365498,41296.22,9645.901,0.1,0.1,1.0,39.18712,70.92,30.51099,7.23,1.8757153,765.1691,638.18884,2017133.9,1225598.9,115.2,113.399994,280.0,527.13995,118.015854,51
2025-02-21 16:00:00+00:00,44.0,20.035,14.585,16.50375,17.682192,10.858164,13.348268,41379.402,31846.191,0.2,0.0,2.0,32.783726,61.199997,33.331696,14.81,2.9602609,781.67285,651.5371,2058513.2,1257445.1,115.399994,113.399994,282.0,541.94995,120.97611,52
2025-02-22 16:00:00+00:00,44.0,15.135,13.685,14.264168,12.020529,7.7803097,10.119284,41463.18,0.0,14.200001,14.300001,12.0,40.813583,74.159996,28.425228,3.41,1.3059025,795.937,661.6564,2099976.5,1257445.1,129.59999,127.7,294.0,545.3599,122.28201,53
2025-02-23 16:00:00+00:00,44.0,15.135,12.385,13.541249,8.658979,6.177041,7.5580697,41547.48,32853.05,0.1,0.0,1.0,44.303406,81.36,38.02663,13.59,2.8583908,809.4783,669.2144,2141524.0,1290298.1,129.7,127.7,295.0,558.94995,125.1404,54
2025-02-24 16:00:00+00:00,44.0,18.785,12.585,15.272499,18.19552,9.395316,14.111389,41632.24,37182.26,0.0,0.0,0.0,20.532627,40.32,16.74831,15.81,2.5706341,824.7508,683.3258,2183156.2,1327480.4,129.7,127.7,295.0,574.75995,127.71104,55
2025-02-25 16:00:00+00:00,44.0,17.785,14.785001,16.235,16.25482,14.571894,15.359134,41717.38,0.0,0.6,0.6,6.0,23.469128,41.760002,27.34479,5.55,1.1021305,840.9858,698.68494,2224873.8,1327480.4,130.3,128.3,301.0,580.30994,128.81317,56
2025-02-26 16:00:00+00:00,44.0,18.135,14.585,16.0725,19.061203,15.022102,16.568745,41802.836,9820.837,0.0,0.0,0.0,10.086427,19.8,12.732816,6.78,1.215141,857.0583,715.25366,2266676.5,1337301.2,130.3,128.3,301.0,587.08997,130.0283,57
2025-02-27 16:00:00+00:00,44.0,22.385,12.885,17.322496,24.75954,13.107962,18.62676,41888.535,38586.27,0.0,0.0,0.0,15.256526,27.359999,3.7888062,19.46,3.0483484,874.3808,733.88043,2308565.0,1375887.5,130.3,128.3,301.0,606.55,133.07666,58
2025-02-28 16:00:00+00:00,44.0,25.622,15.585,21.028957,25.859661,17.220974,22.136213,41974.41,35586.516,0.0,0.0,0.0,14.934577,15.4800005,275.98654,14.48,3.0251424,895.4097,756.01666,2350539.5,1411474.0,130.3,128.3,301.0,621.02997,136.1018,59
2025-03-01 16:00:00+00:00,44.0,24.122,19.972,21.542833,26.905502,21.575953,23.694017,42060.395,8481.1875,0.9000001,0.6,9.0,6.8777895,15.84,355.31415,4.23,1.0668089,916.9526,779.7107,2392600.0,1419955.2,131.2,128.90001,310.0,625.25995,137.16861,60
2025-03-02 16:00:00+00:00,44.0,22.072,17.122,19.701168,23.318089,16.228941,20.462545,42146.42,34942.664,2.1,0.0,9.0,14.799459,42.48,88.01208,16.91,3.0894108,936.65375,800.1732,2434746.5,1454897.9,133.3,128.90001,319.0,642.1699,140.25803,61
2025-03-03 16:00:00+00:00,44.0,21.572,16.422,17.919916,20.876095,14.977299,16.700872,42232.42,25004.314,0.3,0.3,3.0,17.826363,40.32,63.065174,11.23,2.692658,954.57367,816.8741,2476979.0,1479902.2,133.6,129.20001,322.0,653.3999,142.95068,62
2025-03-04 16:00:00+00:00,44.0,21.522001,15.972,17.749083,22.220722,15.178734,17.335438,42318.336,34637.273,0.0,0.0,0.0,16.45007,34.56,41.04757,16.05,2.91096,972.32275,834.20953,2519297.2,1514539.5,133.6,129.20001,322.0,669.4499,145.86165,63
2025-03-05 16:00:00+00:00,44.0,17.522001,15.472,16.261583,15.932383,12.600985,14.576232,42404.094,21887.422,1.5,1.5,6.0,25.11758,38.88,25.008728,7.18,1.611629,988.58435,848.78577,2561701.2,1536426.9,135.1,130.70001,328.0,676.6299,147.47328,64
2025-03-06 16:00:00+00:00,44.0,15.422001,13.222,14.06575,13.316788,10.566001,11.565644,42489.633,1443.5905,0.90000004,0.90000004,3.0,21.67786,43.199997,32.802013,2.52,1.1070453,1002.6501,860.35144,2604191.0,1537870.5,136.0,131.6,331.0,679.1499,148.58032,65
2025-03-07 16:00:00+00:00,44.0,19.822,13.222,15.965749,17.883894,10.700926,13.90549,42574.895,28301.67,0.0,0.0,0.0,21.794127,42.12,44.83465,15.18,3.0910728,1018.61584,874.25696,2646766.0,1566172.1,136.0,131.6,331.0,694.3299,151.6714,66
2025-03-08 16:00:00+00:00,44.0,23.722,15.172001,19.034498,23.883778,14.311861,,42660.426,39515.22,0.0,0.0,0.0,16.80857,19.8,,21.54,,1037.6504,,2689426.5,1605687.4,136.0,131.6,331.0,715.8699,,67
