date,elevation,temperature_2m_max,temperature_2m_min,temperature_2m_mean,apparent_temperature_max,apparent_temperature_min,apparent_temperature_mean,daylight_duration,sunshine_duration,precipitation_sum,rain_sum,precipitation_hours,wind_speed_10m_max,wind_gusts_10m_max,wind_direction_10m_dominant,shortwave_radiation_sum,et0_fao_evapotranspiration,cumulative_temperature_2m_mean,cumulative_apparent_temperature_mean,cumulative_daylight_duration,cumulative_sunshine_duration,cumulative_precipitation_sum,cumulative_rain_sum,cumulative_precipitation_hours,cumulative_shortwave_radiation_sum,cumulative_et0_fao_evapotranspiration,day
2025-01-01 16:00:00+00:00,1099.0,17.339,15.139,16.228584,19.451435,16.40672,17.70786,38652.91,350.8278,8.300002,8.300002,24.0,4.942631,14.04,74.59343,2.49,0.5907162,16.228584,17.70786,38652.91,350.8278,8.300002,8.300002,24.0,2.49,0.5907162,1
2025-01-02 16:00:00+00:00,1099.0,17.039,12.589,15.263999,18.645264,12.424166,16.286013,38675.68,3575.1052,6.8999996,6.8999996,23.0,6.2613096,20.16,94.43504,3.16,0.7097869,31.492584,33.993874,77328.59,3925.933,15.200002,15.200002,47.0,5.65,1.300503,2
2025-01-03 16:00:00+00:00,1099.0,17.989,10.889,14.23275,18.457945,9.896914,14.065644,38700.12,35797.383,0.6,0.6,3.0,7.0774574,28.8,90.63076,13.27,2.2274325,45.725334,48.059517,116028.72,39723.316,15.800002,15.800002,50.0,18.92,3.5279355,3
2025-01-04 16:00:00+00:00,1099.0,17.589,12.589,14.509833,17.71851,12.142071,14.577312,38726.215,35785.17,0.0,0.0,0.0,6.424764,21.96,62.57135,10.85,1.8693771,60.23517,62.63683,154754.94,75508.484,15.800002,15.800002,50.0,29.77,5.3973126,4
2025-01-05 16:00:00+00:00,1099.0,18.139,10.089,14.036918,18.766352,9.094273,13.840408,38753.938,35774.758,0.0,0.0,0.0,5.950899,24.119999,95.19439,14.47,2.434969,74.27209,76.477234,193508.88,111283.24,15.800002,15.800002,50.0,44.24,7.8322816,5
2025-01-06 16:00:00+00:00,1099.0,15.839,11.089,12.939,15.785923,10.09955,12.508744,38783.258,32282.012,0.3,0.3,3.0,6.21717,22.68,94.06934,9.87,1.6615276,87.21109,88.98598,232292.12,143565.25,16.100002,16.100002,53.0,54.11,9.493809,6
2025-01-07 16:00:00+00:00,1099.0,17.339,7.889,12.989002,18.038195,6.5317802,12.620757,38814.484,35759.28,0.1,0.1,1.0,6.130579,25.56,76.28673,15.52,2.5040736,100.20009,101.606735,271106.62,179324.53,16.200003,16.200003,54.0,69.630005,11.997883,7
2025-01-08 16:00:00+00:00,1099.0,17.039,8.939,13.053582,16.930105,7.467374,12.720268,38847.727,26232.6,2.2,2.2,8.0,5.6492476,19.8,74.43075,10.69,1.848552,113.25367,114.327,309954.34,205557.12,18.400003,18.400003,62.0,80.32001,13.846435,8
2025-01-09 16:00:00+00:00,1099.0,14.039,10.039,11.901501,14.469427,9.5906315,11.826001,38882.91,12229.593,6.9000006,6.9000006,20.0,3.96,21.96,92.45665,4.75,0.87662,125.15517,126.15301,348837.25,217786.72,25.300003,25.300003,82.0,85.07001,14.723055,9
2025-01-10 16:00:00+00:00,1099.0,13.389,9.989,11.259834,13.569729,9.419926,10.998688,38919.953,21682.479,5.9999995,5.9999995,18.0,4.6730714,21.96,127.13098,6.47,1.0959872,136.41501,137.1517,387757.2,239469.2,31.300003,31.300003,100.0,91.54001,15.819042,10
2025-01-11 16:00:00+00:00,1099.0,15.189,7.039,10.955667,15.500927,5.250224,10.095996,38958.797,35744.777,0.0,0.0,0.0,6.5693827,23.039999,83.42951,14.19,2.2413177,147.37068,147.2477,426716.0,275213.97,31.300003,31.300003,100.0,105.73001,18.06036,11
2025-01-12 16:00:00+00:00,1099.0,16.339,5.5889997,10.5077505,17.058224,3.2205276,9.407258,38999.36,35744.47,0.0,0.0,0.0,7.2359104,26.28,90.12352,15.62,2.5147026,157.87843,156.65495,465715.38,310958.44,31.300003,31.300003,100.0,121.35001,20.575062,12
2025-01-13 16:00:00+00:00,1099.0,18.389,5.489,12.372334,18.738,3.1912851,11.757706,39041.57,35745.508,0.9,0.9,4.0,7.172949,20.519999,76.28848,14.55,2.458746,170.25076,168.41266,504756.94,346703.94,32.200005,32.200005,104.0,135.90001,23.033808,13
2025-01-14 16:00:00+00:00,1099.0,15.339,11.389,13.843167,16.248047,10.996716,14.417193,39085.355,0.0,9.3,9.3,21.0,5.634891,16.919998,82.83656,1.83,0.4845421,184.09393,182.82985,543842.3,346703.94,41.500004,41.500004,125.0,137.73001,23.51835,14
2025-01-15 16:00:00+00:00,1099.0,14.389,9.989,11.832752,14.292458,9.146192,11.530128,39130.645,25424.9,3.3000002,3.3000002,19.0,5.5216303,22.319998,125.250145,7.87,1.325218,195.92668,194.35997,582972.94,372128.84,44.800003,44.800003,144.0,145.6,24.843569,15
2025-01-16 16:00:00+00:00,1099.0,15.389,6.439,11.074418,15.419973,4.703308,10.130836,39177.363,29959.26,0.0,0.0,0.0,6.3231,25.199999,95.91066,12.89,2.0773866,207.0011,204.4908,622150.3,402088.1,44.800003,44.800003,144.0,158.49,26.920956,16
2025-01-17 16:00:00+00:00,1099.0,15.039,7.539,11.641084,15.084417,5.6011257,11.126048,39225.44,17059.646,3.0,3.0,13.0,6.725354,19.44,83.20222,6.05,1.1109982,218.64218,215.61685,661375.75,419147.75,47.800003,47.800003,157.0,164.54001,28.031954,17
2025-01-18 16:00:00+00:00,1099.0,18.139,12.389,14.668167,18.342812,12.599575,14.981365,39274.812,35770.793,0.9000001,0.9000001,6.0,5.223103,23.759998,10.304766,12.47,2.105951,233.31035,230.59822,700650.56,454918.53,48.700005,48.700005,163.0,177.01001,30.137905,18
2025-01-19 16:00:00+00:00,1099.0,18.039,9.739,13.788999,18.62427,8.619329,13.571528,39325.402,35779.918,0.0,0.0,0.0,8.11798,30.599998,120.19164,15.07,2.4829855,247.09935,244.16975,739975.94,490698.44,48.700005,48.700005,163.0,192.08002,32.62089,19
2025-01-20 16:00:00+00:00,1099.0,17.689,9.339,13.343167,18.370817,7.9160624,12.950702,39377.14,35790.402,0.0,0.0,0.0,7.3821945,29.16,96.08332,14.4,2.4080236,260.4425,257.12045,779353.06,526488.8,48.700005,48.700005,163.0,206.48001,35.028915,20
2025-01-21 16:00:00+00:00,1099.0,17.739,9.539,13.8265,17.795635,8.49113,13.641331,39429.97,25247.268,0.8000001,0.8000001,7.0,6.4323244,19.44,85.86327,7.47,1.4152241,274.269,270.76178,818783.0,551736.06,49.500004,49.500004,170.0,213.95001,36.444138,21
2025-01-22 16:00:00+00:00,1099.0,19.889,11.889,15.707751,20.226597,11.567457,16.031317,39483.812,35733.457,0.0,0.0,0.0,7.9138603,29.519999,1.0964141,15.88,2.690851,289.97678,286.7931,858266.8,587469.5,49.500004,49.500004,170.0,229.83002,39.134987,22
2025-01-23 16:00:00+00:00,1099.0,20.189,11.439,15.703582,21.02588,10.588869,15.910268,39538.605,35830.117,0.0,0.0,0.0,6.778141,24.48,113.157005,14.03,2.4911342,305.68036,302.70337,897805.44,623299.6,49.500004,49.500004,170.0,243.86002,41.62612,23
2025-01-24 16:00:00+00:00,1099.0,19.589,12.089,15.526501,20.77954,11.861362,16.016516,39594.273,35846.125,0.2,0.2,2.0,7.731622,28.08,118.86708,15.64,2.683886,321.20685,318.71988,937399.7,659145.75,49.700005,49.700005,172.0,259.50003,44.31001,24
2025-01-25 16:00:00+00:00,1099.0,16.689,12.139,13.959831,17.016214,12.186398,14.105376,39650.766,32401.44,1.5000002,1.5000002,11.0,5.5450516,23.759998,206.56528,12.41,2.0435224,335.1667,332.82526,977050.44,691547.2,51.200005,51.200005,183.0,271.91003,46.35353,25
2025-01-26 16:00:00+00:00,1099.0,11.489,8.639,10.447333,11.294747,7.604656,10.018107,39708.023,1974.6058,6.1,6.1,15.0,4.1085763,22.319998,84.60618,3.2,0.6570309,345.614,342.84335,1016758.44,693521.8,57.300003,57.300003,198.0,275.11005,47.010563,26
2025-01-27 16:00:00+00:00,1099.0,13.739,7.939,10.474416,12.876829,6.352352,9.399322,39766.555,32784.273,0.9000001,0.9000001,8.0,6.0077944,23.759998,111.52748,9.87,1.624382,356.08844,352.24268,1056525.0,726306.06,58.200005,58.200005,206.0,284.98004,48.634945,27
2025-01-28 16:00:00+00:00,1099.0,13.839,9.239,10.991082,13.526394,8.057734,10.250957,39826.58,28884.713,0.3,0.3,3.0,6.0721655,24.119999,113.397766,9.6,1.5848294,367.07953,362.49362,1096351.6,755190.75,58.500004,58.500004,209.0,294.58005,50.219776,28
2025-01-29 16:00:00+00:00,1099.0,17.239,6.8389997,11.934833,17.542131,4.9532833,11.188686,39888.01,36080.957,0.0,0.0,0.0,6.87779,26.28,89.71709,15.42,2.515615,379.01437,373.6823,1136239.6,791271.7,58.500004,58.500004,209.0,310.00006,52.73539,29
2025-01-30 16:00:00+00:00,1099.0,16.389,9.189,13.220248,17.500036,8.027516,13.182347,39950.77,15457.863,20.300001,20.300001,21.0,6.482499,24.119999,86.31739,4.73,0.9335827,392.23462,386.86465,1176190.4,806729.56,78.8,78.8,230.0,314.73007,53.668972,30
2025-01-31 16:00:00+00:00,1099.0,21.139,13.089,16.978582,23.199064,13.111122,18.3623,40014.766,32087.193,11.100002,11.100002,20.0,7.562142,24.119999,88.145775,11.24,2.0981205,409.2132,405.22696,1216205.1,838816.75,89.90001,89.90001,250.0,325.97006,55.767094,31
2025-02-01 16:00:00+00:00,1099.0,20.989,15.189,17.655666,22.159725,16.51026,19.046827,40079.914,35654.4,1.2,1.2,6.0,7.771331,37.079998,237.48964,13.96,2.5225456,426.86887,424.27377,1256285.0,874471.1,91.100006,91.100006,256.0,339.93005,58.28964,32
2025-02-02 16:00:00+00:00,1099.0,17.439,12.139,14.811917,17.741941,12.251242,15.424751,40146.133,34470.688,3.6000001,3.6000001,16.0,6.2145634,28.08,245.09526,13.14,2.1962001,441.6808,439.69852,1296431.1,908941.8,94.700005,94.700005,272.0,353.07007,60.48584,33
2025-02-03 16:00:00+00:00,1099.0,12.489,9.889,11.228584,12.819647,9.150269,10.966447,40213.34,1687.8806,6.4999995,6.4999995,21.0,4.755544,19.44,119.385506,4.3,0.821181,452.90936,450.66498,1336644.5,910629.7,101.200005,101.200005,293.0,357.37006,61.307022,34
2025-02-04 16:00:00+00:00,1099.0,15.039,8.739,11.816083,14.503799,7.5669603,11.323298,40281.453,34184.0,1.3000002,1.3000002,8.0,6.4799995,27.72,116.34842,11.42,1.8576331,464.72543,461.98828,1376926.0,944813.7,102.50001,102.50001,301.0,368.79007,63.164654,35
2025-02-05 16:00:00+00:00,1099.0,17.389,11.289,13.961918,17.280304,11.013206,13.932359,40350.4,31532.48,0.3,0.3,2.0,6.1437774,25.199999,102.47046,11.34,1.9758524,478.68735,475.92065,1417276.4,976346.2,102.80001,102.80001,303.0,380.13007,65.1405,36
2025-02-06 16:00:00+00:00,1099.0,18.989,10.539,14.7015,20.19213,9.748241,14.953967,40420.09,36000.0,2.1,2.1,6.0,5.6835546,24.48,63.853268,15.54,2.6776679,493.38885,490.87463,1457696.5,1012346.2,104.90001,104.90001,309.0,395.67007,67.81817,37
2025-02-07 16:00:00+00:00,1099.0,14.789,9.139,12.097336,15.286177,8.189444,12.036395,40490.46,31715.072,5.5999985,5.5999985,23.0,4.6800003,21.599998,111.64448,8.7,1.4981978,505.4862,502.91104,1498187.0,1044061.25,110.50001,110.50001,332.0,404.3701,69.31637,38
2025-02-08 16:00:00+00:00,1099.0,14.539,8.789,10.955667,14.272694,7.7066717,10.207519,40561.426,27621.729,1.6000001,1.6000001,11.0,4.73506,22.68,108.804665,10.45,1.7287325,516.4419,513.1185,1538748.4,1071683.0,112.100006,112.100006,343.0,414.8201,71.0451,39
2025-02-09 16:00:00+00:00,1099.0,17.239,7.5889997,12.136916,17.625185,5.6774216,11.374881,40632.914,36281.375,0.0,0.0,0.0,6.7205353,23.759998,91.63137,16.13,2.6565237,528.5788,524.4934,1579381.2,1107964.4,112.100006,112.100006,343.0,430.9501,73.70162,40
2025-02-10 16:00:00+00:00,1099.0,20.089,7.389,14.253585,21.252491,5.3931704,13.892007,40704.855,36000.0,1.1,1.1,4.0,7.6642804,26.28,92.30979,14.2,2.5564437,542.8324,538.38544,1620086.1,1143964.4,113.200005,113.200005,347.0,445.15012,76.258064,41
2025-02-11 16:00:00+00:00,1099.0,17.689,14.989,16.511915,19.822266,15.616825,17.861197,40777.17,0.0,34.300003,34.300003,24.0,6.310277,25.919998,91.2774,1.97,0.5363695,559.3443,556.24664,1660863.2,1143964.4,147.5,147.5,371.0,447.12012,76.79443,42
2025-02-12 16:00:00+00:00,1099.0,17.589,14.989,16.361917,19.716549,16.071201,17.911297,40849.79,0.0,43.199997,43.199997,24.0,5.506941,24.119999,87.12519,2.84,0.65431833,575.70624,574.15796,1701713.0,1143964.4,190.7,190.7,395.0,449.9601,77.44875,43
2025-02-13 16:00:00+00:00,1099.0,18.389,14.489,16.27025,21.03216,15.073738,17.75873,40922.652,11759.615,5.2000003,5.2000003,16.0,5.9834766,20.16,82.618805,6.53,1.2347387,591.9765,591.9167,1742635.6,1155724.0,195.9,195.9,411.0,456.4901,78.683495,44
2025-02-14 16:00:00+00:00,1099.0,21.989,13.589,17.709833,24.561789,13.703939,19.18838,40995.676,37180.176,0.4,0.4,4.0,6.12,25.56,11.398729,16.56,3.0106258,609.68634,611.10504,1783631.2,1192904.1,196.29999,196.29999,415.0,473.0501,81.69412,45
2025-02-15 16:00:00+00:00,1099.0,22.539,13.389,17.518167,24.416124,12.379885,18.160257,41068.81,37300.535,0.0,0.0,0.0,5.6835546,24.84,89.40312,19.58,3.5468135,627.2045,629.2653,1824700.0,1230204.6,196.29999,196.29999,415.0,492.6301,85.24094,46
2025-02-16 16:00:00+00:00,1099.0,19.274,13.824,16.10525,20.22241,11.583048,15.997458,41133.812,36000.0,0.0,0.0,0.0,9.007196,22.319998,171.59114,15.89,2.7902281,643.30975,645.26276,1865833.8,1266204.6,196.29999,196.29999,415.0,508.5201,88.031166,47
2025-02-17 16:00:00+00:00,1099.0,17.974,12.174,14.709418,18.488361,10.630613,14.629058,41208.79,35945.44,0.3,0.0,3.0,7.69592,20.880001,243.77805,16.17,2.6465223,658.01917,659.8918,1907042.5,1302150.1,196.59999,196.29999,418.0,524.6901,90.67769,48
2025-02-18 16:00:00+00:00,1099.0,17.424002,12.524,14.326085,17.349554,12.158239,14.409336,41284.617,35998.98,0.0,0.0,0.0,8.707238,22.319998,232.9934,14.9,2.3877957,672.3453,674.30115,1948327.1,1338149.1,196.59999,196.29999,418.0,539.59015,93.06548,49
2025-02-19 16:00:00+00:00,1099.0,16.924002,11.874,14.319832,16.828915,10.411125,14.146949,41361.215,35424.78,0.0,0.0,0.0,7.2359104,18.359999,195.64233,14.7,2.3568385,686.6651,688.4481,1989688.4,1373573.9,196.59999,196.29999,418.0,554.29016,95.422325,50
2025-02-20 16:00:00+00:00,1099.0,19.224,13.624,15.726083,20.73934,12.870377,16.051952,41438.51,36000.0,0.0,0.0,0.0,8.669949,23.759998,290.37646,16.89,2.8117867,702.3912,704.50006,2031126.9,1409573.9,196.59999,196.29999,418.0,571.1802,98.234116,51
2025-02-21 16:00:00+00:00,1099.0,18.574001,12.924,15.351082,18.828836,12.268343,15.592664,41516.445,36082.957,0.1,0.0,1.0,8.350138,21.96,246.9149,16.15,2.639849,717.74225,720.0927,2072643.4,1445656.9,196.7,196.29999,419.0,587.3302,100.87396,52
2025-02-22 16:00:00+00:00,1099.0,18.324001,13.274,15.665666,18.867893,13.244808,15.944022,41594.94,33481.36,0.1,0.0,1.0,6.489992,18.0,135.00041,11.8,2.08756,733.4079,736.03674,2114238.2,1479138.2,196.8,196.29999,420.0,599.1302,102.961525,53
2025-02-23 16:00:00+00:00,1099.0,16.074001,11.474,13.809418,15.942888,11.565939,13.956649,41673.934,31590.014,0.4,0.0,4.0,8.12197,20.880001,230.84724,12.8,2.0200627,747.2173,749.9934,2155912.2,1510728.2,197.2,196.29999,424.0,611.9302,104.98159,54
2025-02-24 16:00:00+00:00,1099.0,16.324001,11.274,13.39275,15.934395,10.203792,13.073827,41753.35,36000.0,0.0,0.0,0.0,7.928178,21.599998,261.9889,15.83,2.46469,760.61005,763.06726,2197665.5,1546728.2,197.2,196.29999,424.0,627.7602,107.44628,55
2025-02-25 16:00:00+00:00,1099.0,16.724,11.774,13.919833,16.522724,10.7989435,13.706573,41833.133,35739.39,0.0,0.0,0.0,8.825508,21.96,256.5153,14.23,2.2447867,774.5299,776.7738,2239498.8,1582467.6,197.2,196.29999,424.0,641.9902,109.69107,56
2025-02-26 16:00:00+00:00,1099.0,18.974,12.824,15.25525,18.855633,13.230412,15.635348,41913.21,30767.262,0.0,0.0,0.0,8.557102,22.319998,303.97662,13.75,2.3403583,789.78516,792.4092,2281412.0,1613234.9,197.2,196.29999,424.0,655.7402,112.031425,57
2025-02-27 16:00:00+00:00,1099.0,20.774,13.224,16.769835,22.229902,12.091089,17.047829,41993.523,39298.97,0.0,0.0,0.0,7.69592,19.8,296.56326,18.8,3.1923208,806.555,809.45703,2323405.5,1652533.9,197.2,196.29999,424.0,674.54016,115.22375,58
2025-02-28 16:00:00+00:00,1099.0,21.374,15.024,17.513582,22.243769,14.108711,17.785383,42074.004,32232.346,0.0,0.0,0.0,7.771331,20.16,245.5561,15.7,2.8385403,824.0686,827.24243,2365479.5,1684766.2,197.2,196.29999,424.0,690.2402,118.06229,59
2025-03-01 16:00:00+00:00,1099.0,23.404501,15.924,18.801395,25.302588,16.762484,20.244104,42154.59,34643.965,0.0,0.0,0.0,13.202726,8.64,110.702965,19.63,3.4329388,842.87,847.4865,2407634.0,1719410.2,197.2,196.29999,424.0,709.8702,121.495224,60
2025-03-02 16:00:00+00:00,1099.0,21.8045,14.9545,17.971167,23.591795,15.601955,19.24729,42235.22,39610.305,0.0,0.0,0.0,12.594856,8.28,120.90813,17.63,2.941291,860.8412,866.7338,2449869.2,1759020.5,197.2,196.29999,424.0,727.5002,124.436516,61
2025-03-03 16:00:00+00:00,1099.0,25.4545,14.5045,19.439917,27.314991,13.199862,19.376383,42315.824,39692.52,0.0,0.0,0.0,11.592895,15.4800005,260.0222,23.48,4.5265636,880.2811,886.1102,2492185.0,1798713.0,197.2,196.29999,424.0,750.98016,128.96307,62
2025-03-04 16:00:00+00:00,1099.0,25.9545,14.9545,19.546165,28.510574,15.102634,20.580145,42396.35,39774.535,1.8,0.0,6.0,14.336861,12.599999,255.01822,23.87,4.452522,899.8273,906.69037,2534581.2,1838487.5,199.0,196.29999,430.0,774.85016,133.41559,63
2025-03-05 16:00:00+00:00,1099.0,14.9545,10.2545,13.079501,16.060654,9.651306,13.3747,42476.73,0.0,0.6,0.6,3.0,6.151683,10.08,117.86964,1.3,0.37047714,912.9068,920.06506,2577058.0,1838487.5,199.6,196.9,433.0,776.15015,133.78607,64
2025-03-06 16:00:00+00:00,1099.0,12.8545,9.8545,11.412833,12.303164,9.180152,10.974964,42556.906,32166.15,0.0,0.0,0.0,9.585739,9.36,124.94922,7.4,1.1145543,924.31964,931.04004,2619615.0,1870653.6,199.6,196.9,433.0,783.5502,134.90062,65
2025-03-07 16:00:00+00:00,1099.0,12.2545,10.6045,11.425334,11.648189,9.858757,10.835898,42636.83,17217.5,2.4,2.4,6.0,11.440979,10.08,115.97433,5.32,0.8313508,935.745,941.8759,2662251.8,1887871.1,202.0,199.29999,439.0,788.8702,135.73196,66
2025-03-08 16:00:00+00:00,1099.0,18.3545,10.7545,13.927415,19.700443,8.859896,13.861726,42717.0,40099.566,1.5000001,1.5000001,6.0,10.233123,12.599999,179.99997,24.28,3.6810985,949.6724,955.7377,2704968.8,1927970.8,203.5,200.79999,445.0,813.1502,139.41306,67
2025-03-09 16:00:00+00:00,1099.0,19.3545,10.3045,,20.045227,6.7308617,,42797.68,,,,0.0,14.021525,8.28,,,,,,2747766.5,,,,445.0,,,68
