date,elevation,temperature_2m_max,temperature_2m_min,temperature_2m_mean,apparent_temperature_max,apparent_temperature_min,apparent_temperature_mean,daylight_duration,sunshine_duration,precipitation_sum,rain_sum,precipitation_hours,wind_speed_10m_max,wind_gusts_10m_max,wind_direction_10m_dominant,shortwave_radiation_sum,et0_fao_evapotranspiration,cumulative_temperature_2m_mean,cumulative_apparent_temperature_mean,cumulative_daylight_duration,cumulative_sunshine_duration,cumulative_precipitation_sum,cumulative_rain_sum,cumulative_precipitation_hours,cumulative_shortwave_radiation_sum,cumulative_et0_fao_evapotranspiration,day
2025-01-01 16:00:00+00:00,444.0,15.566999,14.217,14.8794985,15.679878,14.497206,15.155917,38264.03,0.0,13.599999,13.599999,24.0,8.827344,24.119999,11.363895,1.82,0.4958951,14.8794985,15.155917,38264.03,0.0,13.599999,13.599999,24.0,1.82,0.4958951,1
2025-01-02 16:00:00+00:00,444.0,14.417,12.867,13.239915,14.08213,10.7273245,11.781381,38288.656,0.0,4.9999995,4.9999995,20.0,15.455911,37.079998,16.151585,3.37,0.8935307,28.119413,26.937298,76552.69,0.0,18.599998,18.599998,44.0,5.19,1.3894258,2
2025-01-03 16:00:00+00:00,444.0,15.967,12.367,14.141999,13.812593,10.283355,12.259252,38315.09,28734.312,1.2000002,1.2000002,10.0,14.607751,41.399998,98.638535,10.04,2.0042398,42.261414,39.19655,114867.78,28734.312,19.8,19.8,54.0,15.23,3.3936656,3
2025-01-04 16:00:00+00:00,444.0,18.817001,13.717,15.173248,19.595726,12.393728,15.233233,38343.305,28694.488,3.3999999,3.3999999,8.0,10.739832,32.399998,127.11703,8.61,1.5375272,57.43466,54.429783,153211.1,57428.8,23.199999,23.199999,62.0,23.84,4.931193,4
2025-01-05 16:00:00+00:00,444.0,14.617,11.316999,13.073249,13.503979,8.7752495,11.091503,38373.277,35309.27,0.2,0.2,2.0,14.584443,38.88,11.487222,12.06,2.0416584,70.50791,65.521286,191584.38,92738.07,23.4,23.4,64.0,35.9,6.9728513,5
2025-01-06 16:00:00+00:00,444.0,13.467,10.617,11.769084,10.854997,8.009708,9.303985,38404.984,24543.1,1.7000002,1.7000002,12.0,13.552696,33.12,71.84473,8.91,1.7602103,82.27699,74.82527,229989.36,117281.17,25.1,25.1,76.0,44.81,8.733062,6
2025-01-07 16:00:00+00:00,444.0,14.967,10.967,13.044082,13.879568,9.467932,12.0066595,38438.75,17850.186,5.3,5.3,23.0,11.157097,25.919998,69.69145,7.88,1.3240682,95.321075,86.83193,268428.12,135131.36,30.400002,30.400002,99.0,52.690002,10.05713,7
2025-01-08 16:00:00+00:00,444.0,12.967,9.167,11.575333,12.182989,6.5428524,9.534867,38474.688,4355.632,9.300001,9.300001,24.0,14.423605,34.56,27.5839,3.67,0.9129718,106.89641,96.3668,306902.8,139486.98,39.700005,39.700005,123.0,56.36,10.970101,8
2025-01-09 16:00:00+00:00,444.0,9.117,8.266999,8.77325,6.598832,5.2533016,5.779363,38512.723,0.0,7.0000005,7.0000005,24.0,15.086748,37.44,17.177683,3.56,0.8560077,115.669655,102.146164,345415.53,139486.98,46.700005,46.700005,147.0,59.920002,11.826109,9
2025-01-10 16:00:00+00:00,444.0,10.667,8.766999,9.666999,7.86878,6.281358,7.2263722,38552.777,0.0,6.400001,6.400001,24.0,12.440851,30.599998,29.474155,3.52,0.87418014,125.336655,109.372536,383968.3,139486.98,53.100006,53.100006,171.0,63.440002,12.700289,10
2025-01-11 16:00:00+00:00,444.0,12.066999,6.817,9.731583,8.942157,4.449685,6.9543805,38594.77,32332.447,1.1,1.1,5.0,12.620554,33.839996,9.1653805,11.87,1.9213877,135.06824,116.32692,422563.1,171819.44,54.200005,54.200005,176.0,75.310005,14.621676,11
2025-01-12 16:00:00+00:00,444.0,14.217,6.817,10.977416,11.348824,4.4018116,8.259114,38638.617,35736.66,0.0,0.0,0.0,15.646544,38.519997,114.70244,12.39,2.1056523,146.04565,124.58604,461201.72,207556.1,54.200005,54.200005,176.0,87.700005,16.72733,12
2025-01-13 16:00:00+00:00,444.0,18.817001,9.967,14.069083,18.105034,8.8035965,13.356519,38684.246,35760.25,0.3,0.3,2.0,9.178235,25.56,148.3877,13.28,2.1917667,160.11473,137.94255,499885.97,243316.34,54.500004,54.500004,178.0,100.98,18.919096,13
2025-01-14 16:00:00+00:00,444.0,14.066999,9.316999,11.896167,14.264364,6.452609,10.374478,38731.57,0.0,11.499999,11.499999,23.0,16.245934,41.760002,2.4680116,2.33,0.6433983,172.0109,148.31703,538617.56,243316.34,66.0,66.0,201.0,103.310005,19.562494,14
2025-01-15 16:00:00+00:00,444.0,11.167,8.967,9.925332,8.243319,6.0877047,7.170711,38780.52,4927.55,0.9000001,0.9000001,6.0,14.810401,36.719997,29.592222,5.93,1.3149809,181.93623,155.48775,577398.06,248243.89,66.9,66.9,207.0,109.240005,20.877476,15
2025-01-16 16:00:00+00:00,444.0,11.917,10.016999,10.735751,8.955979,7.2210617,7.8881173,38831.016,12630.277,0.0,0.0,0.0,12.785069,31.68,49.91303,7.75,1.7047572,192.67198,163.37587,616229.06,260874.17,66.9,66.9,207.0,116.990005,22.582233,16
2025-01-17 16:00:00+00:00,444.0,15.367,10.066999,12.739915,14.2266865,7.7941,11.362774,38882.977,33552.867,0.6,0.6,4.0,12.57426,29.519999,115.96306,9.53,1.6540674,205.4119,174.73865,655112.06,294427.03,67.5,67.5,211.0,126.520004,24.236301,17
2025-01-18 16:00:00+00:00,444.0,14.266999,12.066999,13.202415,13.612354,11.058961,12.610687,38936.33,3511.8525,4.1,4.1,15.0,11.173057,26.64,345.94608,4.26,0.8270759,218.61432,187.34933,694048.4,297938.88,71.6,71.6,226.0,130.78,25.063377,18
2025-01-19 16:00:00+00:00,444.0,15.917,9.467,12.746166,14.221996,7.829131,11.217998,38991.0,35806.773,0.1,0.1,1.0,13.447095,33.839996,43.882027,13.92,2.1969497,231.36049,198.56734,733039.4,333745.66,71.7,71.7,227.0,144.7,27.260326,19
2025-01-20 16:00:00+00:00,444.0,16.017,9.917,13.125333,13.683571,8.43603,11.241494,39046.91,35819.46,0.0,0.0,0.0,15.94804,38.88,107.0552,12.95,2.213557,244.48582,209.80884,772086.3,369565.12,71.7,71.7,227.0,157.65,29.473883,20
2025-01-21 16:00:00+00:00,444.0,18.417,12.717,15.1711645,18.565086,12.07465,14.829647,39103.99,33435.117,3.7,3.7,13.0,10.44,31.319998,151.45709,10.08,1.7745136,259.65698,224.63849,811190.3,403000.25,75.399994,75.399994,240.0,167.73,31.248396,21
2025-01-22 16:00:00+00:00,444.0,17.067001,12.717,14.377418,16.784092,12.917101,14.280219,39162.164,30407.633,11.3,11.3,18.0,9.885262,29.519999,317.6282,8.42,1.3790922,274.0344,238.9187,850352.5,433407.88,86.7,86.7,258.0,176.15,32.627487,22
2025-01-23 16:00:00+00:00,444.0,17.567001,13.367,15.352414,17.299374,13.366652,15.493363,39221.355,31833.525,2.2000003,2.2000003,16.0,12.81165,30.239998,3.9770052,9.9,1.6047873,289.3868,254.41206,889573.9,465241.4,88.899994,88.899994,274.0,186.04999,34.232273,23
2025-01-24 16:00:00+00:00,444.0,15.667,13.917,14.600333,15.026878,13.618406,14.227325,39281.504,22337.277,6.8000016,6.8000016,24.0,15.009236,36.36,18.503218,7.32,1.1390967,303.98715,268.6394,928855.4,487578.7,95.7,95.7,298.0,193.37,35.37137,24
2025-01-25 16:00:00+00:00,444.0,14.617,10.766999,13.296166,13.807098,8.957565,12.219386,39342.527,7443.4526,8.0,8.0,23.0,13.523978,33.48,13.349418,6.25,1.0860606,317.28333,280.8588,968197.9,495022.12,103.7,103.7,321.0,199.62,36.457428,25
2025-01-26 16:00:00+00:00,444.0,10.516999,6.6670003,8.254501,8.657059,2.9574442,4.8451877,39404.38,3052.9688,8.6,8.6,15.0,19.166409,47.519997,344.7267,3.55,0.9119512,325.53784,285.70398,1007602.25,498075.1,112.299995,112.299995,336.0,203.17,37.36938,26
2025-01-27 16:00:00+00:00,444.0,11.917,6.4170003,8.777417,9.33252,3.3637671,5.808977,39467.598,32521.58,0.0,0.0,0.0,13.878688,36.36,36.713676,13.95,2.158306,334.31525,291.51297,1047069.9,530596.7,112.299995,112.299995,336.0,217.12,39.527687,27
2025-01-28 16:00:00+00:00,444.0,12.217,6.067,9.454499,8.852727,3.1970005,6.3595634,39532.43,35943.188,0.0,0.0,0.0,14.957339,36.0,91.60333,13.44,2.1756916,343.76974,297.87253,1086602.2,566539.9,112.299995,112.299995,336.0,230.56,41.703377,28
2025-01-29 16:00:00+00:00,444.0,16.767,10.117,13.069083,14.602537,7.2705574,11.087765,39598.78,35998.918,0.0,0.0,0.0,15.735336,36.36,131.96,14.47,2.4161627,356.83884,308.9603,1126201.0,602538.8,112.299995,112.299995,336.0,245.03,44.11954,29
2025-01-30 16:00:00+00:00,444.0,18.067001,12.367,14.954499,18.967018,11.404655,14.950382,39666.56,16440.736,8.8,8.8,21.0,11.183201,31.68,148.48123,6.02,1.0951623,371.79333,323.91068,1165867.5,618979.56,121.1,121.1,357.0,251.05,45.214703,30
2025-01-31 16:00:00+00:00,444.0,20.317001,14.417,16.719084,22.054739,14.049255,17.671932,39735.668,21485.486,21.800001,21.800001,22.0,13.543131,31.68,77.359764,7.47,1.3649958,388.51242,341.5826,1205603.1,640465.06,142.9,142.9,379.0,258.52,46.579697,31
2025-02-01 16:00:00+00:00,444.0,15.266999,13.516999,14.177417,14.429239,13.067621,13.814026,39806.016,109.20593,7.1000004,7.1000004,24.0,12.638513,31.319998,13.199249,4.68,0.889823,402.68985,355.39664,1245409.1,640574.25,150.0,150.0,403.0,263.19998,47.46952,32
2025-02-02 16:00:00+00:00,444.0,13.367,9.516999,11.435748,12.965351,7.1658583,9.743201,39877.52,0.0,16.300001,16.300001,24.0,15.24909,38.88,3.8791013,2.62,0.5984848,414.1256,365.13983,1285286.6,640574.25,166.3,166.3,427.0,265.81998,48.068005,33
2025-02-03 16:00:00+00:00,444.0,11.167,7.1670003,9.125333,7.8409004,4.602708,6.0643597,39950.08,25924.559,6.4000006,6.3,8.0,14.799459,38.88,15.813081,10.65,1.783359,423.25095,371.2042,1325236.8,666498.8,172.7,172.6,435.0,276.46997,49.851364,34
2025-02-04 16:00:00+00:00,444.0,12.617,7.267,10.337832,9.627629,4.720704,7.7429786,40023.617,30518.414,1.7,1.7,10.0,14.974658,36.0,112.09387,9.59,1.6963521,433.58878,378.94717,1365260.4,697017.25,174.4,174.3,445.0,286.05997,51.547718,35
2025-02-05 16:00:00+00:00,444.0,14.617,10.717,12.731583,13.52067,9.336631,11.785834,40098.05,15572.031,10.799999,10.799999,24.0,10.261578,25.56,99.53796,7.0,1.1973206,446.32037,390.733,1405358.4,712589.25,185.2,185.1,469.0,293.05997,52.745037,36
2025-02-06 16:00:00+00:00,444.0,13.167,7.9170003,10.956582,13.147467,4.8626738,9.083967,40173.29,1995.9597,16.199997,16.199997,24.0,15.509274,37.8,28.56287,3.62,0.73021126,457.27695,399.81696,1445531.6,714585.2,201.4,201.3,493.0,296.67996,53.47525,37
2025-02-07 16:00:00+00:00,444.0,7.567,6.317,6.8795,4.3008356,2.5945072,3.3464909,40249.242,0.0,8.8,8.8,24.0,16.077536,39.6,22.187094,3.9,0.8554303,464.15643,403.16345,1485780.9,714585.2,210.2,210.1,517.0,300.57996,54.33068,38
2025-02-08 16:00:00+00:00,444.0,10.417,7.117,8.887834,7.285434,3.9335775,5.8595805,40325.848,2110.2952,2.9999993,2.9999993,18.0,13.369771,32.760002,39.87383,6.14,1.3032092,473.04428,409.02304,1526106.8,716695.5,213.2,213.1,535.0,306.71997,55.63389,39
2025-02-09 16:00:00+00:00,444.0,14.867,9.566999,11.989915,12.757574,7.001134,9.875638,40403.004,36000.0,0.0,0.0,0.0,12.882267,31.68,108.47739,11.96,2.0228055,485.0342,418.89868,1566509.8,752695.5,213.2,213.1,535.0,318.67996,57.656693,40
2025-02-10 16:00:00+00:00,444.0,20.067001,11.016999,15.208667,20.718208,10.255058,15.009744,40480.65,36017.863,0.0,0.0,0.0,10.908951,29.16,147.17291,15.76,2.5434196,500.2429,433.90842,1606990.4,788713.4,213.2,213.1,535.0,334.43997,60.20011,41
2025-02-11 16:00:00+00:00,444.0,18.267,14.417,16.2295,20.357275,14.588007,17.43768,40558.69,0.0,40.800003,40.800003,20.0,14.861722,38.88,206.44356,2.92,0.6534477,516.4724,451.3461,1647549.1,788713.4,254.0,253.90001,555.0,337.36,60.853558,42
2025-02-12 16:00:00+00:00,444.0,13.917,12.417,12.937832,12.987045,11.242737,11.772804,40637.066,0.0,36.39999,36.39999,24.0,16.412603,45.719997,42.500103,2.73,0.62448925,529.4102,463.1189,1688186.2,788713.4,290.4,290.3,579.0,340.09,61.478046,43
2025-02-13 16:00:00+00:00,444.0,17.767,12.717,14.835751,17.44287,11.89435,14.622364,40715.688,21801.943,0.6,0.6,6.0,11.605464,23.4,110.51599,8.97,1.5110149,544.246,477.74127,1728902.0,810515.3,291.0,290.9,585.0,349.06,62.98906,44
2025-02-14 16:00:00+00:00,444.0,22.117,12.117,16.871168,24.493399,12.182882,18.123379,40794.48,36000.0,0.0,0.0,0.0,7.3094187,19.08,155.93732,14.8,2.5402076,561.1171,495.86465,1769696.5,846515.3,291.0,290.9,585.0,363.86,65.52927,45
2025-02-15 16:00:00+00:00,444.0,17.617,13.316999,15.650332,17.850368,12.755396,15.677765,40873.395,23932.893,0.3,0.3,3.0,11.566313,28.8,355.53204,9.91,1.6476034,576.76746,511.54242,1810569.9,870448.2,291.3,291.19998,588.0,373.77,67.17687,46
2025-02-16 16:00:00+00:00,444.0,16.017,10.766999,13.500333,14.570835,9.110457,11.7803755,40953.008,36181.5,0.2,0.2,2.0,14.584443,33.12,65.826195,16.49,2.655082,590.26776,523.3228,1851522.9,906629.7,291.5,291.4,590.0,390.25998,69.831955,47
2025-02-17 16:00:00+00:00,444.0,13.948,12.398,13.164666,13.145792,11.281297,12.219352,41051.016,0.0,2.2000003,0.1,21.0,10.8955765,24.84,84.74041,1.0,0.47547016,603.43243,535.5422,1892573.9,906629.7,293.7,291.5,611.0,391.25998,70.30743,48
2025-02-18 16:00:00+00:00,444.0,14.398,12.298,13.420917,14.121672,10.803855,12.568356,41131.953,0.0,2.1000001,0.0,18.0,11.966953,27.72,111.7285,1.73,0.5526049,616.85333,548.11053,1933705.9,906629.7,295.80002,291.5,629.0,392.99,70.86003,49
2025-02-19 16:00:00+00:00,444.0,17.698,13.798,15.373001,17.747946,14.066671,15.940441,41213.715,13076.021,0.90000004,0.0,4.0,10.137692,23.759998,122.005356,6.92,1.1901134,632.2263,564.05096,1974919.6,919705.7,296.7,291.5,633.0,399.91,72.05015,50
2025-02-20 16:00:00+00:00,444.0,15.648,12.698,13.725082,15.899542,11.879368,13.152663,41296.22,0.0,1.3000002,0.6,11.0,10.636766,23.4,36.47395,1.76,0.55061924,645.9514,577.2036,2016215.9,919705.7,298.0,292.1,644.0,401.67,72.60077,51
2025-02-21 16:00:00+00:00,444.0,14.498,12.798,13.5146675,14.720737,11.80612,13.031787,41379.402,0.0,3.1999993,1.0000001,22.0,10.594036,24.48,95.83827,1.09,0.39226896,659.46606,590.2354,2057595.2,919705.7,301.2,293.1,666.0,402.76,72.993034,52
2025-02-22 16:00:00+00:00,444.0,13.698,11.548,12.925083,13.828791,10.752656,12.59214,41463.18,0.0,15.700003,14.900003,17.0,8.654987,19.8,42.961864,1.36,0.43434718,672.3912,602.8276,2099058.5,919705.7,316.90002,308.0,683.0,404.12,73.42738,53
2025-02-23 16:00:00+00:00,444.0,11.498,9.198,10.25425,10.543535,7.1692553,8.552125,41547.48,0.0,7.400001,3.4999995,21.0,11.792404,26.28,80.802505,2.74,0.5814592,682.64545,611.3797,2140606.0,919705.7,324.30002,311.5,704.0,406.86,74.00884,54
2025-02-24 16:00:00+00:00,444.0,13.648,9.948,11.914665,13.112614,8.018469,10.98998,41632.24,12263.851,0.8000001,0.0,5.0,10.464797,22.68,129.0551,6.65,1.0742744,694.5601,622.3697,2182238.2,931969.56,325.1,311.5,709.0,413.50998,75.083115,55
2025-02-25 16:00:00+00:00,444.0,15.798,12.798,14.343833,16.508205,12.607792,14.65802,41717.38,0.0,1.2,0.5,7.0,9.114471,20.880001,119.81409,3.43,0.7168676,708.90393,637.0277,2223955.8,931969.56,326.30002,312.0,716.0,416.93997,75.79998,56
2025-02-26 16:00:00+00:00,444.0,17.148,14.498,15.664665,18.377756,15.013533,16.538391,41802.836,3845.3086,0.0,0.0,0.0,7.386582,14.759999,346.15375,5.35,0.9826535,724.5686,653.5661,2265758.5,935814.9,326.30002,312.0,716.0,422.28998,76.78263,57
2025-02-27 16:00:00+00:00,444.0,20.948,14.798,17.581333,23.006756,15.561176,19.01077,41888.535,37279.0,0.0,0.0,0.0,9.0645685,20.16,137.95088,15.24,2.5299976,742.14996,672.57684,2307647.0,973093.9,326.30002,312.0,716.0,437.52997,79.31263,58
2025-02-28 16:00:00+00:00,444.0,20.298,15.748,17.891748,21.76779,16.945795,19.423838,41974.41,11736.719,0.6,0.0,3.0,8.39657,20.519999,159.2416,11.41,1.9275717,760.0417,692.0007,2349621.5,984830.6,326.90002,312.0,719.0,448.93997,81.240204,59
2025-03-01 16:00:00+00:00,444.0,23.048,16.498,19.323002,25.412224,17.678755,21.376322,42060.395,38323.055,0.0,0.0,0.0,9.339208,21.599998,154.01372,16.33,2.793975,779.3647,713.377,2391682.0,1023153.7,326.90002,312.0,719.0,465.26996,84.03418,60
2025-03-02 16:00:00+00:00,444.0,25.688,17.188,19.74175,28.564003,18.759825,21.805191,42146.42,34929.508,0.9000001,0.0,6.0,10.315115,15.84,60.6423,16.02,2.9135811,799.10645,735.1822,2433828.5,1058083.2,327.80002,312.0,725.0,481.28995,86.94776,61
2025-03-03 16:00:00+00:00,444.0,17.188,12.288,15.479667,18.845198,11.673887,16.124578,42232.42,1423.1953,0.9000001,0.9000001,9.0,9.3669195,20.880001,86.49961,3.66,0.73789203,814.5861,751.30676,2476061.0,1059506.5,328.7,312.9,734.0,484.94995,87.68565,62
2025-03-04 16:00:00+00:00,444.0,12.3880005,10.288,11.723416,12.39072,8.756236,11.263245,42318.336,0.0,5.099999,4.199999,24.0,9.693296,29.88,72.70939,0.87,0.3440953,826.3095,762.57,2518379.2,1059506.5,333.80002,317.1,758.0,485.81995,88.02975,63
2025-03-05 16:00:00+00:00,444.0,12.488,9.988,11.279667,11.683399,8.243753,10.033828,42404.094,67.02255,0.6,0.6,6.0,10.587918,29.519999,134.24895,2.27,0.5171529,837.5892,772.6038,2560783.2,1059573.5,334.40002,317.7,764.0,488.08994,88.5469,64
2025-03-06 16:00:00+00:00,444.0,16.438,12.1380005,14.390084,16.560015,11.567823,14.488171,42489.633,26713.152,1.5,1.2000002,6.0,6.4799995,29.16,29.908308,7.84,1.3926471,851.97925,787.092,2603273.0,1086286.6,335.90002,318.90002,770.0,495.92993,89.939545,65
2025-03-07 16:00:00+00:00,444.0,13.338,12.3880005,12.80675,13.1243305,11.988827,12.395736,42574.895,0.0,0.9000001,0.6,9.0,9.449572,24.119999,111.207664,2.24,0.5171117,864.786,799.48773,2645848.0,1086286.6,336.80002,319.50003,779.0,498.16992,90.45666,66
2025-03-08 16:00:00+00:00,444.0,16.588,12.6380005,14.769252,16.830418,12.265085,14.949487,42660.426,21879.617,0.0,0.0,0.0,10.495713,40.32,126.69155,7.29,1.1862277,879.55524,814.4372,2688508.5,1108166.2,336.80002,319.50003,779.0,505.45993,91.64288,67
2025-03-09 16:00:00+00:00,444.0,20.987999,15.288,17.83175,22.205635,16.4233,19.214228,42746.496,31799.057,0.0,0.0,0.0,8.0899935,37.44,75.03326,10.95,1.9625791,897.38696,833.6514,2731255.0,1139965.2,336.80002,319.50003,779.0,516.4099,93.60546,68
2025-03-10 16:00:00+00:00,444.0,23.338,16.987999,,25.18911,18.424639,,42833.04,,,,0.0,12.758432,15.4800005,,,,,,2774088.0,,,,779.0,,,69
