date,elevation,temperature_2m_max,temperature_2m_min,temperature_2m_mean,apparent_temperature_max,apparent_temperature_min,apparent_temperature_mean,daylight_duration,sunshine_duration,precipitation_sum,rain_sum,precipitation_hours,wind_speed_10m_max,wind_gusts_10m_max,wind_direction_10m_dominant,shortwave_radiation_sum,et0_fao_evapotranspiration,cumulative_temperature_2m_mean,cumulative_apparent_temperature_mean,cumulative_daylight_duration,cumulative_sunshine_duration,cumulative_precipitation_sum,cumulative_rain_sum,cumulative_precipitation_hours,cumulative_shortwave_radiation_sum,cumulative_et0_fao_evapotranspiration,day
2025-01-01 16:00:00+00:00,1503.0,13.6285,12.4285,12.970165,13.628757,12.238682,13.0393715,38556.65,0.0,13.0,13.0,24.0,7.6579366,22.319998,40.72518,2.35,0.48418975,12.970165,13.0393715,38556.65,0.0,13.0,13.0,24.0,2.35,0.48418975,1
2025-01-02 16:00:00+00:00,1503.0,13.3285,9.228499,11.680581,12.435026,7.771682,10.920321,38579.875,7549.2144,13.0,13.0,24.0,9.587428,25.199999,47.554443,3.91,0.6955178,24.650745,23.959694,77136.52,7549.2144,26.0,26.0,48.0,6.26,1.1797075,2
2025-01-03 16:00:00+00:00,1503.0,13.5785,8.6785,10.526418,11.794765,6.951478,9.028667,38604.81,35705.227,4.7,4.7,24.0,10.8792095,35.64,52.61639,11.97,1.7343161,35.177162,32.98836,115741.33,43254.44,30.7,30.7,72.0,18.23,2.9140236,3
2025-01-04 16:00:00+00:00,1503.0,14.478499,9.8785,11.776417,13.788164,9.102286,11.392102,38631.426,34887.453,5.2999997,5.2999997,21.0,5.293959,28.08,70.489136,11.57,1.8175129,46.95358,44.380463,154372.75,78141.89,36.0,36.0,93.0,29.8,4.7315364,4
2025-01-05 16:00:00+00:00,1503.0,13.5285,8.6785,10.936833,11.827438,7.1470194,9.72964,38659.7,34776.6,5.8999996,5.8999996,24.0,9.693296,30.239998,47.843716,7.84,1.3202705,57.89041,54.110104,193032.45,112918.49,41.9,41.9,117.0,37.64,6.051807,5
2025-01-06 16:00:00+00:00,1503.0,11.6285,7.8785,9.326417,9.844757,6.4310713,7.8107514,38689.613,22294.982,4.9000006,4.9000006,24.0,8.528657,28.08,56.696365,7.43,1.1732079,67.21683,61.920856,231722.06,135213.47,46.800003,46.800003,141.0,45.07,7.2250147,6
2025-01-07 16:00:00+00:00,1503.0,12.9285,7.8785,9.943084,11.631622,6.649,8.95501,38721.47,33593.137,10.200001,10.200001,24.0,6.830519,28.44,39.928688,7.75,1.2410849,77.15991,70.87587,270443.53,168806.61,57.000004,57.000004,165.0,52.82,8.4661,7
2025-01-08 16:00:00+00:00,1503.0,11.0785,7.3285,9.218083,9.536016,5.6031284,7.7312446,38755.38,15305.75,12.799999,12.799999,24.0,10.223619,28.08,43.961765,4.72,0.78103685,86.378,78.60712,309198.9,184112.36,69.8,69.8,189.0,57.54,9.247137,8
2025-01-09 16:00:00+00:00,1503.0,9.228499,5.7285004,7.5201664,7.1522484,3.553667,5.4079576,38791.266,14376.274,15.0,15.0,24.0,10.706596,28.44,52.13802,5.08,0.7582096,93.89816,84.015076,347990.2,198488.64,84.8,84.8,213.0,62.620003,10.005346,9
2025-01-10 16:00:00+00:00,1503.0,8.8785,5.6285,7.0660005,7.399168,3.5023184,5.3170285,38829.05,16646.082,18.199999,18.199999,24.0,8.209263,28.08,43.733788,5.22,0.7434784,100.964165,89.33211,386819.25,215134.72,103.0,103.0,237.0,67.840004,10.748825,10
2025-01-11 16:00:00+00:00,1503.0,10.1785,6.3785,7.74725,7.8266573,4.5443735,5.8388953,38868.67,34655.08,10.000001,10.000001,24.0,8.709098,29.16,47.26536,6.71,1.0353107,108.71142,95.171005,425687.94,249789.8,113.0,113.0,261.0,74.55,11.784136,11
2025-01-12 16:00:00+00:00,1503.0,12.5785,5.8285,8.507666,10.5815735,4.096118,6.683479,38910.047,35814.344,0.9000001,0.9000001,8.0,9.734988,28.44,53.759834,13.72,1.9413916,117.219086,101.854485,464598.0,285604.12,113.9,113.9,269.0,88.270004,13.725528,12
2025-01-13 16:00:00+00:00,1503.0,15.5285,6.5785,10.909751,15.161655,5.0351267,9.956594,38953.105,35815.82,1.3,1.3,6.0,6.7853074,27.72,43.115967,15.7,2.4061267,128.12883,111.81108,503551.1,321419.94,115.200005,115.200005,275.0,103.97,16.131655,13
2025-01-14 16:00:00+00:00,1503.0,12.728499,7.9785004,10.805584,12.617073,6.027849,10.0622425,38997.766,0.0,20.0,20.0,24.0,9.688281,30.239998,42.581886,2.23,0.45231602,138.93442,121.87332,542548.9,321419.94,135.20001,135.20001,299.0,106.200005,16.583971,14
2025-01-15 16:00:00+00:00,1503.0,10.228499,6.6285,8.038917,8.183898,4.7838297,6.085832,39043.953,24640.695,7.3,7.3,24.0,9.102021,31.68,53.408077,7.6,1.1210303,146.97333,127.95915,581592.8,346060.62,142.50002,142.50002,323.0,113.8,17.705002,15
2025-01-16 16:00:00+00:00,1503.0,10.6285,6.3785,8.122251,8.245732,4.3150063,6.0208836,39091.61,27981.842,4.2999997,4.2999997,23.0,9.568824,28.44,49.850166,7.38,1.1799915,155.09558,133.98004,620684.44,374042.47,146.80002,146.80002,346.0,121.18,18.884993,16
2025-01-17 16:00:00+00:00,1503.0,12.478499,7.0284996,9.484751,11.099393,5.3704033,8.2243185,39140.645,25035.29,4.9,4.9,17.0,6.037383,28.8,48.81419,8.15,1.3258251,164.58034,142.20436,659825.06,399077.75,151.70001,151.70001,363.0,129.33,20.210817,17
2025-01-18 16:00:00+00:00,1503.0,14.7785,9.978499,11.407666,14.541515,9.361222,10.978353,39191.0,30725.93,16.699999,16.699999,24.0,6.0908127,29.16,47.845394,6.81,1.1652389,175.988,153.18271,699016.06,429803.7,168.40001,168.40001,387.0,136.14,21.376057,18
2025-01-19 16:00:00+00:00,1503.0,14.0285,8.8285,10.536833,12.799553,7.5484734,9.251899,39242.6,29964.055,5.2,5.2,19.0,8.731391,28.44,51.693127,11.05,1.7620808,186.52484,162.4346,738258.7,459767.75,173.6,173.6,406.0,147.19,23.138138,19
2025-01-20 16:00:00+00:00,1503.0,12.3785,8.728499,10.063916,10.952392,7.381959,8.675174,39295.37,32975.918,3.5,3.5,23.0,9.422101,30.960001,55.50753,10.31,1.5260638,196.58876,171.10977,777554.06,492743.66,177.1,177.1,429.0,157.5,24.664202,20
2025-01-21 16:00:00+00:00,1503.0,13.5285,8.2785,10.682667,12.64469,7.080724,9.915023,39349.25,29046.965,7.7,7.7,19.0,5.6262593,30.599998,28.979609,7.41,1.2354382,207.27142,181.0248,816903.3,521790.62,184.8,184.8,448.0,164.91,25.89964,21
2025-01-22 16:00:00+00:00,1503.0,16.8785,10.1285,12.728499,16.580812,9.788607,12.543973,39404.16,35274.203,11.699999,11.699999,24.0,5.8603754,29.519999,57.99515,11.45,1.92737,219.99992,193.56877,856307.5,557064.8,196.5,196.5,472.0,176.36,27.82701,22
2025-01-23 16:00:00+00:00,1503.0,16.428501,10.478499,12.730583,15.62133,9.469253,11.958964,39460.043,34781.36,6.9000006,6.9000006,17.0,8.538149,36.36,44.927704,11.71,1.9834671,232.7305,205.52774,895767.56,591846.2,203.4,203.4,489.0,188.07,29.810476,23
2025-01-24 16:00:00+00:00,1503.0,15.4285,10.478499,12.218083,14.284117,9.827813,11.447801,39516.82,32222.178,10.900001,10.900001,24.0,9.430695,28.44,44.38641,9.44,1.6128067,244.94858,216.97554,935284.4,624068.4,214.29999,214.29999,513.0,197.51001,31.423283,24
2025-01-25 16:00:00+00:00,1503.0,12.8785,9.6285,10.961833,11.721932,8.81216,10.066107,39574.43,21454.236,16.8,16.8,24.0,7.10031,25.919998,49.073093,5.62,1.017293,255.91042,227.04164,974858.8,645522.6,231.09999,231.09999,537.0,203.13,32.440575,25
2025-01-26 16:00:00+00:00,1503.0,9.2785,5.4785004,7.6785007,8.339928,3.4048681,6.020558,39632.82,137.21283,26.7,26.2,24.0,8.891344,29.88,56.61268,2.93,0.49061736,263.58893,233.0622,1014491.6,645659.8,257.8,257.3,561.0,206.06,32.93119,26
2025-01-27 16:00:00+00:00,1503.0,9.978499,4.5785,6.520167,7.26423,1.9565449,4.0407434,39692.516,30967.963,6.299999,4.8000007,24.0,8.827343,27.0,55.30474,7.79,1.2071656,270.1091,237.10294,1054184.1,676627.75,264.09998,262.09998,585.0,213.84999,34.138355,27
2025-01-28 16:00:00+00:00,1503.0,9.5785,5.2285004,6.8743324,7.2900133,2.820942,4.592818,39753.727,24854.02,6.3999996,5.7,24.0,8.688613,28.08,56.53558,7.8,1.1719172,276.98343,241.69576,1093937.9,701481.75,270.49997,267.8,609.0,221.65,35.310272,28
2025-01-29 16:00:00+00:00,1503.0,12.5785,6.1285,8.807668,10.741008,4.2096634,7.175058,39816.38,34438.805,3.4,3.4,20.0,8.297589,28.44,62.339344,11.03,1.641374,285.7911,248.87082,1133754.2,735920.56,273.89996,271.19998,629.0,232.68,36.951645,29
2025-01-30 16:00:00+00:00,1503.0,13.0785,8.1785,10.801415,13.010284,6.5807533,10.451337,39880.38,10789.617,14.799999,14.799999,24.0,4.613762,25.199999,26.751026,4.11,0.7680054,296.59253,259.32214,1173634.6,746710.2,288.69995,285.99997,653.0,236.79,37.71965,30
2025-01-31 16:00:00+00:00,1503.0,16.778502,11.728499,13.747251,17.195671,11.8354,14.185352,39945.637,27776.8,19.5,19.5,24.0,5.2478566,29.16,108.683754,6.74,1.2262655,310.33978,273.5075,1213580.2,774487.0,308.19995,305.49997,677.0,243.53,38.945915,31
2025-02-01 16:00:00+00:00,1503.0,15.3785,10.978499,13.01183,14.612442,10.426878,12.716815,40012.074,32574.01,13.7,13.7,24.0,8.260411,35.28,50.87169,8.18,1.3949113,323.35162,286.22433,1253592.4,807061.0,321.89996,319.19998,701.0,251.70999,40.340828,32
2025-02-02 16:00:00+00:00,1503.0,12.0785,8.1785,10.480584,11.21278,6.568741,9.518224,40079.594,19457.79,19.6,19.6,24.0,9.595874,27.72,52.6409,6.47,0.9880242,333.8322,295.74255,1293672.0,826518.8,341.49997,338.8,725.0,258.18,41.328854,33
2025-02-03 16:00:00+00:00,1503.0,8.8285,6.0284996,7.282667,6.751281,3.920457,5.2347274,40148.13,6225.1865,12.9,12.5,22.0,8.936778,27.0,55.96974,5.22,0.8190869,341.11487,300.9773,1333820.1,832744.0,354.39996,351.3,747.0,263.4,42.14794,34
2025-02-04 16:00:00+00:00,1503.0,10.5285,5.4785004,7.395167,8.936616,3.295889,5.604299,40217.586,31983.223,6.9,6.9,19.0,7.748368,29.16,67.17103,8.72,1.226439,348.51004,306.5816,1374037.8,864727.25,361.29996,358.19998,766.0,272.12,43.374382,35
2025-02-05 16:00:00+00:00,1503.0,12.3285,7.3785,9.711835,11.772951,6.330265,8.913959,40287.887,25577.586,15.1,15.1,24.0,5.9427266,23.759998,55.27216,6.83,1.0801235,358.22186,315.49557,1414325.6,890304.8,376.39996,373.3,790.0,278.94998,44.454506,36
2025-02-06 16:00:00+00:00,1503.0,13.1285,6.9785004,10.257667,11.3462105,4.9765835,8.849912,40358.953,35616.156,11.8,11.8,24.0,12.124307,36.719997,49.18298,9.0,1.3810337,368.47952,324.3455,1454684.6,925921.0,388.19995,385.09998,814.0,287.94998,45.83554,37
2025-02-07 16:00:00+00:00,1503.0,9.5285,5.4785004,7.188917,7.386345,2.9562416,4.883143,40430.703,30539.697,6.0999994,6.0999994,24.0,10.787993,31.68,57.636745,8.3,1.1156803,375.66843,329.22864,1495115.4,956460.7,394.29996,391.19998,838.0,296.24997,46.95122,38
2025-02-08 16:00:00+00:00,1503.0,10.2785,5.6285,7.2868333,7.938196,3.3736773,5.0608025,40503.062,21397.215,6.2999997,6.2999997,24.0,11.003581,30.960001,54.81768,7.29,1.099171,382.95526,334.28943,1535618.5,977857.9,400.59995,397.49997,862.0,303.53998,48.050392,39
2025-02-09 16:00:00+00:00,1503.0,13.728499,6.5284996,9.380584,12.302673,4.6061077,7.75301,40575.957,36398.883,2.6000001,2.6000001,20.0,7.928178,30.599998,55.885483,13.14,1.9866325,392.33585,342.04245,1576194.5,1014256.75,403.19995,400.09998,882.0,316.68,50.037025,40
2025-02-10 16:00:00+00:00,1503.0,16.3785,8.1785,11.943084,15.594837,6.98287,11.293921,40649.31,35680.117,2.8999999,2.8999999,13.0,8.163749,28.44,86.593636,13.09,2.124022,404.27893,353.33636,1616843.8,1049936.9,406.09995,402.99997,895.0,329.77,52.16105,41
2025-02-11 16:00:00+00:00,1503.0,14.5785,12.3285,13.686833,15.500301,12.498728,14.336116,40723.04,0.0,48.600002,48.600002,24.0,5.7431,20.880001,175.87248,1.61,0.43200687,417.96576,367.6725,1657566.8,1049936.9,454.69995,451.59998,919.0,331.37997,52.593056,42
2025-02-12 16:00:00+00:00,1503.0,13.8785,10.6285,12.255585,14.600622,9.873339,11.773216,40797.086,0.0,59.999992,59.999992,24.0,9.801326,37.44,50.797348,3.07,0.57333356,430.22134,379.4457,1698363.9,1049936.9,514.69995,511.59998,943.0,334.44998,53.16639,43
2025-02-13 16:00:00+00:00,1503.0,15.591001,12.291,13.88475,15.98481,12.523142,14.440544,40848.84,10490.57,1.1,0.3,8.0,8.766573,55.079998,295.4526,4.73,0.8323746,444.10608,393.88626,1739212.8,1060427.5,515.7999,511.89996,951.0,339.18,53.998764,44
2025-02-14 16:00:00+00:00,1503.0,18.541,11.791,14.418084,19.305292,11.602995,14.522465,40923.918,36526.016,0.0,0.0,0.0,12.72283,72.72,305.87717,17.9,2.7739537,458.52417,408.40872,1780136.6,1096953.5,515.7999,511.89996,951.0,357.08,56.772717,45
2025-02-15 16:00:00+00:00,1503.0,19.091,10.291,14.05767,19.074183,9.179586,13.503918,40999.117,37702.227,0.0,0.0,0.0,14.372974,71.28,271.65543,21.99,3.486125,472.58185,421.91263,1821135.8,1134655.8,515.7999,511.89996,951.0,379.06998,60.258842,46
2025-02-16 16:00:00+00:00,1503.0,17.991,9.841001,12.970166,18.756824,8.575082,12.526057,41074.98,36625.15,0.0,0.0,0.0,13.570615,69.84,280.7843,20.69,3.1136053,485.552,434.4387,1862210.8,1171280.9,515.7999,511.89996,951.0,399.75998,63.372448,47
2025-02-17 16:00:00+00:00,1503.0,15.191,9.041,11.718083,13.59712,8.43907,11.018791,41151.785,36370.062,0.0,0.0,0.0,13.570615,64.079994,281.70648,14.78,2.132962,497.27008,445.4575,1903362.5,1207651.0,515.7999,511.89996,951.0,414.53998,65.50541,48
2025-02-18 16:00:00+00:00,1503.0,15.241,8.991,11.607666,14.255486,7.4342365,10.624959,41229.453,36266.79,0.0,0.0,0.0,14.118243,59.039997,262.99896,18.12,2.5670998,508.87775,456.08246,1944592.0,1243917.8,515.7999,511.89996,951.0,432.65997,68.07251,49
2025-02-19 16:00:00+00:00,1503.0,15.391001,8.391,11.561833,14.842194,7.1026983,10.7107315,41307.918,36437.69,0.0,0.0,0.0,12.768586,58.679996,283.835,16.47,2.394898,520.4396,466.79318,1985899.9,1280355.5,515.7999,511.89996,951.0,449.12997,70.46741,50
2025-02-20 16:00:00+00:00,1503.0,14.741,8.941,11.732667,13.342871,7.3296795,10.949115,41387.098,34400.43,1.9000001,0.0,9.0,13.32,67.67999,280.91122,13.46,1.9977758,532.17224,477.7423,2027287.0,1314755.9,517.69995,511.89996,960.0,462.58997,72.46518,51
2025-02-21 16:00:00+00:00,1503.0,16.941,9.641,12.495167,16.51932,8.296469,11.581801,41466.926,36212.18,0.0,0.0,0.0,13.905509,63.36,264.28967,16.21,2.452596,544.6674,489.3241,2068753.9,1350968.0,517.69995,511.89996,960.0,478.79996,74.91778,52
2025-02-22 16:00:00+00:00,1503.0,14.241,9.541,11.457667,13.346706,9.049548,10.961902,41547.33,19511.29,0.0,0.0,0.0,9.565437,56.519997,273.88788,8.46,1.3551722,556.12506,500.286,2110301.2,1370479.2,517.69995,511.89996,960.0,487.25995,76.27295,53
2025-02-23 16:00:00+00:00,1503.0,15.441,9.091001,11.707667,13.743078,8.067155,10.7385,41628.24,38830.97,0.3,0.0,3.0,14.039999,64.079994,274.0042,14.79,2.1671975,567.8327,511.0245,2151929.5,1409310.2,517.99994,511.89996,963.0,502.04996,78.44015,54
2025-02-24 16:00:00+00:00,1503.0,15.291,7.641,11.311833,15.532467,6.2421103,10.69069,41709.586,38313.84,0.0,0.0,0.0,11.966953,47.16,284.93152,19.54,2.764272,579.14453,521.7152,2193639.0,1447624.1,517.99994,511.89996,963.0,521.58997,81.20442,55
2025-02-25 16:00:00+00:00,1503.0,15.891001,8.941,12.084748,15.594936,6.9856834,11.389365,41791.297,29058.295,0.0,0.0,0.0,10.587917,45.0,160.34637,13.54,2.0578723,591.2293,533.10455,2235430.2,1476682.4,517.99994,511.89996,963.0,535.12994,83.26229,56
2025-02-26 16:00:00+00:00,1503.0,13.591001,11.3575,12.155479,12.870861,10.342044,11.72627,41873.32,12800.9,1.8000002,1.8000002,9.0,5.6920996,55.079998,148.84074,3.89,0.6977201,603.38477,544.8308,2277303.5,1489483.2,519.7999,513.69995,972.0,539.01996,83.960014,57
2025-02-27 16:00:00+00:00,1503.0,17.2575,9.307501,12.62625,17.425526,7.4577065,12.068798,41955.58,36121.1,0.0,0.0,0.0,13.755579,9.36,180.00006,18.41,2.6596377,616.011,556.8996,2319259.0,1525604.4,519.7999,513.69995,972.0,557.42993,86.61965,58
2025-02-28 16:00:00+00:00,1503.0,18.3075,10.1075,13.863751,18.047146,7.482929,12.767299,42038.008,32754.207,1.2,1.2,6.0,10.636766,14.4,286.62366,13.73,2.430062,629.87476,569.6669,2361297.0,1558358.6,520.99994,514.89996,978.0,571.1599,89.04971,59
2025-03-01 16:00:00+00:00,1503.0,17.9575,12.3575,14.792916,18.039133,11.289939,14.506317,42120.543,39276.566,1.5000001,0.0,6.0,11.183201,9.72,271.29013,13.06,2.1952984,644.66766,584.1732,2403417.5,1597635.2,522.49994,514.89996,984.0,584.2199,91.24501,60
2025-03-02 16:00:00+00:00,1503.0,17.0075,10.4575,13.27625,16.66032,9.868598,12.875954,42203.117,39540.777,2.1,2.1,9.0,9.957108,12.24,180.0,16.08,2.4720023,657.9439,597.0492,2445620.5,1637176.0,524.5999,516.99994,993.0,600.2999,93.71701,61
2025-03-03 16:00:00+00:00,1503.0,11.057501,7.6575,9.959584,10.478174,6.2326517,9.053679,42285.67,9776.311,0.0,0.0,0.0,8.669949,10.08,136.71486,5.26,0.81635857,667.9035,606.10284,2487906.2,1646952.2,524.5999,516.99994,993.0,605.55994,94.53337,62
2025-03-04 16:00:00+00:00,1503.0,7.4575,5.5575,6.540833,5.882037,3.5564804,4.8646407,42368.145,0.0,2.1,2.1,6.0,6.193674,12.24,118.6659,2.79,0.5148049,674.44434,610.96747,2530274.5,1646952.2,526.6999,519.0999,999.0,608.3499,95.04818,63
2025-03-05 16:00:00+00:00,1503.0,6.5575,5.1075,5.6179166,4.5691147,3.132194,3.7721364,42450.47,0.0,5.9999995,5.9999995,18.0,7.42159,11.5199995,124.06096,1.2,0.30333003,680.06226,614.7396,2572725.0,1646952.2,532.6999,525.0999,1017.0,609.5499,95.35151,64
2025-03-06 16:00:00+00:00,1503.0,7.2575,5.2575,6.153333,5.7638674,3.7454329,4.7227798,42532.582,0.0,2.6999996,2.6999996,18.0,5.495161,8.28,119.816895,1.29,0.33723456,686.2156,619.4624,2615257.5,1646952.2,535.3999,527.7999,1035.0,610.8399,95.68874,65
