date,elevation,temperature_2m_max,temperature_2m_min,temperature_2m_mean,apparent_temperature_max,apparent_temperature_min,apparent_temperature_mean,daylight_duration,sunshine_duration,precipitation_sum,rain_sum,precipitation_hours,wind_speed_10m_max,wind_gusts_10m_max,wind_direction_10m_dominant,shortwave_radiation_sum,et0_fao_evapotranspiration,cumulative_temperature_2m_mean,cumulative_apparent_temperature_mean,cumulative_daylight_duration,cumulative_sunshine_duration,cumulative_precipitation_sum,cumulative_rain_sum,cumulative_precipitation_hours,cumulative_shortwave_radiation_sum,cumulative_et0_fao_evapotranspiration,day
2025-01-01 16:00:00+00:00,491.0,20.061,18.211,19.196417,19.366316,18.164133,18.926264,38890.934,638.9104,6.3,6.3,16.0,21.437386,42.12,37.291225,3.57,1.2931055,19.196417,18.926264,38890.934,638.9104,6.3,6.3,16.0,3.57,1.2931055,1
2025-01-02 16:00:00+00:00,491.0,18.911001,17.011,18.031832,18.400776,13.908674,16.476545,38912.58,0.0,9.299999,9.299999,24.0,29.052023,60.120003,36.768497,2.15,1.153701,37.22825,35.40281,77803.516,638.9104,15.599999,15.599999,40.0,5.7200003,2.4468064,2
2025-01-03 16:00:00+00:00,491.0,19.261,16.261,17.396418,16.417192,13.066744,14.593801,38935.81,35928.746,2.0,2.0,13.0,27.648024,59.76,40.877197,13.65,3.0783176,54.624664,49.99661,116739.33,36567.656,17.599998,17.599998,53.0,19.369999,5.525124,3
2025-01-04 16:00:00+00:00,491.0,19.711,16.311,17.933916,20.034496,14.745121,17.645073,38960.61,32668.338,3.4,3.4,12.0,18.089775,43.199997,44.586506,8.99,1.9671178,72.55858,67.64168,155699.94,69235.99,20.999998,20.999998,65.0,28.359999,7.492242,4
2025-01-05 16:00:00+00:00,491.0,19.761,16.111,17.590166,19.0329,13.044012,16.171751,38986.95,35904.715,3.8999996,3.8999996,13.0,23.424908,48.96,45.224556,13.67,2.6042552,90.14874,83.81343,194686.89,105140.7,24.899998,24.899998,78.0,42.03,10.096497,5
2025-01-06 16:00:00+00:00,491.0,17.861,15.061001,16.308916,15.983355,12.1495285,13.792476,39014.824,26057.19,0.0,0.0,0.0,22.791864,48.96,46.56039,10.08,2.630247,106.45766,97.6059,233701.72,131197.89,24.899998,24.899998,78.0,52.11,12.726744,6
2025-01-07 16:00:00+00:00,491.0,19.911001,15.461,17.400583,19.24094,13.623129,16.471186,39044.504,35887.656,0.2,0.2,2.0,16.299694,34.92,45.88576,13.9,2.691576,123.85824,114.07709,272746.22,167085.55,25.099998,25.099998,80.0,66.01,15.41832,7
2025-01-08 16:00:00+00:00,491.0,19.161001,16.011,17.267248,16.64403,12.87994,15.154107,39076.1,25081.178,2.3999999,2.3999999,9.0,25.853039,53.639996,39.3601,11.05,2.4933789,141.12549,129.2312,311822.3,192166.72,27.499998,27.499998,89.0,77.060005,17.9117,8
2025-01-09 16:00:00+00:00,491.0,16.261,14.211,15.294333,12.573416,10.384556,11.568455,39109.54,16872.342,3.7999995,3.7999995,21.0,27.471678,56.88,39.80763,5.6,2.2631445,156.41982,140.79965,350931.84,209039.06,31.299997,31.299997,110.0,82.66,20.174843,9
2025-01-10 16:00:00+00:00,491.0,15.861,14.011001,14.736,13.809486,10.3848,11.92789,39144.758,707.74316,4.1999993,4.1999993,20.0,23.899363,52.199997,41.559532,4.29,1.7325633,171.15582,152.72754,390076.6,209746.81,35.499996,35.499996,130.0,86.950005,21.907406,10
2025-01-11 16:00:00+00:00,491.0,17.111,13.811001,15.179751,14.229301,10.97357,12.450097,39181.68,35869.4,1.5000001,1.5000001,12.0,23.950148,52.92,41.86581,13.58,2.630299,186.33557,165.17764,429258.28,245616.22,36.999996,36.999996,142.0,100.53001,24.537704,11
2025-01-12 16:00:00+00:00,491.0,17.761,13.461,15.39225,14.939774,10.224796,12.3449135,39220.24,33685.344,0.0,0.0,0.0,23.233252,48.239998,47.326096,14.98,3.2293525,201.72781,177.52255,468478.53,279301.56,36.999996,36.999996,142.0,115.51001,27.767057,12
2025-01-13 16:00:00+00:00,491.0,19.661001,14.961,17.327665,19.370283,12.441193,16.265305,39260.363,35867.977,1.3000001,1.3000001,4.0,17.311846,37.8,39.824554,11.14,2.4425771,219.05548,193.78786,507738.9,315169.53,38.299995,38.299995,146.0,126.65001,30.209635,13
2025-01-14 16:00:00+00:00,491.0,17.861,15.461,16.906836,18.088104,12.351824,15.879769,39301.984,0.0,17.400003,17.400003,24.0,26.94294,57.96,39.75691,2.19,0.8092843,235.96231,209.66763,547040.9,315169.53,55.699997,55.699997,170.0,128.84001,31.018919,14
2025-01-15 16:00:00+00:00,491.0,16.361,14.061001,15.004748,13.817095,10.751027,12.054843,39345.047,34943.566,0.5,0.5,4.0,26.250393,52.92,44.852203,10.16,2.419746,250.96706,221.72247,586385.94,350113.1,56.199997,56.199997,174.0,139.00002,33.438663,15
2025-01-16 16:00:00+00:00,491.0,17.411001,13.861,15.340168,14.815441,11.093182,12.496937,39389.46,35875.574,0.0,0.0,0.0,23.05476,50.76,45.475224,13.97,2.914969,266.30722,234.2194,625775.4,385988.66,56.199997,56.199997,174.0,152.97002,36.353634,16
2025-01-17 16:00:00+00:00,491.0,17.361,14.661,15.946416,15.856865,11.456988,13.731626,39435.176,8144.3184,2.1000004,2.1000004,15.0,21.479664,47.88,43.290207,5.86,1.9786905,282.25363,247.95103,665210.56,394132.97,58.299995,58.299995,189.0,158.83002,38.332325,17
2025-01-18 16:00:00+00:00,491.0,20.911001,16.511,18.06725,20.99202,15.9923935,17.957466,39482.11,32980.97,2.8999999,2.8999999,15.0,16.80857,37.44,52.382526,10.91,2.1929617,300.3209,265.9085,704692.7,427113.94,61.199997,61.199997,204.0,169.74002,40.525288,18
2025-01-19 16:00:00+00:00,491.0,20.111,15.511001,17.365166,19.385777,13.468691,15.801605,39530.21,35895.023,0.5,0.5,5.0,20.765635,42.12,45.43292,16.2,3.162489,317.68607,281.7101,744222.9,463008.97,61.699997,61.699997,209.0,185.94002,43.687775,19
2025-01-20 16:00:00+00:00,491.0,19.411001,15.461,17.290165,17.167292,13.435707,15.236135,39579.41,35904.17,0.0,0.0,0.0,20.875343,48.239998,44.354034,15.22,3.2138915,334.97623,296.94626,783802.3,498913.12,61.699997,61.699997,209.0,201.16002,46.901665,20
2025-01-21 16:00:00+00:00,491.0,19.811,16.611,17.938082,19.912882,14.645323,17.143106,39629.64,26547.281,2.7999997,2.7999997,15.0,17.922432,40.68,42.55783,7.63,2.0038266,352.9143,314.08936,823431.94,525460.4,64.5,64.5,224.0,208.79002,48.90549,21
2025-01-22 16:00:00+00:00,491.0,22.361,16.611,19.056833,23.052496,16.442598,19.730125,39680.836,35712.688,0.8000001,0.8000001,4.0,16.045261,29.16,131.1859,15.86,2.865057,371.97113,333.8195,863112.75,561173.06,65.3,65.3,228.0,224.65002,51.770546,22
2025-01-23 16:00:00+00:00,491.0,21.761,17.511,19.265165,22.198057,17.426884,19.142075,39732.938,35068.46,1.4000002,1.4000002,10.0,17.205778,33.48,48.39856,13.13,2.5871184,391.2363,352.96155,902845.7,596241.5,66.700005,66.700005,238.0,237.78003,54.357666,23
2025-01-24 16:00:00+00:00,491.0,21.111,17.211,18.838083,20.890089,16.504963,18.089685,39785.883,35954.305,0.6,0.6,6.0,18.022486,37.44,41.227436,15.51,3.0144274,410.07437,371.05124,942631.56,632195.8,67.3,67.3,244.0,253.29002,57.372093,24
2025-01-25 16:00:00+00:00,491.0,20.111,16.211,17.97975,19.227222,14.614485,16.93719,39839.605,34835.76,4.3,4.3,16.0,18.921415,36.719997,39.06851,13.29,2.696079,428.0541,387.98843,982471.2,667031.56,71.600006,71.600006,260.0,266.58002,60.068172,25
2025-01-26 16:00:00+00:00,491.0,16.261,13.611,15.077664,14.523285,9.629284,12.245196,39894.055,21741.375,6.2000003,6.2000003,24.0,25.890608,52.199997,41.463306,7.2,1.8288912,443.13177,400.23364,1022365.25,688772.94,77.8,77.8,284.0,273.78003,61.897064,26
2025-01-27 16:00:00+00:00,491.0,15.711,13.411,14.131832,12.164053,9.156408,10.241115,39949.723,13741.233,1.3,1.3,9.0,25.697166,52.56,46.358505,7.54,2.5432265,457.2636,410.47476,1062315.0,702514.2,79.100006,79.100006,293.0,281.32004,64.44029,27
2025-01-28 16:00:00+00:00,491.0,16.161001,13.311001,14.510999,12.787954,9.814615,10.92205,40006.81,25672.623,1.1000001,1.1000001,8.0,23.046328,51.12,49.836422,9.3,2.7030742,471.7746,421.39682,1102321.8,728186.8,80.200005,80.200005,301.0,290.62003,67.143364,28
2025-01-29 16:00:00+00:00,491.0,19.011,13.961,16.440165,16.5364,10.79179,13.790325,40065.242,36214.453,0.3,0.3,3.0,20.898613,46.079998,48.41311,15.47,3.4856617,488.21475,435.18713,1142387.0,764401.25,80.50001,80.50001,304.0,306.09003,70.62903,29
2025-01-30 16:00:00+00:00,491.0,18.861,16.411001,17.39225,18.519285,14.268503,16.502348,40124.934,15927.342,27.199999,27.199999,24.0,19.440832,41.039997,44.0075,5.9,1.5300413,505.607,451.68948,1182511.9,780328.56,107.700005,107.700005,328.0,311.99002,72.15907,30
2025-01-31 16:00:00+00:00,491.0,22.261,17.861,19.8235,23.350891,18.418083,20.66052,40185.805,27771.344,16.2,16.2,19.0,17.10284,38.16,53.14308,10.52,1.9572418,525.4305,472.35,1222697.6,808099.9,123.90001,123.90001,347.0,322.51,74.11632,31
2025-02-01 16:00:00+00:00,491.0,21.511,18.061,19.602667,22.19131,18.102575,19.99106,40247.773,31061.684,2.0,2.0,11.0,17.318394,30.599998,50.94287,12.89,2.3490663,545.03314,492.34106,1262945.4,839161.56,125.90001,125.90001,358.0,335.40002,76.465385,32
2025-02-02 16:00:00+00:00,491.0,20.011,15.161,17.769331,19.490372,12.229832,16.924883,40310.766,36000.0,5.0,5.0,23.0,25.051704,47.16,43.527622,13.89,2.4757771,562.8025,509.26596,1303256.1,875161.56,130.90001,130.90001,381.0,349.29004,78.94116,33
2025-02-03 16:00:00+00:00,491.0,16.011,13.811001,14.848502,12.707739,10.337437,11.498185,40374.7,32119.5,2.6999993,2.6999993,15.0,25.443748,54.719997,41.966366,8.35,2.3086174,577.651,520.76416,1343630.9,907281.06,133.6,133.6,396.0,357.64005,81.24978,34
2025-02-04 16:00:00+00:00,491.0,15.711,13.261001,14.433917,13.283495,9.622303,11.581886,40439.5,14707.714,1.7000002,1.7000002,12.0,22.828087,46.44,52.36605,7.86,2.1814654,592.0849,532.34607,1384070.4,921988.75,135.3,135.3,408.0,365.50003,83.431244,35
2025-02-05 16:00:00+00:00,491.0,19.611,14.811001,17.05475,19.311426,13.118635,16.416998,40505.09,18931.008,3.5000005,3.5000005,20.0,13.433838,32.399998,63.489548,8.83,1.9128201,609.13965,548.76306,1424575.5,940919.75,138.8,138.8,428.0,374.33002,85.34406,36
2025-02-06 16:00:00+00:00,491.0,20.211,15.111,17.644333,18.840979,11.32797,16.1416,40571.4,26113.613,1.3000002,1.3000002,12.0,28.16353,57.6,41.974136,13.53,2.6464245,626.784,564.90466,1465146.9,967033.4,140.1,140.1,440.0,387.86002,87.990486,37
2025-02-07 16:00:00+00:00,491.0,15.311001,12.811001,14.175583,10.937146,8.493383,9.925431,40638.344,23692.408,2.2,2.2,20.0,29.160557,59.76,43.689568,9.15,2.5544596,640.9596,574.8301,1505785.2,990725.8,142.3,142.3,460.0,397.01,90.544945,38
2025-02-08 16:00:00+00:00,491.0,15.661,12.561001,14.025582,12.173096,8.643474,10.400771,40705.863,27762.865,1.1000001,1.1000001,9.0,23.817883,51.839996,44.56499,10.65,2.6034675,654.98517,585.23083,1546491.1,1018488.7,143.40001,143.40001,469.0,407.66,93.148415,39
2025-02-09 16:00:00+00:00,491.0,18.311,13.461,15.681835,16.17231,10.057026,13.194074,40773.883,36156.47,0.1,0.1,1.0,22.786179,49.32,46.751923,13.63,2.9342725,670.667,598.4249,1587265.0,1054645.1,143.50002,143.50002,470.0,421.29,96.08269,40
2025-02-10 16:00:00+00:00,491.0,20.511,15.761001,18.158915,19.948034,13.959057,17.319317,40842.336,28576.117,4.2000003,4.2000003,18.0,18.581894,42.48,53.326527,11.26,2.4282887,688.8259,615.74426,1628107.4,1083221.2,147.70001,147.70001,488.0,432.55002,98.51098,41
2025-02-11 16:00:00+00:00,491.0,20.461,18.661001,19.452665,22.410786,19.21868,21.097437,40911.145,0.0,32.8,32.8,24.0,12.466867,27.72,73.00427,3.24,0.75734663,708.27856,636.8417,1669018.5,1083221.2,180.50002,180.50002,512.0,435.79,99.268326,42
2025-02-12 16:00:00+00:00,491.0,19.761,17.061,18.598501,21.290825,15.023621,17.69839,40980.254,982.64197,48.400005,48.400005,24.0,28.660158,60.120003,41.206985,4.65,1.1915267,726.8771,654.54004,1709998.8,1084203.9,228.90002,228.90002,536.0,440.44,100.459854,43
2025-02-13 16:00:00+00:00,491.0,20.061,17.461,18.538084,19.682312,15.653212,17.494215,41049.586,11486.196,3.799999,3.799999,21.0,23.623928,48.6,39.771236,7.21,1.8730628,745.41516,672.03424,1751048.4,1095690.1,232.70003,232.70003,557.0,447.65,102.33292,44
2025-02-14 16:00:00+00:00,491.0,23.161001,18.361,20.42975,24.841846,18.666296,21.426332,41119.074,36946.062,0.5,0.5,5.0,16.909464,30.239998,42.30353,14.67,2.7675853,765.8449,693.4606,1792167.5,1132636.2,233.20003,233.20003,562.0,462.32,105.1005,45
2025-02-15 16:00:00+00:00,491.0,22.639,16.089,18.891083,24.383608,16.773163,19.672903,41179.746,30560.89,0.4,0.0,4.0,16.704155,37.8,53.657448,14.57,2.6041226,784.73596,713.1335,1833347.2,1163197.1,233.60002,233.20003,566.0,476.89,107.70463,46
2025-02-16 16:00:00+00:00,491.0,18.639,15.839001,17.18275,17.99551,12.818161,15.006313,41250.234,36110.477,0.1,0.0,1.0,27.80403,58.32,49.350536,17.91,3.3202565,801.9187,728.1398,1874597.5,1199307.6,233.70003,233.20003,567.0,494.80002,111.02489,47
2025-02-17 16:00:00+00:00,491.0,19.189001,15.789,16.847334,17.876602,14.369894,15.436234,41321.6,24149.205,0.0,0.0,0.0,19.453327,48.96,49.988503,11.85,2.4012024,818.76605,743.576,1915919.1,1223456.9,233.70003,233.20003,567.0,506.65002,113.42609,48
2025-02-18 16:00:00+00:00,491.0,18.189001,15.889,16.736917,16.76428,14.220057,15.476087,41393.777,26777.266,0.0,0.0,0.0,19.35314,46.44,53.37919,11.42,2.2129252,835.503,759.05206,1957312.9,1250234.1,233.70003,233.20003,567.0,518.07,115.639015,49
2025-02-19 16:00:00+00:00,491.0,19.089,16.189001,17.464,18.907553,16.299786,17.686644,41466.695,34191.227,1.1,0.0,6.0,12.074766,31.319998,75.27049,11.67,2.0008554,852.967,776.7387,1998779.6,1284425.4,234.80003,233.20003,573.0,529.74,117.63987,50
2025-02-20 16:00:00+00:00,491.0,19.539,16.039,17.539,19.828997,14.805962,17.346487,41540.273,21029.326,0.4,0.0,4.0,21.897945,52.199997,52.230583,7.92,1.6251466,870.506,794.0852,2040319.9,1305454.8,235.20003,233.20003,577.0,537.66,119.265015,51
2025-02-21 16:00:00+00:00,491.0,19.139,16.289,17.634834,17.693764,14.305513,16.120111,41614.465,36000.0,0.0,0.0,0.0,24.627789,59.76,50.77978,13.88,2.765927,888.1408,810.2053,2081934.4,1341454.8,235.20003,233.20003,577.0,551.54,122.030945,52
2025-02-22 16:00:00+00:00,491.0,19.039,16.089,17.576498,18.73367,13.869463,17.075321,41689.19,22440.404,0.0,0.0,0.0,20.12461,47.519997,54.152786,8.21,1.8346355,905.7173,827.28064,2123623.5,1363895.1,235.20003,233.20003,577.0,559.75,123.86558,53
2025-02-23 16:00:00+00:00,491.0,17.039,14.339001,15.670249,13.816711,11.170979,12.719551,41764.39,35077.87,0.0,0.0,0.0,29.460672,63.36,47.264763,15.51,2.9413028,921.3875,840.0002,2165388.0,1398973.0,235.20003,233.20003,577.0,575.26,126.80688,54
2025-02-24 16:00:00+00:00,491.0,17.989,14.389,16.136917,16.811127,11.430872,14.567871,41840.004,37439.766,0.0,0.0,0.0,20.421871,46.44,53.493416,15.61,2.879561,937.5244,854.56805,2207228.0,1436412.8,235.20003,233.20003,577.0,590.87,129.68643,55
2025-02-25 16:00:00+00:00,491.0,20.339,15.889,17.664001,19.89069,15.6602,17.242428,41915.96,36198.887,0.9000001,0.0,9.0,18.161278,39.239998,54.86803,16.75,2.9180655,955.1884,871.8105,2249144.0,1472611.6,236.10002,233.20003,586.0,607.62,132.60449,56
2025-02-26 16:00:00+00:00,491.0,23.539,16.989,19.561914,23.970798,17.823122,20.369516,41992.2,38955.754,1.2,0.0,6.0,9.387651,23.039999,85.32942,14.99,2.8377821,974.7503,892.18,2291136.2,1511567.4,237.30002,233.20003,592.0,622.61,135.44228,57
2025-02-27 16:00:00+00:00,491.0,21.639,18.089,19.372334,22.261456,18.490005,19.9154,42068.664,38732.746,0.0,0.0,0.0,15.94601,39.96,60.02093,17.1,2.9244206,994.1226,912.0954,2333205.0,1550300.1,237.30002,233.20003,592.0,639.70996,138.3667,58
2025-02-28 16:00:00+00:00,491.0,23.439,17.989,19.870249,26.020905,18.40347,21.238731,42145.293,36148.53,0.0,0.0,0.0,13.779114,36.36,49.354294,15.97,2.9515657,1013.99286,933.3341,2375350.2,1586448.6,237.30002,233.20003,592.0,655.67993,141.31827,59
2025-03-01 16:00:00+00:00,491.0,24.989,18.639,21.178583,28.375198,20.446493,23.773924,42222.02,39579.094,0.0,0.0,0.0,9.585739,20.16,169.28685,21.1,3.757365,1035.1714,957.10803,2417572.2,1626027.8,237.30002,233.20003,592.0,676.7799,145.07564,60
2025-03-02 16:00:00+00:00,491.0,23.939,15.289,19.530668,25.791292,16.013165,20.611385,42298.797,26918.16,0.3,0.0,3.0,21.175837,34.2,134.13644,13.8,2.3159046,1054.702,977.7194,2459871.0,1652945.9,237.60002,233.20003,595.0,690.5799,147.39154,61
2025-03-03 16:00:00+00:00,491.0,20.239,14.289,16.541084,21.051699,14.59115,16.750475,42375.543,38304.15,0.0,0.0,0.0,18.214718,39.6,82.32116,20.26,3.107811,1071.2432,994.4699,2502246.5,1691250.0,237.60002,233.20003,595.0,710.8399,150.49936,62
2025-03-04 16:00:00+00:00,491.0,20.989,14.188999,17.330664,22.080566,14.513639,17.933308,42452.223,39274.246,0.0,0.0,0.0,16.179987,35.64,106.9493,20.68,3.1869254,1088.5739,1012.4032,2544698.8,1730524.2,237.60002,233.20003,595.0,731.5199,153.68628,63
2025-03-05 16:00:00+00:00,491.0,19.889,14.688999,16.911917,19.933578,13.984379,16.818172,42528.76,26804.67,0.3,0.3,3.0,17.566378,29.88,35.393402,11.16,1.7581575,1105.4857,1029.2213,2587227.5,1757328.9,237.90002,233.50003,598.0,742.6799,155.44444,64
2025-03-06 16:00:00+00:00,491.0,16.689,12.188999,14.609833,15.781954,10.745576,13.646638,42605.11,22420.691,0.0,0.0,0.0,16.418526,39.6,37.49203,9.31,1.4101889,1120.0956,1042.8679,2629832.5,1779749.6,237.90002,233.50003,598.0,751.98987,156.85463,65
2025-03-07 16:00:00+00:00,491.0,17.289,11.438999,13.764001,16.992908,10.209595,12.804287,42681.215,28267.312,0.0,0.0,0.0,13.039754,39.239998,45.86296,14.13,2.161858,1133.8596,1055.6722,2672513.8,1808017.0,237.90002,233.50003,598.0,766.1199,159.0165,66
2025-03-08 16:00:00+00:00,491.0,20.289,12.039,16.2265,21.663042,11.079713,,42757.566,40134.73,0.0,0.0,0.0,10.703569,29.88,,20.96,,1150.086,,2715271.2,1848151.8,237.90002,233.50003,598.0,787.0799,,67
