date,elevation,temperature_2m_max,temperature_2m_min,temperature_2m_mean,apparent_temperature_max,apparent_temperature_min,apparent_temperature_mean,daylight_duration,sunshine_duration,precipitation_sum,rain_sum,precipitation_hours,wind_speed_10m_max,wind_gusts_10m_max,wind_direction_10m_dominant,shortwave_radiation_sum,et0_fao_evapotranspiration,cumulative_temperature_2m_mean,cumulative_apparent_temperature_mean,cumulative_daylight_duration,cumulative_sunshine_duration,cumulative_precipitation_sum,cumulative_rain_sum,cumulative_precipitation_hours,cumulative_shortwave_radiation_sum,cumulative_et0_fao_evapotranspiration,day
2025-01-01 16:00:00+00:00,1479.0,14.176499,12.4765,13.241085,15.106148,12.441332,13.746432,38508.28,0.0,13.100002,13.100002,21.0,4.942631,21.24,181.31186,2.22,0.51093495,13.241085,13.746432,38508.28,0.0,13.100002,13.100002,21.0,2.22,0.51093495,1
2025-01-02 16:00:00+00:00,1479.0,14.676499,9.5765,12.378583,14.945057,8.522784,12.244664,38531.74,23591.248,1.4000002,1.4000002,14.0,6.048107,26.64,172.62337,5.95,1.0410638,25.619667,25.991096,77040.016,23591.248,14.500003,14.500003,35.0,8.17,1.5519987,2
2025-01-03 16:00:00+00:00,1479.0,15.2765,8.5265,11.334834,15.1756,7.1121407,10.478499,38556.92,35651.65,0.1,0.1,1.0,6.638072,29.88,132.49683,13.05,2.0586941,36.954502,36.469597,115596.94,59242.9,14.600003,14.600003,36.0,21.220001,3.610693,3
2025-01-04 16:00:00+00:00,1479.0,14.926499,10.3265,11.980666,13.757904,9.483915,11.406821,38583.8,34390.086,1.3000001,1.3000001,11.0,7.3997297,31.68,253.13434,10.82,1.7153312,48.93517,47.87642,154180.73,93632.984,15.900003,15.900003,47.0,32.04,5.326024,4
2025-01-05 16:00:00+00:00,1479.0,15.1265,8.1265,11.766083,13.625092,6.498745,10.752131,38612.355,35712.566,0.0,0.0,0.0,6.391901,35.64,210.92192,12.88,2.033654,60.701252,58.62855,192793.1,129345.55,15.900003,15.900003,47.0,44.920002,7.3596783,5
2025-01-06 16:00:00+00:00,1479.0,12.5765,7.3765,9.920251,11.551441,5.9759035,8.742302,38642.566,29558.33,1.1,1.1,9.0,7.2022495,36.36,188.5541,8.3,1.3102165,70.621506,67.37085,231435.66,158903.88,17.000004,17.000004,56.0,53.22,8.669895,6
2025-01-07 16:00:00+00:00,1479.0,14.1265,8.6265,10.882749,12.699593,7.1711216,9.748875,38674.734,35752.99,0.0,0.0,0.0,6.542201,34.2,199.72238,11.32,1.7696059,81.50426,77.11972,270110.38,194656.86,17.000004,17.000004,56.0,64.54,10.439501,7
2025-01-08 16:00:00+00:00,1479.0,12.8765,6.9764996,10.161918,11.797676,5.4412575,9.089734,38708.98,31925.62,2.0,2.0,9.0,5.2416787,31.319998,209.87993,7.34,1.2308156,91.666176,86.20946,308819.34,226582.48,19.000004,19.000004,65.0,71.880005,11.670317,8
2025-01-09 16:00:00+00:00,1479.0,10.7265,7.0765,8.814,10.019411,5.4468346,7.6527843,38745.22,32251.535,3.8999994,3.8999994,19.0,5.5829024,30.239998,195.48349,7.88,1.1656636,100.48018,93.86224,347564.56,258834.02,22.900003,22.900003,84.0,79.76,12.83598,9
2025-01-10 16:00:00+00:00,1479.0,10.7265,6.7764997,8.155666,9.618613,5.229225,6.7655063,38783.383,32501.047,6.3999996,6.3999996,18.0,5.5829024,35.64,206.95874,8.86,1.2605399,108.63585,100.62775,386347.94,291335.06,29.300003,29.300003,102.0,88.62,14.09652,10
2025-01-11 16:00:00+00:00,1479.0,11.5265,6.3265,8.3515005,9.931591,4.3760834,6.730364,38823.4,35740.78,0.0,0.0,0.0,7.1684303,33.48,188.26439,11.43,1.6519179,116.98735,107.35811,425171.34,327075.84,29.300003,29.300003,102.0,100.05,15.748438,11
2025-01-12 16:00:00+00:00,1479.0,13.5765,4.5264997,8.614001,12.42016,2.4639273,7.0519676,38865.176,35741.12,0.0,0.0,0.0,6.7757506,29.519999,157.08852,14.37,2.1241589,125.60135,114.41008,464036.53,362816.97,29.300003,29.300003,102.0,114.420006,17.872597,12
2025-01-13 16:00:00+00:00,1479.0,16.2265,4.8265,10.938999,15.790123,2.9614897,9.923028,38908.656,35742.824,1.3000001,1.3000001,5.0,5.8603754,34.2,212.68872,15.58,2.4456964,136.54034,124.33311,502945.2,398559.78,30.600002,30.600002,107.0,130.0,20.318293,13
2025-01-14 16:00:00+00:00,1479.0,12.676499,8.5765,11.153584,13.042011,7.09289,10.830528,38953.758,2506.7334,3.8,3.8,17.0,7.3447943,32.039997,190.46187,3.01,0.59108454,147.69392,135.16364,541898.94,401066.5,34.4,34.4,124.0,133.01,20.909378,14
2025-01-15 16:00:00+00:00,1479.0,11.926499,7.0264997,8.768166,10.7128935,5.3460073,7.3382792,39000.402,35275.418,0.0,0.0,0.0,7.0591216,36.0,196.69931,10.18,1.491226,156.4621,142.5019,580899.3,436341.9,34.4,34.4,124.0,143.19,22.400604,15
2025-01-16 16:00:00+00:00,1479.0,11.926499,6.2764997,8.711917,10.495419,4.0488234,7.050402,39048.527,35756.1,0.0,0.0,0.0,6.391901,27.0,168.47517,10.94,1.6526695,165.17401,149.5523,619947.8,472098.0,34.4,34.4,124.0,154.13,24.053274,16
2025-01-17 16:00:00+00:00,1479.0,13.3765,6.7764997,9.77025,12.319538,4.942337,8.668265,39098.047,28962.262,1.2,1.2,9.0,6.391901,35.28,195.48164,8.55,1.3932312,174.94426,158.22057,659045.9,501060.25,35.600002,35.600002,133.0,162.68001,25.446505,17
2025-01-18 16:00:00+00:00,1479.0,14.5265,9.7265,11.6327505,13.6669655,9.241304,11.126538,39148.9,35771.805,0.5,0.5,5.0,6.391901,32.399998,242.2925,10.39,1.6547356,186.57701,169.3471,698194.75,536832.06,36.100002,36.100002,138.0,173.07,27.10124,18
2025-01-19 16:00:00+00:00,1479.0,14.926499,7.9764996,11.024417,13.910078,6.6126957,9.950522,39201.004,35781.727,0.70000005,0.70000005,7.0,7.922045,38.519997,212.20766,12.05,1.900956,197.60143,179.29762,737395.75,572613.8,36.800003,36.800003,145.0,185.12001,29.002195,19
2025-01-20 16:00:00+00:00,1479.0,14.0765,7.4265003,10.6431675,13.627979,5.9969597,9.697139,39254.293,35283.57,0.4,0.4,4.0,5.728979,27.72,149.66794,11.76,1.8635702,208.2446,188.99477,776650.06,607897.4,37.200005,37.200005,149.0,196.88,30.865765,20
2025-01-21 16:00:00+00:00,1479.0,15.0265,6.8765,11.051501,13.899143,5.551586,10.232873,39308.7,35805.72,0.8,0.8,4.0,6.3231,36.36,198.89523,11.78,1.8665289,219.2961,199.22765,815958.75,643703.1,38.000004,38.000004,153.0,208.66,32.732292,21
2025-01-22 16:00:00+00:00,1479.0,17.226501,10.2265,13.024417,16.354774,9.63336,12.414567,39364.152,35819.805,0.0,0.0,0.0,7.970972,37.079998,258.27493,13.87,2.278157,232.32051,211.64221,855322.9,679522.94,38.000004,38.000004,153.0,222.53,35.01045,22
2025-01-23 16:00:00+00:00,1479.0,17.8265,9.676499,13.324416,17.031214,7.854454,12.3803625,39420.574,35851.586,0.0,0.0,0.0,7.689603,36.36,222.05348,14.63,2.464873,245.64493,224.02257,894743.44,715374.5,38.000004,38.000004,153.0,237.16,37.475323,23
2025-01-24 16:00:00+00:00,1479.0,16.6765,10.5765,12.878583,15.960356,9.61247,12.223315,39477.91,35852.164,0.0,0.0,0.0,6.1120534,34.92,227.84666,13.43,2.218962,258.5235,236.24588,934221.4,751226.7,38.000004,38.000004,153.0,250.59,39.694286,24
2025-01-25 16:00:00+00:00,1479.0,14.3265,9.4765,11.574416,13.15229,8.491643,10.685853,39536.086,34130.477,1.2,1.2,10.0,6.4624763,30.599998,240.55252,10.63,1.7348133,270.0979,246.93173,973757.44,785357.2,39.200005,39.200005,163.0,261.22,41.4291,25
2025-01-26 16:00:00+00:00,1479.0,9.2765,4.8765,7.7098336,8.304055,2.915924,6.3196397,39595.05,6685.2837,4.4999995,4.4999995,15.0,5.6233797,32.399998,220.0754,3.41,0.56397533,277.80774,253.25137,1013352.5,792042.5,43.700005,43.700005,178.0,264.63,41.993076,26
2025-01-27 16:00:00+00:00,1479.0,11.5265,2.7265,6.801499,9.32929,0.46327066,4.766858,39655.324,35911.477,0.0,0.0,0.0,5.2478566,35.28,191.04887,12.63,1.8357036,284.60925,258.01822,1053007.9,827954.0,43.700005,43.700005,178.0,277.26,43.82878,27
2025-01-28 16:00:00+00:00,1479.0,11.426499,4.7264996,7.7181664,9.460662,2.78542,5.812839,39717.137,35194.137,0.6,0.6,6.0,6.3231,35.28,190.46735,11.37,1.6831409,292.32742,263.83105,1092725.0,863148.1,44.300003,44.300003,184.0,288.63,45.51192,28
2025-01-29 16:00:00+00:00,1479.0,14.1265,6.3265,9.424417,12.927355,4.453047,7.994921,39780.4,36102.28,0.6,0.6,6.0,6.269067,30.960001,165.17963,13.94,2.1280262,301.75183,271.826,1132505.4,899250.4,44.9,44.9,190.0,302.57,47.639946,29
2025-01-30 16:00:00+00:00,1479.0,14.7765,6.8265,10.643166,14.926422,5.0610437,10.031871,39845.02,14182.956,5.5000005,5.5000005,19.0,5.8048253,30.239998,128.8171,4.69,0.8908705,312.395,281.85785,1172350.4,913433.3,50.4,50.4,209.0,307.26,48.530815,30
2025-01-31 16:00:00+00:00,1479.0,17.2765,11.426499,14.134833,18.149666,11.290067,14.614963,39910.914,32264.008,2.0000002,2.0000002,12.0,5.223103,31.68,194.09894,9.99,1.7319027,326.52982,296.4728,1212261.2,945697.3,52.4,52.4,221.0,317.25,50.26272,31
2025-02-01 16:00:00+00:00,1479.0,16.9265,12.0765,14.107751,16.143951,11.740721,14.031266,39977.996,36000.0,1.5000001,1.5000001,12.0,8.528657,48.239998,242.21713,11.58,1.9267707,340.63757,310.5041,1252239.2,981697.3,53.9,53.9,233.0,328.83,52.189487,32
2025-02-02 16:00:00+00:00,1479.0,12.8765,8.8765,11.128582,12.246508,7.775264,10.489011,40046.18,32733.291,0.9000001,0.9000001,9.0,6.698806,37.44,230.7106,9.06,1.3796318,351.76614,320.9931,1292285.4,1014430.6,54.800003,54.800003,242.0,337.88998,53.56912,33
2025-02-03 16:00:00+00:00,1479.0,9.7765,7.1265,8.163999,8.817112,5.6369705,6.861605,40115.375,11924.023,1.5000001,1.5000001,13.0,5.506941,30.239998,203.44128,5.79,0.9257059,359.93015,327.8547,1332400.8,1026354.6,56.300003,56.300003,255.0,343.68,54.494823,34
2025-02-04 16:00:00+00:00,1479.0,10.9765,5.9265003,8.42025,9.3468685,4.2443285,7.0209317,40185.508,36022.312,2.9999998,2.9999998,15.0,8.790563,42.48,222.588,11.61,1.6037889,368.3504,334.87564,1372586.2,1062377.0,59.300003,59.300003,270.0,355.28998,56.098614,35
2025-02-05 16:00:00+00:00,1479.0,13.4765,7.9265003,10.443166,12.642317,6.836212,9.709101,40256.492,31340.023,0.8000001,0.8000001,7.0,6.310277,34.2,213.75647,9.77,1.5421506,378.79358,344.58475,1412842.8,1093717.0,60.100002,60.100002,277.0,365.05997,57.640766,36
2025-02-06 16:00:00+00:00,1479.0,14.9765,8.7765,11.557748,14.171999,7.540474,10.737225,40328.246,36304.266,1.2000002,1.2000002,8.0,7.3821945,36.36,217.82573,13.57,2.1347148,390.35132,355.32196,1453171.0,1130021.2,61.300003,61.300003,285.0,378.62997,59.775482,37
2025-02-07 16:00:00+00:00,1479.0,11.176499,6.3765,8.688999,10.223285,4.606786,7.3680234,40400.69,36000.0,2.0000002,2.0000002,12.0,5.8048253,38.519997,206.87088,11.12,1.5691853,399.0403,362.68997,1493571.8,1166021.2,63.300003,63.300003,297.0,389.74997,61.344666,38
2025-02-08 16:00:00+00:00,1479.0,11.8265,6.1765003,8.134833,10.544856,4.519267,6.6576695,40473.754,36000.0,0.5,0.5,5.0,5.315336,33.48,203.52031,11.39,1.6752224,407.17514,369.34766,1534045.5,1202021.2,63.800003,63.800003,302.0,401.13998,63.01989,39
2025-02-09 16:00:00+00:00,1479.0,14.7765,6.9265003,9.964,13.602547,5.336336,8.664087,40547.348,36607.543,0.0,0.0,0.0,7.2044983,40.68,202.06793,14.95,2.2753515,417.13913,378.01175,1574592.9,1238628.8,63.800003,63.800003,302.0,416.09,65.29524,40
2025-02-10 16:00:00+00:00,1479.0,17.976501,6.4764996,12.074417,18.371687,5.0701914,11.482072,40621.41,36502.312,0.3,0.3,3.0,5.983477,33.48,155.42235,16.66,2.746375,429.21356,389.49384,1615214.2,1275131.0,64.100006,64.100006,305.0,432.75,68.04162,41
2025-02-11 16:00:00+00:00,1479.0,14.7765,11.7265,13.561916,16.121107,11.461004,14.256222,40695.855,0.0,35.9,35.9,24.0,3.9477081,26.28,153.53181,1.75,0.47416055,442.77548,403.75006,1655910.1,1275131.0,100.00001,100.00001,329.0,434.5,68.51578,42
2025-02-12 16:00:00+00:00,1479.0,14.4765,11.7265,13.322334,14.96229,11.509968,13.728747,40770.613,0.0,52.59999,52.59999,24.0,4.9785542,31.68,163.31166,2.72,0.5887576,456.0978,417.47882,1696680.8,1275131.0,152.6,152.6,353.0,437.22,69.10454,43
2025-02-13 16:00:00+00:00,1479.0,15.0765,11.6265,13.453584,16.038345,11.418597,13.84929,40845.617,4171.233,3.7999997,3.7999997,13.0,5.6920996,26.28,188.01233,5.13,0.9545851,469.5514,431.32812,1737526.4,1279302.2,156.40001,156.40001,366.0,442.35,70.05912,44
2025-02-14 16:00:00+00:00,1479.0,18.355501,12.2055,14.572169,19.247652,10.843103,14.307243,40939.57,36000.0,0.0,0.0,0.0,9.826088,29.88,52.78354,17.1,2.7720935,484.12357,445.63538,1778466.0,1315302.2,156.40001,156.40001,366.0,459.45,72.831215,45
2025-02-15 16:00:00+00:00,1479.0,19.2555,11.5555,14.568,19.924587,8.984094,13.792846,41014.316,36976.625,0.0,0.0,0.0,10.587918,32.399998,107.84024,21.59,3.6098483,498.69156,459.42822,1819480.4,1352278.9,156.40001,156.40001,366.0,481.04,76.44106,46
2025-02-16 16:00:00+00:00,1479.0,17.7555,11.0055,13.663834,18.673227,10.132625,13.14616,41089.73,36104.62,0.0,0.0,0.0,10.636766,30.599998,322.76474,19.75,3.0989797,512.3554,472.57437,1860570.1,1388383.5,156.40001,156.40001,366.0,500.79,79.54004,47
2025-02-17 16:00:00+00:00,1479.0,15.305499,9.8055,12.02425,14.331852,8.211092,11.22414,41166.074,36482.11,0.0,0.0,0.0,9.19939,25.919998,338.629,15.15,2.3232427,524.37964,483.79852,1901736.2,1424865.6,156.40001,156.40001,366.0,515.94,81.86328,48
2025-02-18 16:00:00+00:00,1479.0,15.6055,9.1055,11.645083,15.104645,7.0911074,10.547639,41243.285,36322.363,0.0,0.0,0.0,10.464797,28.8,226.63654,18.83,2.7944853,536.0247,494.34616,1942979.5,1461188.0,156.40001,156.40001,366.0,534.77,84.65777,49
2025-02-19 16:00:00+00:00,1479.0,14.5055,9.1055,11.403417,14.088692,6.953829,10.133173,41321.28,36251.348,0.0,0.0,0.0,9.659814,25.199999,105.94541,15.88,2.3626792,547.42816,504.47934,1984300.8,1497439.4,156.40001,156.40001,366.0,550.65,87.02045,50
2025-02-20 16:00:00+00:00,1479.0,15.905499,10.2555,12.178416,15.276203,8.900432,11.352656,41399.984,34651.707,0.2,0.0,2.0,10.829958,29.519999,34.75598,13.89,2.1687899,559.60657,515.832,2025700.8,1532091.1,156.6,156.40001,368.0,564.54004,89.18924,51
2025-02-21 16:00:00+00:00,1479.0,15.955501,9.9555,12.268002,16.380829,7.9196453,11.33875,41479.34,36485.676,0.0,0.0,0.0,10.703569,29.16,7.2242136,18.1,2.7312605,571.8746,527.1707,2067180.1,1568576.8,156.6,156.40001,368.0,582.64,91.9205,52
2025-02-22 16:00:00+00:00,1479.0,15.205501,10.4555,12.409665,14.719534,9.403166,11.83797,41559.26,29393.361,0.3,0.0,2.0,8.707237,23.759998,310.91418,10.99,1.8392603,584.28424,539.00867,2108739.5,1597970.1,156.90001,156.40001,370.0,593.63,93.759766,53
2025-02-23 16:00:00+00:00,1479.0,15.0055,9.3555,12.103416,15.029945,6.7305813,11.124554,41639.688,38105.914,0.0,0.0,0.0,10.028439,27.359999,149.7437,18.42,2.7092974,596.38763,550.13324,2150379.2,1636076.0,156.90001,156.40001,370.0,612.05,96.46906,54
2025-02-24 16:00:00+00:00,1479.0,14.405499,8.0055,11.0929985,14.730745,5.9749174,9.870238,41720.555,39049.805,0.0,0.0,0.0,9.339208,28.08,152.96951,19.75,2.8326607,607.48065,560.0035,2192099.8,1675125.8,156.90001,156.40001,370.0,631.8,99.30173,55
2025-02-25 16:00:00+00:00,1479.0,14.8055,9.655499,12.182583,13.800709,7.416648,11.042694,41801.785,26185.867,0.0,0.0,0.0,7.4128532,19.08,141.84265,11.87,1.9880847,619.6632,571.04614,2233901.5,1701311.6,156.90001,156.40001,370.0,643.67,101.28981,56
2025-02-26 16:00:00+00:00,1479.0,16.105501,11.405499,13.565917,15.690613,9.8457,12.913922,41883.32,39186.367,0.0,0.0,0.0,9.504273,23.759998,47.726265,15.68,2.4385939,633.2291,583.9601,2275784.8,1740498.0,156.90001,156.40001,370.0,659.35,103.7284,57
2025-02-27 16:00:00+00:00,1479.0,21.033499,12.7555,15.820914,20.85,11.564582,15.079703,41965.09,34585.49,0.0,0.0,0.0,11.457958,18.0,356.94138,19.92,3.5202446,649.05005,599.0398,2317749.8,1775083.5,156.90001,156.40001,370.0,679.26996,107.24864,58
2025-02-28 16:00:00+00:00,1479.0,19.533499,13.5835,16.1585,18.826504,12.111002,15.372874,42047.03,37014.336,0.0,0.0,0.0,10.990322,10.440001,193.51254,12.21,2.4195683,665.20856,614.41266,2359796.8,1812097.9,156.90001,156.40001,370.0,691.48,109.66821,59
2025-03-01 16:00:00+00:00,1479.0,22.6835,12.9335,16.720999,23.066153,11.110917,16.263731,42129.08,39476.098,3.2999995,0.0,12.0,12.984975,13.679999,244.09352,22.45,4.065489,681.92957,630.6764,2401925.8,1851574.0,160.20001,156.40001,382.0,713.93,113.7337,60
2025-03-02 16:00:00+00:00,1479.0,20.783499,12.033501,15.8480835,22.494354,10.826808,15.741306,42211.16,39560.78,3.3,0.0,18.0,11.384198,11.159999,231.5389,22.66,3.728543,697.77765,646.4177,2444137.0,1891134.8,163.50002,156.40001,400.0,736.58997,117.46225,61
2025-03-03 16:00:00+00:00,1479.0,21.533499,11.883499,16.156416,22.329517,10.3086815,15.90681,42293.23,39645.324,0.3,0.0,3.0,12.538134,10.799999,246.62578,23.83,4.004255,713.9341,662.3245,2486430.2,1930780.1,163.80002,156.40001,403.0,760.42,121.46651,62
2025-03-04 16:00:00+00:00,1479.0,14.4335,10.783501,12.958497,15.117174,10.241356,13.16171,42375.21,6634.352,1.8000002,0.3,15.0,6.6087217,7.5599995,288.435,3.88,0.72738403,726.8926,675.4862,2528805.5,1937414.5,165.60002,156.70001,418.0,764.3,122.19389,63
2025-03-05 16:00:00+00:00,1479.0,11.4835,6.0835,9.368917,10.278231,4.635688,8.237105,42457.05,38895.547,0.0,0.0,0.0,9.957108,8.64,296.64474,16.5,2.1613493,736.2615,683.7233,2571262.5,1976310.0,165.60002,156.70001,418.0,780.8,124.35524,64
2025-03-06 16:00:00+00:00,1479.0,13.1835,5.6835,8.658501,12.244352,4.0545616,7.0500646,42538.676,39897.414,0.0,0.0,0.0,12.979984,9.36,294.88327,22.6,3.00567,744.92,690.7734,2613801.2,2016207.4,165.60002,156.70001,418.0,803.39996,127.36091,65
2025-03-07 16:00:00+00:00,1479.0,15.283501,5.8335,9.7960005,14.805916,3.6505504,8.212335,42620.043,39980.707,0.0,0.0,0.0,12.819235,7.92,297.2995,24.13,3.4083848,754.716,698.9857,2656421.2,2056188.1,165.60002,156.70001,418.0,827.52997,130.76929,66
