date,elevation,temperature_2m_max,temperature_2m_min,temperature_2m_mean,apparent_temperature_max,apparent_temperature_min,apparent_temperature_mean,daylight_duration,sunshine_duration,precipitation_sum,rain_sum,precipitation_hours,wind_speed_10m_max,wind_gusts_10m_max,wind_direction_10m_dominant,shortwave_radiation_sum,et0_fao_evapotranspiration,cumulative_temperature_2m_mean,cumulative_apparent_temperature_mean,cumulative_daylight_duration,cumulative_sunshine_duration,cumulative_precipitation_sum,cumulative_rain_sum,cumulative_precipitation_hours,cumulative_shortwave_radiation_sum,cumulative_et0_fao_evapotranspiration,day
2025-01-01 16:00:00+00:00,15.0,17.845499,16.4455,17.091331,16.768997,15.002661,15.934512,38508.28,0.0,9.000001,9.000001,11.0,24.485954,37.8,0.5769236,2.28,0.9166845,17.091331,15.934512,38508.28,0.0,9.000001,9.000001,11.0,2.28,0.9166845,1
2025-01-02 16:00:00+00:00,15.0,17.9955,15.5955,16.691334,15.161341,12.940247,13.789535,38531.74,32286.836,0.0,0.0,0.0,32.78422,56.519997,4.6091666,9.3,2.276059,33.782665,29.724047,77040.016,32286.836,9.000001,9.000001,11.0,11.58,3.1927433,2
2025-01-03 16:00:00+00:00,15.0,20.9455,15.2455,17.653833,21.303583,13.194231,16.98601,38556.92,35621.26,0.1,0.1,1.0,17.794527,30.960001,4.458602,14.52,2.6929402,51.4365,46.710056,115596.94,67908.09,9.100001,9.100001,12.0,26.1,5.8856835,3
2025-01-04 16:00:00+00:00,15.0,19.2455,14.7955,16.666334,19.609339,13.920593,16.098848,38583.8,27221.658,2.3999996,2.3999996,8.0,22.737783,35.28,1.3529013,8.48,1.521188,68.10284,62.808907,154180.73,95129.75,11.500001,11.500001,20.0,34.58,7.406872,4
2025-01-05 16:00:00+00:00,15.0,18.8955,14.5955,16.693419,16.171669,12.567282,14.57931,38612.355,35599.496,0.1,0.1,1.0,28.634146,51.48,7.6843634,17.01,2.9807565,84.79626,77.388214,192793.1,130729.25,11.600001,11.600001,21.0,51.590004,10.387629,5
2025-01-06 16:00:00+00:00,15.0,18.5455,14.1455,15.791333,17.212141,12.066017,14.262413,38642.566,35486.57,1.1,1.1,8.0,16.478603,27.72,4.8470755,12.96,2.4377718,100.58759,91.65063,231435.66,166215.81,12.700002,12.700002,29.0,64.55,12.8254,6
2025-01-07 16:00:00+00:00,15.0,19.4455,14.6455,16.578835,18.961765,13.099266,15.370377,38674.734,35584.984,0.0,0.0,0.0,20.703129,33.48,4.7983627,14.94,2.6376011,117.16643,107.021,270110.38,201800.8,12.700002,12.700002,29.0,79.490005,15.463001,7
2025-01-08 16:00:00+00:00,15.0,17.845499,14.3955,16.110083,15.408218,10.199451,13.53952,38708.98,35579.902,0.0,0.0,0.0,28.676546,47.519997,9.284581,11.97,2.530456,133.2765,120.560524,308819.34,237380.7,12.700002,12.700002,29.0,91.46001,17.993458,8
2025-01-09 16:00:00+00:00,15.0,15.195499,12.9955,13.989251,10.387165,8.200335,9.275039,38745.22,35576.17,0.0,0.0,0.0,34.0885,59.039997,4.052506,13.02,2.888461,147.26576,129.83556,347564.56,272956.88,12.700002,12.700002,29.0,104.48001,20.88192,9
2025-01-10 16:00:00+00:00,15.0,16.4455,13.0955,14.272586,13.368307,9.252296,10.685219,38783.383,35573.793,0.1,0.1,1.0,32.760002,54.719997,2.1562681,14.72,2.7719924,161.53835,140.52078,386347.94,308530.66,12.800002,12.800002,30.0,119.20001,23.653912,10
2025-01-11 16:00:00+00:00,15.0,16.4455,12.5955,14.080917,12.292629,8.460684,10.165103,38823.4,35572.777,0.0,0.0,0.0,30.28336,51.839996,3.6151009,17.06,3.3076046,175.61926,150.68588,425171.34,344103.44,12.800002,12.800002,30.0,136.26001,26.961515,11
2025-01-12 16:00:00+00:00,15.0,18.7455,12.695499,15.160084,17.647095,9.9832325,13.536767,38865.176,35573.113,0.0,0.0,0.0,15.481048,25.919998,354.35675,17.38,3.0356226,190.77934,164.22266,464036.53,379676.56,12.800002,12.800002,30.0,153.64001,29.997139,12
2025-01-13 16:00:00+00:00,15.0,19.1955,11.4955,15.87675,19.322165,10.615937,15.557313,38908.656,35574.82,0.5,0.5,2.0,13.337016,24.48,351.75055,16.32,2.5712416,206.6561,179.77997,502945.2,415251.38,13.300002,13.300002,32.0,169.96002,32.568382,13
2025-01-14 16:00:00+00:00,15.0,16.1955,13.3455,15.072582,15.584198,8.923706,12.218413,38953.758,14343.781,1.0000001,1.0000001,6.0,33.24498,55.44,4.9175224,4.85,1.3188324,221.72868,191.99838,541898.94,429595.16,14.300002,14.300002,38.0,174.81003,33.887215,14
2025-01-15 16:00:00+00:00,15.0,16.345499,12.5455,13.762169,12.869638,8.534054,9.963105,39000.402,35582.305,0.0,0.0,0.0,32.04202,55.8,1.7703079,15.92,2.914167,235.49084,201.96149,580899.3,465177.47,14.300002,14.300002,38.0,190.73003,36.80138,15
2025-01-16 16:00:00+00:00,15.0,17.1455,12.4955,14.287167,14.381544,9.012598,11.183282,39048.527,35588.098,0.0,0.0,0.0,25.38,43.92,1.8341018,16.55,2.9441981,249.77802,213.14478,619947.8,500765.56,14.300002,14.300002,38.0,207.28003,39.74558,16
2025-01-17 16:00:00+00:00,15.0,18.1955,13.2455,15.608001,17.060322,11.796696,14.411353,39098.047,35595.266,1.8,1.8,9.0,17.460928,28.8,359.17798,10.67,1.9949372,265.38602,227.55612,659045.9,536360.8,16.100002,16.100002,47.0,217.95003,41.740517,17
2025-01-18 16:00:00+00:00,15.0,18.1955,14.695499,15.947582,16.159842,13.293526,14.6144285,39148.9,33515.29,0.8,0.8,3.0,23.983269,40.68,4.713327,11.92,1.8523511,281.3336,242.17055,698194.75,569876.1,16.900002,16.900002,50.0,229.87003,43.59287,18
2025-01-19 16:00:00+00:00,15.0,19.595499,14.4955,16.272585,19.449179,12.652155,14.861896,39201.004,35632.57,0.0,0.0,0.0,22.90531,38.519997,3.3337517,16.15,2.882514,297.60617,257.03244,737395.75,605508.7,16.900002,16.900002,50.0,246.02002,46.475384,19
2025-01-20 16:00:00+00:00,15.0,20.1955,14.2955,16.791336,20.505608,12.693138,16.23456,39254.293,35625.023,0.0,0.0,0.0,15.206538,24.119999,5.6928167,16.03,2.7748613,314.39752,273.267,776650.06,641133.7,16.900002,16.900002,50.0,262.05002,49.250244,20
2025-01-21 16:00:00+00:00,15.0,19.4955,13.9955,16.537169,19.222588,14.446083,16.726957,39308.7,35637.715,0.1,0.1,1.0,14.77755,26.64,353.65988,13.82,2.166255,330.9347,289.99396,815958.75,676771.4,17.000002,17.000002,51.0,275.87003,51.4165,21
2025-01-22 16:00:00+00:00,15.0,19.9955,15.0455,16.816336,18.968136,14.808935,15.978325,39364.152,33646.96,0.0,0.0,0.0,22.862833,36.0,8.775131,14.83,2.3022897,347.75104,305.9723,855322.9,710418.3,17.000002,17.000002,51.0,290.7,53.71879,22
2025-01-23 16:00:00+00:00,15.0,20.6455,15.7455,17.4705,19.901638,14.212151,16.343025,39420.574,35667.277,0.0,0.0,0.0,22.338137,38.16,6.6434426,15.39,2.6813014,365.22153,322.3153,894743.44,746085.56,17.000002,17.000002,51.0,306.09003,56.40009,23
2025-01-24 16:00:00+00:00,15.0,20.595499,15.7955,17.36425,19.891573,14.735813,16.154322,39477.91,35684.16,0.0,0.0,0.0,25.80286,43.92,7.8133445,16.42,2.7105434,382.5858,338.46964,934221.4,781769.75,17.000002,17.000002,51.0,322.51004,59.110634,24
2025-01-25 16:00:00+00:00,15.0,19.1455,13.8955,16.097586,17.472395,10.172161,13.822431,39536.086,35702.47,0.2,0.2,2.0,32.9577,56.88,2.4289703,15.16,2.441711,398.68338,352.29205,973757.44,817472.25,17.200003,17.200003,53.0,337.67004,61.552345,25
2025-01-26 16:00:00+00:00,15.0,13.4955,11.0955,12.02675,9.713618,5.7103863,6.932839,39595.05,19152.617,3.6,3.6,12.0,35.087074,61.56,3.4128726,6.62,1.9857547,410.71014,359.22488,1013352.5,836624.9,20.800003,20.800003,65.0,344.29004,63.5381,26
2025-01-27 16:00:00+00:00,15.0,16.4455,11.5455,13.562164,12.416222,6.1149054,9.076243,39655.324,35969.582,0.0,0.0,0.0,30.259275,51.839996,4.20471,16.96,3.7184362,424.2723,368.30112,1053007.9,872594.44,20.800003,20.800003,65.0,361.25003,67.25654,27
2025-01-28 16:00:00+00:00,15.0,18.1455,12.5455,14.749668,16.258533,9.282971,12.295381,39717.137,36080.01,0.0,0.0,0.0,20.163212,33.48,2.8667307,17.04,3.244293,439.02197,380.5965,1092725.0,908674.44,20.800003,20.800003,65.0,378.29004,70.50083,28
2025-01-29 16:00:00+00:00,15.0,19.4955,11.3455,15.243416,19.808502,10.636667,14.837986,39780.4,36195.848,0.0,0.0,0.0,13.849477,24.84,348.28326,18.13,2.8912969,454.26538,395.43448,1132505.4,944870.3,20.800003,20.800003,65.0,396.42004,73.39213,29
2025-01-30 16:00:00+00:00,15.0,18.7955,14.2455,16.208002,18.767775,13.810465,16.000032,39845.02,16925.434,1.1,1.1,4.0,11.212135,19.08,356.78143,6.57,1.3932543,470.4734,411.4345,1172350.4,961795.75,21.900003,21.900003,69.0,402.99005,74.785385,30
2025-01-31 16:00:00+00:00,15.0,20.7455,15.195499,17.666332,20.9817,15.2421875,17.659605,39910.914,33359.117,6.2,6.2,13.0,20.340796,29.88,5.350283,11.26,1.947748,488.1397,429.09412,1212261.2,995154.9,28.100002,28.100002,82.0,414.25006,76.73313,31
2025-02-01 16:00:00+00:00,15.0,19.7455,15.695499,17.012167,19.46675,14.487631,15.965191,39977.996,34876.535,2.6999998,2.6999998,12.0,24.512405,41.039997,1.2311873,15.35,2.3336332,505.1519,445.0593,1252239.2,1030031.44,30.800003,30.800003,94.0,429.60007,79.066765,32
2025-02-02 16:00:00+00:00,15.0,15.8455,12.8455,14.597584,14.630787,8.050798,11.391515,40046.18,34832.082,2.2,2.2,14.0,35.166397,60.120003,3.1259637,10.92,1.9035891,519.74945,456.4508,1292285.4,1064863.5,33.000004,33.000004,108.0,440.52008,80.97035,33
2025-02-03 16:00:00+00:00,15.0,15.695499,12.3955,13.503834,11.425277,7.4243755,9.116309,40115.375,35935.816,0.4,0.4,3.0,31.532896,54.0,4.233233,11.71,2.7723157,533.2533,465.5671,1332400.8,1100799.4,33.400005,33.400005,111.0,452.23007,83.74267,34
2025-02-04 16:00:00+00:00,15.0,18.2455,13.1455,15.462169,18.04098,10.266045,14.064614,40185.508,36475.45,0.1,0.1,1.0,15.664136,29.519999,0.35436872,16.67,2.973072,548.71545,479.6317,1372586.2,1137274.9,33.500004,33.500004,112.0,468.9001,86.715744,35
2025-02-05 16:00:00+00:00,15.0,19.4955,13.7955,16.160082,19.774136,13.63558,15.868493,40256.492,31570.521,0.6,0.6,5.0,14.588885,28.08,357.839,12.08,2.1527421,564.87555,495.5002,1412842.8,1168845.4,34.100002,34.100002,117.0,480.98007,88.868484,36
2025-02-06 16:00:00+00:00,15.0,17.7955,12.695499,15.2455015,15.19129,7.535261,12.04002,40328.246,36719.76,0.0,0.0,0.0,36.208645,62.279995,2.0996048,17.05,2.7877016,580.12103,507.54022,1453171.0,1205565.1,34.100002,34.100002,117.0,498.03006,91.65619,37
2025-02-07 16:00:00+00:00,15.0,13.3955,11.1455,12.366336,8.307001,5.769161,7.155512,40400.69,36180.918,0.1,0.1,1.0,36.40453,63.72,2.2607837,12.96,2.689553,592.48737,514.69574,1493571.8,1241746.0,34.2,34.2,118.0,510.99005,94.34574,38
2025-02-08 16:00:00+00:00,15.0,16.2955,11.2955,13.160085,12.688198,7.4984074,9.430522,40473.754,36393.91,1.5000002,1.5000002,13.0,30.240534,52.56,0.8747881,17.36,2.9757264,605.64746,524.1263,1534045.5,1278139.9,35.7,35.7,131.0,528.35004,97.321465,39
2025-02-09 16:00:00+00:00,15.0,18.7455,12.445499,15.095501,18.08252,10.6371355,13.717101,40547.348,37168.79,0.6,0.6,6.0,19.222954,32.760002,357.23096,19.26,3.058487,620.743,537.8434,1574592.9,1315308.6,36.3,36.3,137.0,547.61005,100.37995,40
2025-02-10 16:00:00+00:00,15.0,20.130499,11.1805,15.453415,19.759623,10.678348,15.034114,40624.902,36000.0,0.0,0.0,0.0,24.29133,43.199997,357.06223,17.63,2.6630616,636.1964,552.8775,1615217.8,1351308.6,36.3,36.3,137.0,565.24005,103.043015,41
2025-02-11 16:00:00+00:00,15.0,17.030499,15.2805,16.184666,18.083345,15.524616,16.60491,40699.258,0.0,54.199997,53.699997,22.0,15.226764,26.64,6.7399397,1.6,0.43014726,652.3811,569.4824,1655917.0,1351308.6,90.5,90.0,159.0,566.84,103.47316,42
2025-02-12 16:00:00+00:00,15.0,17.1805,14.4805,15.311751,16.901632,11.301678,13.180279,40773.926,0.0,22.7,19.6,18.0,32.789658,57.96,8.17734,2.07,0.71790504,667.6929,582.6627,1696690.9,1351308.6,113.2,109.6,177.0,568.91003,104.19106,43
2025-02-13 16:00:00+00:00,15.0,19.2305,14.830501,16.372166,19.070932,14.26248,15.743947,40848.84,17856.486,0.0,0.0,0.0,20.211363,34.56,2.7011943,9.52,1.6988505,684.06506,598.4067,1737539.8,1369165.1,113.2,109.6,177.0,578.43005,105.889915,44
2025-02-14 16:00:00+00:00,15.0,20.9305,15.2305,17.257586,21.847624,14.710274,17.320757,40923.918,30627.578,0.0,0.0,0.0,16.343367,27.359999,355.9196,14.54,2.3275175,701.32263,615.7274,1778463.6,1399792.8,113.2,109.6,177.0,592.97003,108.21743,45
2025-02-15 16:00:00+00:00,15.0,22.6805,15.080501,17.8555,22.623192,14.924755,17.228289,40999.117,33518.9,0.0,0.0,0.0,27.009598,47.16,3.366359,18.06,2.9327352,719.1781,632.9557,1819462.8,1433311.6,113.2,109.6,177.0,611.03,111.15016,46
2025-02-16 16:00:00+00:00,15.0,22.8305,14.4805,17.636751,21.81901,12.434366,15.698001,41074.98,36354.66,0.0,0.0,0.0,26.28986,46.079998,3.829678,18.75,3.8224092,736.8149,648.6537,1860537.8,1469666.2,113.2,109.6,177.0,629.78,114.97257,47
2025-02-17 16:00:00+00:00,15.0,20.0805,14.4305,16.55967,18.081423,12.29023,14.113919,41151.785,32627.11,0.0,0.0,0.0,33.549606,59.039997,6.3139544,17.26,3.194138,753.3746,662.7676,1901689.5,1502293.4,113.2,109.6,177.0,647.04004,118.16671,48
2025-02-18 16:00:00+00:00,15.0,21.630499,14.0305,16.868002,21.843733,13.050743,16.266449,41229.453,34105.656,0.0,0.0,0.0,21.129883,36.0,352.63443,18.46,3.0470004,770.24255,679.03406,1942919.0,1536399.0,113.2,109.6,177.0,665.50006,121.21371,49
2025-02-19 16:00:00+00:00,15.0,19.9805,15.5305,16.886751,20.075481,13.464815,15.987298,41307.918,33757.78,0.0,0.0,0.0,25.721743,44.28,356.65118,15.5,2.3903031,787.12933,695.02136,1984226.9,1570156.8,113.2,109.6,177.0,681.00006,123.60401,50
2025-02-20 16:00:00+00:00,15.0,18.880499,15.0305,16.324251,14.823519,11.810036,13.157692,41387.098,32268.906,0.6,0.0,6.0,36.40275,64.799995,8.253987,14.54,2.5479152,803.4536,708.1791,2025614.0,1602425.6,113.799995,109.6,183.0,695.54004,126.151924,51
2025-02-21 16:00:00+00:00,15.0,19.530499,14.580501,16.440918,16.877283,11.739454,13.6216,41466.926,31397.357,0.3,0.0,3.0,33.151287,59.399998,7.0051694,13.77,2.6394808,819.89453,721.80066,2067080.9,1633823.0,114.1,109.6,186.0,709.31006,128.79141,52
2025-02-22 16:00:00+00:00,15.0,18.3305,14.6805,16.170084,15.461079,11.316191,13.075287,41547.33,26522.963,0.0,0.0,0.0,36.258274,66.6,9.709802,12.9,2.4488072,836.06464,734.876,2108628.2,1660346.0,114.1,109.6,186.0,722.2101,131.24022,53
2025-02-23 16:00:00+00:00,15.0,17.2915,14.330501,15.914458,13.494421,9.033516,11.527892,41628.24,38458.48,0.0,0.0,0.0,44.565907,43.56,11.217935,18.8,3.3960142,851.97906,746.4039,2150256.5,1698804.5,114.1,109.6,186.0,741.0101,134.63623,54
2025-02-24 16:00:00+00:00,15.0,18.491499,15.991499,17.008165,18.292313,13.7309,16.164629,41709.586,38905.727,0.0,0.0,0.0,20.598795,14.4,336.05292,18.37,2.9406726,868.98724,762.5685,2191966.0,1737710.2,114.1,109.6,186.0,759.38007,137.5769,55
2025-02-25 16:00:00+00:00,15.0,18.9415,16.7915,17.908165,18.809986,16.733753,17.847279,41791.297,28572.424,0.0,0.0,0.0,12.261158,11.159999,359.99997,10.86,2.0983827,886.8954,780.4158,2233757.2,1766282.6,114.1,109.6,186.0,770.24005,139.6753,56
2025-02-26 16:00:00+00:00,15.0,20.241499,17.991499,19.1415,21.749449,17.512754,19.83721,41873.32,27921.076,0.0,0.0,0.0,18.228943,17.64,15.49616,9.44,1.9543682,906.03687,800.253,2275630.5,1794203.8,114.1,109.6,186.0,779.68005,141.62965,57
2025-02-27 16:00:00+00:00,15.0,20.2915,18.2915,19.208166,22.755272,19.288534,20.635496,41955.58,38838.69,0.0,0.0,0.0,11.177405,25.919998,20.780062,19.55,3.12036,925.24506,820.8885,2317586.0,1833042.5,114.1,109.6,186.0,799.23004,144.75002,58
2025-02-28 16:00:00+00:00,15.0,20.3915,17.3415,18.824831,21.466267,18.15821,19.595213,42038.008,38961.664,0.0,0.0,0.0,14.654254,16.199999,9.156884,18.74,2.9249244,944.0699,840.4837,2359624.0,1872004.1,114.1,109.6,186.0,817.97003,147.67494,59
2025-03-01 16:00:00+00:00,15.0,20.6915,17.8915,19.274834,22.779945,18.798801,20.53209,42120.543,39255.6,0.0,0.0,0.0,14.24163,15.119999,2.952395,20.31,3.1831524,963.3447,861.0158,2401744.5,1911259.8,114.1,109.6,186.0,838.28,150.8581,60
2025-03-02 16:00:00+00:00,15.0,21.0915,18.3915,19.858166,24.25779,14.699091,20.513567,42203.117,39540.78,0.0,0.0,0.0,39.985935,37.079998,10.673349,21.64,3.690617,983.2029,881.52936,2443947.5,1950800.5,114.1,109.6,186.0,859.92004,154.5487,61
2025-03-03 16:00:00+00:00,15.0,19.241499,16.8915,18.022749,16.52455,11.689718,,42285.67,39626.254,0.0,0.0,0.0,50.607857,39.6,,22.4,,1001.22565,,2486233.2,1990426.8,114.1,109.6,186.0,882.32007,,62
