date,elevation,temperature_2m_max,temperature_2m_min,temperature_2m_mean,apparent_temperature_max,apparent_temperature_min,apparent_temperature_mean,daylight_duration,sunshine_duration,precipitation_sum,rain_sum,precipitation_hours,wind_speed_10m_max,wind_gusts_10m_max,wind_direction_10m_dominant,shortwave_radiation_sum,et0_fao_evapotranspiration,cumulative_temperature_2m_mean,cumulative_apparent_temperature_mean,cumulative_daylight_duration,cumulative_sunshine_duration,cumulative_precipitation_sum,cumulative_rain_sum,cumulative_precipitation_hours,cumulative_shortwave_radiation_sum,cumulative_et0_fao_evapotranspiration,day
2025-01-01 16:00:00+00:00,23.0,19.317001,17.467001,18.248251,19.08204,16.53114,17.727129,38796.168,0.0,4.2,4.2,18.0,20.060919,35.28,352.755,2.04,0.97272223,18.248251,17.727129,38796.168,0.0,4.2,4.2,18.0,2.04,0.97272223,1
2025-01-02 16:00:00+00:00,23.0,19.517,16.667,17.685751,18.03511,15.390766,16.626566,38818.254,2607.7114,2.8999999,2.8999999,12.0,21.791153,37.8,352.10507,3.46,1.2914702,35.934002,34.353695,77614.42,2607.7114,7.0999994,7.0999994,30.0,5.5,2.2641923,2
2025-01-03 16:00:00+00:00,23.0,22.717001,15.566999,18.662832,24.438683,16.185085,19.602476,38841.97,35756.51,0.7,0.7,5.0,9.361731,20.519999,330.31482,13.73,2.4400027,54.596832,53.95617,116456.39,38364.223,7.799999,7.799999,35.0,19.23,4.704195,3
2025-01-04 16:00:00+00:00,23.0,21.767,16.517,18.319086,21.380817,16.196104,18.19017,38867.28,34151.656,2.6999996,2.6999996,10.0,18.268892,31.68,353.09387,10.04,1.9961628,72.91592,72.14634,155323.67,72515.875,10.499999,10.499999,45.0,29.27,6.700358,4
2025-01-05 16:00:00+00:00,23.0,22.517,15.316999,18.527418,22.649473,13.603371,17.901312,38894.17,35733.043,0.0,0.0,0.0,18.775301,36.0,354.04855,15.9,3.071903,91.44334,90.04765,194217.84,108248.92,10.499999,10.499999,45.0,45.17,9.772261,5
2025-01-06 16:00:00+00:00,23.0,21.117,14.266999,17.692,21.035809,14.483856,17.831465,38922.625,33866.44,0.4,0.4,4.0,15.8502245,27.359999,351.48608,11.66,2.207805,109.13534,107.87912,233140.47,142115.36,10.899999,10.899999,49.0,56.829998,11.980065,6
2025-01-07 16:00:00+00:00,23.0,21.967001,13.967,17.614916,22.28643,13.666426,17.422546,38952.918,35716.617,0.0,0.0,0.0,14.584445,24.48,358.511,15.29,2.8032634,126.75025,125.30167,272093.38,177831.97,10.899999,10.899999,49.0,72.119995,14.783329,7
2025-01-08 16:00:00+00:00,23.0,21.217001,15.167,18.06075,20.68103,14.467945,17.35797,38985.17,24910.48,0.0,0.0,0.0,19.023027,31.319998,355.59637,9.17,2.1761618,144.811,142.65964,311078.56,202742.45,10.899999,10.899999,49.0,81.28999,16.959492,8
2025-01-09 16:00:00+00:00,23.0,18.267,14.566999,16.002417,16.102617,11.959633,13.3773985,39019.305,7200.0,0.5,0.5,5.0,22.571884,37.8,353.92337,4.22,2.0557404,160.81342,156.03703,350097.88,209942.45,11.399999,11.399999,54.0,85.509995,19.015232,9
2025-01-10 16:00:00+00:00,23.0,17.717001,13.816999,15.43575,15.900402,11.160364,13.653579,39055.246,10346.241,1.4000001,1.4000001,10.0,21.188072,33.839996,350.133,5.82,1.705791,176.24916,169.69061,389153.12,220288.69,12.799999,12.799999,64.0,91.329994,20.721024,10
2025-01-11 16:00:00+00:00,23.0,19.867,12.566999,15.481582,18.307343,9.647107,13.056892,39092.934,35699.848,0.2,0.2,2.0,21.978434,37.8,355.6585,15.48,3.0584142,191.73074,182.7475,428246.06,255988.53,12.999999,12.999999,66.0,106.81,23.779438,11
2025-01-12 16:00:00+00:00,23.0,20.667,10.367,15.787834,20.34952,9.064198,15.007663,39132.29,35698.906,0.0,0.0,0.0,9.432412,22.68,345.564,16.09,2.8274024,207.51859,197.75516,467378.34,291687.44,12.999999,12.999999,66.0,122.899994,26.60684,12
2025-01-13 16:00:00+00:00,23.0,21.317001,12.816999,17.085752,20.767113,12.564934,16.700705,39173.242,31489.236,0.6,0.6,5.0,15.547875,24.119999,346.523,11.67,2.3713584,224.60434,214.45586,506551.6,323176.7,13.599999,13.599999,71.0,134.56999,28.978199,13
2025-01-14 16:00:00+00:00,23.0,17.467001,15.117,16.619081,16.030615,12.748829,14.967152,39215.727,0.0,1.4000001,1.4000001,12.0,22.228361,39.239998,352.1965,1.95,1.2039071,241.22342,229.423,545767.3,323176.7,15.0,15.0,83.0,136.51999,30.182106,14
2025-01-15 16:00:00+00:00,23.0,19.767,14.516999,16.025333,18.86753,12.468014,14.240647,39259.67,32400.0,0.1,0.1,1.0,20.359901,34.92,350.73856,12.55,2.6894557,257.24875,243.66365,585027.0,355576.7,15.1,15.1,84.0,149.06999,32.871563,15
2025-01-16 16:00:00+00:00,23.0,19.767,12.766999,15.966999,19.443308,10.89994,14.447848,39305.004,34598.145,0.1,0.1,1.0,15.224637,27.72,351.5536,14.11,2.8088934,273.21576,258.1115,624332.0,390174.84,15.200001,15.200001,85.0,163.18,35.680458,16
2025-01-17 16:00:00+00:00,23.0,18.717001,14.617,16.5045,17.982021,13.275616,15.728559,39351.656,1738.63,0.8000001,0.8000001,7.0,13.870515,24.119999,354.92245,4.82,1.4161783,289.72025,273.84006,663683.6,391913.47,16.0,16.0,92.0,168.0,37.096638,17
2025-01-18 16:00:00+00:00,23.0,21.217001,15.867,17.587833,19.954773,14.467964,16.487413,39399.566,26099.395,1.0000001,1.0000001,7.0,19.94754,37.8,352.94507,10.21,2.2052028,307.30807,290.32748,703083.2,418012.88,17.0,17.0,99.0,178.21,39.30184,18
2025-01-19 16:00:00+00:00,23.0,22.417,14.266999,17.906584,23.163696,14.325249,18.010939,39448.656,35729.258,0.0,0.0,0.0,15.94601,28.44,348.36298,15.09,2.7303855,325.21466,308.3384,742531.9,453742.12,17.0,17.0,99.0,193.3,42.032227,19
2025-01-20 16:00:00+00:00,23.0,22.817001,14.016999,18.252417,23.605621,13.828224,18.584917,39498.867,35886.875,0.1,0.1,1.0,14.637663,28.08,337.2941,16.06,2.9258597,343.46707,326.92334,782030.75,489629.0,17.1,17.1,100.0,209.36,44.958088,20
2025-01-21 16:00:00+00:00,23.0,21.917,16.817001,18.88575,22.501692,17.143166,19.489046,39550.13,27295.902,2.3,2.3,11.0,14.967083,24.84,348.19864,8.83,1.8923866,362.3528,346.41238,821580.9,516924.9,19.4,19.4,111.0,218.19,46.850475,21
2025-01-22 16:00:00+00:00,23.0,23.317001,15.867,18.879501,22.701195,14.81959,18.340155,39602.38,36072.13,0.4,0.4,4.0,19.758228,35.28,354.1973,15.83,3.0700417,381.2323,364.75253,861183.25,552997.06,19.8,19.8,115.0,234.02,49.920517,22
2025-01-23 16:00:00+00:00,23.0,23.367,15.367,19.089918,24.241514,15.109331,19.403765,39655.55,36001.824,0.0,0.0,0.0,12.841963,24.119999,344.65073,13.96,2.705952,400.3222,384.1563,900838.8,588998.9,19.8,19.8,115.0,247.98001,52.62647,23
2025-01-24 16:00:00+00:00,23.0,23.767,15.917,19.29825,25.53803,16.523947,19.792883,39709.58,36015.58,0.0,0.0,0.0,16.90563,29.16,348.81873,16.67,3.1076736,419.62045,403.9492,940548.4,625014.44,19.8,19.8,115.0,264.65002,55.734142,24
2025-01-25 16:00:00+00:00,23.0,22.317001,15.367,18.26075,23.447279,11.66032,17.309689,39764.402,35807.836,0.90000004,0.90000004,4.0,30.556026,50.76,351.25003,14.91,3.0058765,437.8812,421.25888,980312.75,660822.25,20.699999,20.699999,119.0,279.56003,58.74002,25
2025-01-26 16:00:00+00:00,23.0,15.016999,13.516999,14.062832,11.549754,8.391977,9.965785,39819.973,1889.3019,0.5,0.5,4.0,34.964966,58.679996,354.13574,3.96,2.0042748,451.94403,431.22467,1020132.75,662711.56,21.199999,21.199999,123.0,283.52002,60.744297,26
2025-01-27 16:00:00+00:00,23.0,19.417,12.917,15.562833,17.594702,9.066233,12.9648695,39876.777,32100.752,0.3,0.3,3.0,20.738312,34.56,354.43646,12.37,3.1516702,467.50687,444.18954,1060009.5,694812.3,21.499998,21.499998,126.0,295.89,63.895966,27
2025-01-28 16:00:00+00:00,23.0,20.117,14.617,16.7295,19.234915,13.377333,15.795608,39935.035,29948.652,0.0,0.0,0.0,12.033103,24.84,343.16345,13.66,2.6805217,484.23636,459.98514,1099944.5,724760.94,21.499998,21.499998,126.0,309.55002,66.576485,28
2025-01-29 16:00:00+00:00,23.0,22.117,13.016999,17.383669,22.08815,12.212048,17.05128,39994.66,36098.676,0.0,0.0,0.0,12.703715,24.119999,347.21912,16.8,3.1665347,501.62003,477.0364,1139939.1,760859.6,21.499998,21.499998,126.0,326.35,69.74302,29
2025-01-30 16:00:00+00:00,23.0,19.867,16.317001,18.123247,19.713121,15.770792,17.969074,40055.574,1102.3928,1.3000001,1.3000001,8.0,12.039833,28.8,334.91534,3.43,1.2917948,519.7433,495.0055,1179994.8,761962.0,22.799997,22.799997,134.0,329.78,71.03481,30
2025-01-31 16:00:00+00:00,23.0,25.317001,17.267,20.604502,25.804062,16.713661,20.760862,40117.69,33075.934,2.3,2.3,10.0,18.051228,33.48,345.45612,13.01,2.984701,540.3478,515.76636,1220112.5,795037.94,25.099997,25.099997,144.0,342.79,74.019516,31
2025-02-01 16:00:00+00:00,23.0,23.967001,17.267,19.950335,26.23075,16.825146,20.354345,40180.92,36161.035,0.2,0.2,2.0,17.750774,29.519999,346.67038,14.91,2.9213984,560.2981,536.1207,1260293.4,831199.0,25.299997,25.299997,146.0,357.7,76.94092,32
2025-02-02 16:00:00+00:00,23.0,21.767,14.316999,17.683666,20.849365,10.855435,15.946361,40245.2,36288.824,1.9000001,1.9000001,9.0,29.85722,51.12,352.13257,15.03,2.9991539,577.98175,552.0671,1300538.6,867487.8,27.199997,27.199997,155.0,372.73,79.94007,33
2025-02-03 16:00:00+00:00,23.0,17.767,13.917,15.341999,16.104008,10.972775,13.162786,40310.434,12460.848,0.6,0.6,5.0,23.695824,38.16,354.5187,6.03,1.889027,593.3237,565.22986,1340849.0,879948.7,27.799997,27.799997,160.0,378.76,81.8291,34
2025-02-04 16:00:00+00:00,23.0,20.167,12.617,16.756584,19.287554,11.780664,16.415842,40376.55,35555.535,0.1,0.1,1.0,10.783487,25.919998,326.57516,13.74,2.4775262,610.0803,581.6457,1381225.5,915504.25,27.899998,27.899998,161.0,392.5,84.306625,35
2025-02-05 16:00:00+00:00,23.0,21.917,15.117,18.381582,21.566715,15.786346,18.224031,40443.48,35247.625,0.2,0.2,2.0,18.183563,32.039997,351.56497,11.79,2.5789158,628.4619,599.86975,1421669.0,950751.9,28.099998,28.099998,163.0,404.29,86.885544,36
2025-02-06 16:00:00+00:00,23.0,23.317001,14.266999,18.033667,22.53104,11.020891,15.924648,40511.133,36000.0,0.70000005,0.70000005,2.0,29.59235,47.16,351.30484,17.09,3.6912565,646.4956,615.7944,1462180.1,986751.9,28.8,28.8,165.0,421.38,90.5768,37
2025-02-07 16:00:00+00:00,23.0,17.967001,13.717,15.506581,15.980818,10.711938,12.901935,40579.44,29969.469,0.2,0.2,1.0,21.129885,39.6,351.36798,9.77,2.6264372,662.0022,628.6963,1502759.6,1016721.4,29.0,29.0,166.0,431.15,93.20323,38
2025-02-08 16:00:00+00:00,23.0,18.417,12.867,15.233665,17.455353,10.694286,13.472289,40648.332,28901.43,0.1,0.1,1.0,15.763107,25.56,341.90488,11.93,2.5544875,677.23584,642.1686,1543408.0,1045622.8,29.1,29.1,167.0,443.08,95.75772,39
2025-02-09 16:00:00+00:00,23.0,21.117,12.717,16.550333,20.897036,11.71489,15.914418,40717.734,37412.2,0.1,0.1,1.0,10.316686,21.24,350.30722,17.65,3.1612015,693.7862,658.083,1584125.8,1083035.0,29.2,29.2,168.0,460.72998,98.91892,40
2025-02-10 16:00:00+00:00,23.0,24.367,13.066999,18.608665,25.216463,12.439053,18.72399,40787.574,36252.59,0.1,0.1,1.0,11.952054,24.119999,344.06995,15.42,3.0189655,712.39484,676.807,1624913.4,1119287.6,29.300001,29.300001,169.0,476.15,101.93789,41
2025-02-11 16:00:00+00:00,23.0,19.667,17.017,18.514917,21.039204,16.457722,19.142668,40857.785,0.0,23.300001,23.300001,24.0,17.337091,35.28,347.2516,2.62,0.7944952,730.9097,695.94965,1665771.1,1119287.6,52.600002,52.600002,193.0,478.77,102.73238,42
2025-02-12 16:00:00+00:00,23.0,19.717001,16.867,18.102415,19.289211,15.535351,17.528868,40928.285,225.60081,27.199999,27.199999,24.0,28.329279,41.760002,347.68286,4.02,1.0860447,749.01215,713.4785,1706699.4,1119513.2,79.8,79.8,217.0,482.78998,103.81843,43
2025-02-13 16:00:00+00:00,23.0,20.417,16.667,18.271166,20.520683,16.852325,18.694479,40999.023,416.33344,4.1,4.1,15.0,14.039999,25.199999,345.9328,4.72,1.1612836,767.2833,732.173,1747698.4,1119929.6,83.9,83.9,232.0,487.50998,104.97971,44
2025-02-14 16:00:00+00:00,23.0,24.117,16.867,20.09825,26.085072,16.37624,20.972448,41069.918,37801.324,0.3,0.3,3.0,17.122723,28.08,342.58258,17.95,3.1649947,787.3816,753.14545,1788768.2,1157731.0,84.200005,84.200005,235.0,505.46,108.14471,45
2025-02-15 16:00:00+00:00,23.0,25.167,16.167,20.042002,27.30493,15.46472,20.63941,41140.93,38007.62,0.0,0.0,0.0,20.256996,36.719997,345.683,19.98,3.5632017,807.4236,773.78485,1829909.1,1195738.6,84.200005,84.200005,235.0,525.44,111.70791,46
2025-02-16 16:00:00+00:00,23.0,22.8915,16.3915,19.639416,24.214798,17.444359,21.050398,41206.77,36141.52,0.0,0.0,0.0,12.783802,24.48,306.02747,14.89,2.633201,827.063,794.83527,1871115.9,1231880.1,84.200005,84.200005,235.0,540.33,114.34111,47
2025-02-17 16:00:00+00:00,23.0,23.491499,15.7415,18.770664,24.050621,15.656855,18.762564,41279.48,37074.5,0.0,0.0,0.0,16.992609,32.399998,343.3083,18.51,3.398138,845.8337,813.59784,1912395.4,1268954.6,84.200005,84.200005,235.0,558.84,117.73925,48
2025-02-18 16:00:00+00:00,23.0,22.7915,14.5415,18.360249,23.885044,14.299965,18.24389,41353.016,36571.824,0.0,0.0,0.0,15.807239,30.239998,332.59863,19.5,3.556415,864.1939,831.84174,1953748.4,1305526.5,84.200005,84.200005,235.0,578.34,121.29566,49
2025-02-19 16:00:00+00:00,23.0,23.2915,15.0415,18.553997,23.859695,14.958736,18.555387,41427.305,36343.305,0.0,0.0,0.0,16.1198,29.16,345.34,18.82,3.3365178,882.7479,850.3971,1995175.6,1341869.8,84.200005,84.200005,235.0,597.16003,124.63218,50
2025-02-20 16:00:00+00:00,23.0,24.1915,15.6915,18.53525,24.201351,14.476992,17.968628,41502.277,36148.55,0.0,0.0,0.0,22.657131,42.48,350.0889,19.48,3.589213,901.2832,868.3657,2036677.9,1378018.2,84.200005,84.200005,235.0,616.64,128.22139,51
2025-02-21 16:00:00+00:00,23.0,23.5415,13.8914995,18.028997,25.249449,13.185703,17.774569,41577.863,36044.844,0.0,0.0,0.0,15.39184,28.44,339.03625,19.39,3.5473714,919.3122,886.1403,2078255.8,1414063.1,84.200005,84.200005,235.0,636.03,131.76877,52
2025-02-22 16:00:00+00:00,23.0,22.1915,15.0415,17.289417,22.096128,13.233435,16.11289,41653.996,28347.025,0.0,0.0,0.0,24.64094,46.8,353.55447,15.53,2.8433926,936.6016,902.25323,2119909.8,1442410.1,84.200005,84.200005,235.0,651.56006,134.61217,53
2025-02-23 16:00:00+00:00,23.0,21.991499,13.9415,17.149832,22.082653,12.271988,15.999722,41730.613,34404.97,0.0,0.0,0.0,16.394829,30.960001,344.58008,17.25,3.308444,953.75146,918.2529,2161640.2,1476815.1,84.200005,84.200005,235.0,668.81006,137.92061,54
2025-02-24 16:00:00+00:00,23.0,22.3415,12.1414995,16.964417,23.09007,11.600679,16.588724,41807.645,37845.13,0.0,0.0,0.0,15.124284,29.16,338.59082,20.43,3.5968134,970.7159,934.8417,2203448.0,1514660.2,84.200005,84.200005,235.0,689.24005,141.51743,55
2025-02-25 16:00:00+00:00,23.0,23.2915,13.8914995,18.056082,24.224327,13.820711,18.105097,41885.027,38338.023,0.0,0.0,0.0,17.10284,32.760002,334.29974,19.12,3.4283664,988.772,952.9468,2245333.0,1552998.2,84.200005,84.200005,235.0,708.36005,144.94579,56
2025-02-26 16:00:00+00:00,23.0,24.991499,16.1915,19.831081,25.688372,16.115072,20.16895,41962.703,37124.57,0.0,0.0,0.0,18.39878,33.839996,342.3993,18.13,3.5382953,1008.603,973.1157,2287295.8,1590122.9,84.200005,84.200005,235.0,726.49005,148.48409,57
2025-02-27 16:00:00+00:00,23.0,27.0915,15.991499,21.04358,29.084118,17.07215,22.071955,42040.6,39004.258,0.0,0.0,0.0,14.84318,27.359999,333.60587,20.07,4.0234647,1029.6466,995.1877,2329336.2,1629127.1,84.200005,84.200005,235.0,746.56006,152.50755,58
2025-02-28 16:00:00+00:00,23.0,25.9415,16.741499,21.083166,27.631046,17.9455,22.57327,42118.668,38963.586,0.0,0.0,0.0,13.5515,26.28,320.77203,18.04,3.461722,1050.7297,1017.7609,2371455.0,1668090.8,84.200005,84.200005,235.0,764.60004,155.96927,59
2025-03-01 16:00:00+00:00,23.0,29.3675,17.2915,23.995249,31.52324,19.169073,25.77637,42196.836,34832.99,0.0,0.0,0.0,14.003028,17.64,197.31683,21.43,4.706119,1074.725,1043.5374,2413651.8,1702923.8,84.200005,84.200005,235.0,786.03,160.67538,60
2025-03-02 16:00:00+00:00,23.0,30.0175,24.2175,26.702917,31.815132,25.974497,27.904013,42275.047,39649.438,0.0,0.0,0.0,24.122683,34.56,181.66682,22.79,5.5663414,1101.4279,1071.4414,2455926.8,1742573.2,84.200005,84.200005,235.0,808.82,166.24173,61
2025-03-03 16:00:00+00:00,23.0,30.5175,24.1175,26.946669,31.50027,26.578066,28.368591,42353.234,39729.82,0.0,0.0,0.0,26.121714,34.92,184.58249,22.69,5.5819025,1128.3745,1099.81,2498280.0,1782303.1,84.200005,84.200005,235.0,831.51,171.82364,62
2025-03-04 16:00:00+00:00,23.0,29.3675,24.1175,26.571669,31.192421,25.26238,28.1639,42431.348,39809.996,1.2000002,0.0,9.0,19.386593,21.599998,297.29483,22.51,5.199159,1154.9462,1127.974,2540711.2,1822113.1,85.4,84.200005,244.0,854.02,177.0228,63
2025-03-05 16:00:00+00:00,23.0,24.817501,19.5175,21.659164,26.841965,18.72558,22.636429,42509.324,5812.3364,0.6,0.0,3.0,15.941944,15.4800005,307.15363,4.47,1.585855,1176.6053,1150.6105,2583220.5,1827925.5,86.0,84.200005,247.0,858.49,178.60866,64
2025-03-06 16:00:00+00:00,23.0,20.817501,17.817501,19.536251,19.759018,15.769608,18.603027,42587.1,18971.23,0.0,0.0,0.0,16.954432,18.359999,251.28815,6.51,2.3424938,1196.1416,1169.2135,2625807.5,1846896.8,86.0,84.200005,247.0,865.0,180.95116,65
2025-03-07 16:00:00+00:00,23.0,21.317501,16.6175,18.934164,22.022541,14.5627,17.806356,42664.63,38693.133,0.0,0.0,0.0,22.19773,24.48,313.5122,20.37,4.199666,1215.0758,1187.0199,2668472.2,1885589.9,86.0,84.200005,247.0,885.37,185.15082,66
2025-03-08 16:00:00+00:00,23.0,26.2675,16.667501,20.769583,26.017595,15.761158,20.515162,42742.41,40127.742,0.90000004,0.90000004,3.0,18.581022,25.199999,351.22623,23.9,4.635887,1235.8453,1207.535,2711214.8,1925717.6,86.9,85.100006,250.0,909.27,189.78671,67
2025-03-09 16:00:00+00:00,23.0,24.317501,19.317501,,24.861202,19.273655,,42820.676,,,,0.0,18.861387,16.199999,,,,,,2754035.5,,,,250.0,,,68
