date,elevation,temperature_2m_max,temperature_2m_min,temperature_2m_mean,apparent_temperature_max,apparent_temperature_min,apparent_temperature_mean,daylight_duration,sunshine_duration,precipitation_sum,rain_sum,precipitation_hours,wind_speed_10m_max,wind_gusts_10m_max,wind_direction_10m_dominant,shortwave_radiation_sum,et0_fao_evapotranspiration,cumulative_temperature_2m_mean,cumulative_apparent_temperature_mean,cumulative_daylight_duration,cumulative_sunshine_duration,cumulative_precipitation_sum,cumulative_rain_sum,cumulative_precipitation_hours,cumulative_shortwave_radiation_sum,cumulative_et0_fao_evapotranspiration,day
2025-01-01 16:00:00+00:00,696.0,18.976,17.175999,18.04475,20.310186,18.393879,19.363058,38867.297,137.01782,6.5999994,6.5999994,21.0,5.1165614,20.880001,58.115704,2.73,0.7131543,18.04475,19.363058,38867.297,137.01782,6.5999994,6.5999994,21.0,2.73,0.7131543,1
2025-01-02 16:00:00+00:00,696.0,17.626,15.726,16.861418,19.064299,15.478699,17.89807,38889.05,498.24966,7.7999997,7.7999997,21.0,7.587806,28.08,63.88089,2.48,0.6217475,34.906166,37.261127,77756.34,635.26746,14.4,14.4,42.0,5.21,1.3349018,2
2025-01-03 16:00:00+00:00,696.0,18.276,14.726,16.08433,18.144318,13.786766,15.666191,38912.4,35915.723,0.0,0.0,0.0,9.12513,33.12,68.11256,13.56,2.3073204,50.990494,52.92732,116668.74,36550.99,14.4,14.4,42.0,18.77,3.6422222,3
2025-01-04 16:00:00+00:00,696.0,18.626,14.676,16.542667,19.413752,14.6502495,16.954515,38937.332,35825.34,0.9000001,0.9000001,7.0,5.426933,24.84,64.404686,10.14,1.7959291,67.53316,69.881836,155606.08,72376.33,15.299999,15.299999,49.0,28.91,5.4381514,4
2025-01-05 16:00:00+00:00,696.0,18.925999,14.676,16.273918,21.113024,13.701328,16.732815,38963.81,35891.832,0.4,0.4,3.0,7.1208143,27.72,72.778435,14.24,2.4210033,83.807076,86.614655,194569.89,108268.16,15.699999,15.699999,52.0,43.15,7.8591547,5
2025-01-06 16:00:00+00:00,696.0,16.925999,13.376,14.992667,16.870958,12.350859,14.334109,38991.824,31087.816,0.0,0.0,0.0,7.3447943,26.64,67.34149,10.09,1.7830073,98.79974,100.94876,233561.72,139355.97,15.699999,15.699999,52.0,53.24,9.642162,6
2025-01-07 16:00:00+00:00,696.0,18.776,13.926,16.009333,19.557152,13.3485985,16.217506,39021.66,35874.938,0.0,0.0,0.0,6.28713,22.319998,71.39235,15.29,2.5214102,114.809074,117.16627,272583.38,175230.9,15.699999,15.699999,52.0,68.53,12.163572,7
2025-01-08 16:00:00+00:00,696.0,18.276,14.576,15.917667,18.734426,14.271168,15.960376,39053.418,25068.543,1.1000001,1.1000001,8.0,7.056826,28.44,61.09338,10.86,1.9118512,130.72675,133.12665,311636.78,200299.45,16.8,16.8,60.0,79.39,14.075423,8
2025-01-09 16:00:00+00:00,696.0,15.176,12.876,13.994751,14.510019,11.873453,13.158425,39087.035,8520.12,4.0000005,4.0000005,20.0,6.5248446,29.16,60.910152,4.37,0.98510116,144.7215,146.28508,350723.8,208819.58,20.8,20.8,80.0,83.76,15.060524,9
2025-01-10 16:00:00+00:00,696.0,14.676,12.676,13.426002,14.680946,11.505883,12.830203,39122.43,3551.0176,3.2999992,3.2999992,17.0,6.050785,24.48,66.315704,4.9,0.97336125,158.14749,159.11528,389846.25,212370.6,24.099998,24.099998,97.0,88.66,16.033886,10
2025-01-11 16:00:00+00:00,696.0,16.126,12.176,13.813502,16.280926,11.360823,13.166741,39159.543,35857.047,0.2,0.2,2.0,7.256032,29.519999,67.6148,13.99,2.240011,171.961,172.28203,429005.78,248227.64,24.3,24.3,99.0,102.65,18.273897,11
2025-01-12 16:00:00+00:00,696.0,16.976,11.576,14.061416,17.06768,9.939294,13.06345,39198.3,35068.992,0.0,0.0,0.0,8.731391,30.239998,74.0545,15.51,2.541212,186.02242,185.34547,468204.1,283296.62,24.3,24.3,99.0,118.16,20.81511,12
2025-01-13 16:00:00+00:00,696.0,18.776,13.276,16.0385,19.27762,12.23101,15.942142,39238.633,35855.836,1.5,1.5,5.0,7.823272,24.48,72.935776,12.94,2.227639,202.06091,201.28761,507442.72,319152.47,25.8,25.8,104.0,131.1,23.042747,13
2025-01-14 16:00:00+00:00,696.0,16.925999,14.126,15.711415,18.34764,13.792698,16.454123,39280.473,0.0,10.400001,10.400001,24.0,5.950899,24.119999,63.07886,1.84,0.50462383,217.77232,217.74173,546723.2,319152.47,36.2,36.2,128.0,132.94,23.54737,14
2025-01-15 16:00:00+00:00,696.0,15.226,12.676,13.698916,15.027748,11.75662,13.049188,39323.75,29482.418,1.9000003,1.9000003,16.0,6.698806,26.64,81.208336,8.68,1.4971632,231.47124,230.79092,586046.94,348634.88,38.100002,38.100002,144.0,141.62,25.044535,15
2025-01-16 16:00:00+00:00,696.0,16.376,12.026,13.9635,16.367092,11.064986,13.191891,39368.395,32234.727,0.0,0.0,0.0,7.1661706,29.519999,75.597466,13.33,2.1778026,245.43474,243.98282,625415.3,380869.6,38.100002,38.100002,144.0,154.95,27.222338,16
2025-01-17 16:00:00+00:00,696.0,16.325998,13.126,14.651001,16.148205,11.741228,13.974395,39414.34,9773.577,0.5,0.5,5.0,8.2584505,25.56,68.52697,5.41,1.1723075,260.08575,257.9572,664829.6,390643.16,38.600002,38.600002,149.0,160.36,28.394646,17
2025-01-18 16:00:00+00:00,696.0,19.925999,15.126,16.851,20.903284,15.3977165,17.472223,39461.52,35259.92,0.9000001,0.9000001,8.0,5.9644947,19.8,47.140915,11.43,2.0095937,276.93677,275.42944,704291.1,425903.06,39.500004,39.500004,157.0,171.79001,30.40424,18
2025-01-19 16:00:00+00:00,696.0,19.376,13.826,16.065582,19.63194,13.222298,16.002169,39509.87,35883.617,0.0,0.0,0.0,7.9138603,24.48,69.69763,15.43,2.562278,293.00235,291.4316,743801.0,461786.7,39.500004,39.500004,157.0,187.22,32.96652,19
2025-01-20 16:00:00+00:00,696.0,18.376,13.726,15.8635,18.614233,12.880964,15.493625,39559.32,35892.9,0.0,0.0,0.0,8.604301,30.960001,74.02048,15.02,2.5166059,308.86584,306.92523,783360.3,497679.6,39.500004,39.500004,157.0,202.24,35.483124,20
2025-01-21 16:00:00+00:00,696.0,18.726,15.026,16.476002,19.317766,14.339165,16.474817,39609.81,19627.05,1.3000001,1.3000001,9.0,6.889557,24.84,72.704475,6.82,1.3861854,325.34186,323.40005,822970.1,517306.66,40.800003,40.800003,166.0,209.06001,36.86931,21
2025-01-22 16:00:00+00:00,696.0,21.476,14.726,17.709333,22.192604,15.189371,18.392675,39661.266,35300.676,0.0,0.0,0.0,7.3821945,27.72,6.7327814,16.11,2.7958992,343.05118,341.79272,862631.4,552607.3,40.800003,40.800003,166.0,225.17001,39.665207,22
2025-01-23 16:00:00+00:00,696.0,20.876,15.926,17.984335,22.955341,16.805521,19.155405,39713.633,35070.68,1.0,1.0,9.0,6.542201,21.599998,82.61659,13.68,2.4290183,361.03552,360.94812,902345.0,587678.0,41.800003,41.800003,175.0,238.85,42.094227,23
2025-01-24 16:00:00+00:00,696.0,20.126,15.576,17.4635,22.195614,16.125744,18.401987,39766.848,35943.586,0.3,0.3,3.0,5.9617786,23.4,66.3615,15.77,2.7080631,378.49902,379.3501,942111.9,623621.56,42.100002,42.100002,178.0,254.62001,44.80229,24
2025-01-25 16:00:00+00:00,696.0,18.976,14.776,16.584333,20.405571,15.191471,17.113426,39820.848,35572.266,2.0,2.0,10.0,5.1826253,21.96,47.84471,13.1,2.2846255,395.08334,396.46353,981932.75,659193.8,44.100002,44.100002,188.0,267.72,47.086918,25
2025-01-26 16:00:00+00:00,696.0,15.126,12.226,13.711417,14.966246,11.150307,13.452077,39875.574,4869.8394,6.5,6.5,19.0,4.942631,25.199999,52.03335,4.32,0.90671307,408.79477,409.91562,1021808.3,664063.6,50.600002,50.600002,207.0,272.04,47.99363,26
2025-01-27 16:00:00+00:00,696.0,14.526,11.926,12.794751,13.545839,10.214791,11.479829,39931.527,25127.014,0.9000001,0.9000001,9.0,7.342588,29.88,70.884056,8.85,1.5736675,421.5895,421.39545,1061739.9,689190.6,51.500004,51.500004,216.0,280.89,49.5673,27
2025-01-28 16:00:00+00:00,696.0,14.976,11.776,13.109334,14.0902,10.098631,11.7471285,39988.906,28007.459,0.3,0.3,3.0,7.2202215,28.8,73.55682,9.55,1.7340237,434.69885,433.14258,1101728.8,717198.06,51.800003,51.800003,219.0,290.44,51.301323,28
2025-01-29 16:00:00+00:00,696.0,17.925999,12.326,14.951,17.638674,10.828289,14.03101,40047.637,36121.676,0.0,0.0,0.0,8.085988,28.44,69.91514,15.5,2.6129038,449.64984,447.17358,1141776.4,753319.75,51.800003,51.800003,219.0,305.94,53.914227,29
2025-01-30 16:00:00+00:00,696.0,17.825998,14.976,16.078085,18.702326,14.310038,16.36963,40107.633,12332.657,11.000001,11.000001,21.0,7.229191,26.28,70.53942,4.68,1.0073935,465.72794,463.5432,1181884.0,765652.44,62.800003,62.800003,240.0,310.62,54.92162,30
2025-01-31 16:00:00+00:00,696.0,21.476,16.626,18.71975,24.105824,17.864305,20.673075,40168.812,29769.434,7.9,7.9,16.0,8.507737,28.08,80.1121,11.11,2.031521,484.4477,484.21628,1222052.8,795421.9,70.700005,70.700005,256.0,321.72998,56.95314,31
2025-02-01 16:00:00+00:00,696.0,20.876,16.876,18.538498,23.463308,18.24868,20.40737,40231.098,33597.36,1.2,1.2,8.0,3.8939953,24.48,82.34238,13.16,2.3554716,502.9862,504.62366,1262283.9,829019.25,71.9,71.9,264.0,334.88998,59.308613,32
2025-02-02 16:00:00+00:00,696.0,19.075998,13.876,16.615583,20.86443,13.81851,17.655249,40294.406,35909.41,3.1,3.1,16.0,4.8433046,24.48,43.571953,13.86,2.3969147,519.6018,522.27893,1302578.2,864928.7,75.0,75.0,280.0,348.74997,61.70553,33
2025-02-03 16:00:00+00:00,696.0,14.776,12.426,13.559333,14.018574,11.135873,12.819236,40358.668,9185.295,3.9,3.9,17.0,5.5829024,25.56,74.63149,5.15,1.0729663,533.16113,535.09814,1342936.9,874114.0,78.9,78.9,297.0,353.89996,62.778496,34
2025-02-04 16:00:00+00:00,696.0,14.676,11.676,13.119751,14.119856,10.084333,12.047503,40423.797,27720.838,0.4,0.4,4.0,7.689603,27.359999,73.23391,10.16,1.7128571,546.2809,547.1456,1383360.6,901834.8,79.3,79.3,301.0,364.05997,64.491356,35
2025-02-05 16:00:00+00:00,696.0,18.626,13.476,15.711417,19.309006,12.69651,15.870308,40489.72,26682.037,1.5000001,1.5000001,12.0,6.725354,25.919998,78.60891,10.06,1.7766274,561.9923,563.0159,1423850.4,928516.9,80.8,80.8,313.0,374.11996,66.26798,36
2025-02-06 16:00:00+00:00,696.0,19.476,13.826,16.455164,21.52026,13.072151,17.038889,40556.36,34182.457,1.6,1.6,6.0,5.7204895,29.16,59.367516,14.79,2.5611045,578.44745,580.0548,1464406.8,962699.3,82.4,82.4,319.0,388.90997,68.82909,37
2025-02-07 16:00:00+00:00,696.0,14.326,11.526,12.9676695,13.320145,9.994646,11.818307,40623.65,20163.932,3.8999996,3.8999996,19.0,6.924738,32.039997,69.85266,8.07,1.451107,591.4151,591.8731,1505030.4,982863.25,86.3,86.3,338.0,396.97998,70.2802,38
2025-02-08 16:00:00+00:00,696.0,14.476,11.276,12.701001,13.905861,9.970129,11.640793,40691.508,25109.031,1.5000001,1.5000001,9.0,5.4656014,29.519999,68.7007,10.24,1.6965997,604.1161,603.5139,1545721.9,1007972.25,87.8,87.8,347.0,407.21997,71.9768,39
2025-02-09 16:00:00+00:00,696.0,17.425999,11.726,14.307252,17.331356,10.4213,13.631307,40759.88,36269.723,0.0,0.0,0.0,6.28713,25.199999,72.69242,15.36,2.4901686,618.42334,617.1452,1586481.8,1044242.0,87.8,87.8,347.0,422.57996,74.466965,40
2025-02-10 16:00:00+00:00,696.0,19.726,14.076,16.911417,20.854424,13.550262,17.261469,40828.67,34062.715,0.6,0.6,5.0,8.049845,27.359999,79.34064,13.0,2.2978628,635.3348,634.4067,1627310.4,1078304.8,88.4,88.4,352.0,435.57996,76.764824,41
2025-02-11 16:00:00+00:00,696.0,19.526,17.325998,18.371834,22.08443,18.493507,20.398245,40897.832,0.0,29.800001,29.800001,24.0,5.937272,21.96,84.05947,2.38,0.60529923,653.7066,654.80493,1668208.2,1078304.8,118.200005,118.200005,376.0,437.95996,77.370125,42
2025-02-12 16:00:00+00:00,696.0,18.825998,16.175999,17.719751,21.018114,16.854153,19.146368,40967.285,0.0,38.4,38.4,24.0,7.1389914,27.359999,69.81979,3.64,0.82510936,671.42633,673.9513,1709175.5,1078304.8,156.6,156.6,400.0,441.59998,78.19524,43
2025-02-13 16:00:00+00:00,696.0,19.325998,15.976,17.482248,20.553116,16.570612,18.316584,41036.97,10124.96,4.299999,4.299999,15.0,6.76618,25.56,62.642056,6.59,1.2936251,688.90857,692.2679,1750212.5,1088429.8,160.90001,160.90001,415.0,448.18997,79.48886,44
2025-02-14 16:00:00+00:00,696.0,22.425999,16.876,19.315584,25.608736,18.572538,21.255556,41106.812,37181.82,0.3,0.3,3.0,5.7402787,20.519999,46.363873,16.06,2.9009056,708.2242,713.52344,1791319.2,1125611.6,161.20001,161.20001,418.0,464.24997,82.38977,45
2025-02-15 16:00:00+00:00,696.0,22.925999,15.926,19.09475,27.024761,16.537191,21.192175,41176.766,37184.105,0.0,0.0,0.0,5.7402787,23.039999,64.944305,18.99,3.4203346,727.3189,734.71564,1832496.0,1162795.8,161.20001,161.20001,418.0,483.23996,85.810104,46
2025-02-16 16:00:00+00:00,696.0,18.262001,13.512,15.672417,18.128845,11.866838,14.666809,41250.234,36104.523,0.0,0.0,0.0,16.263872,44.639996,65.44955,17.81,2.8251698,742.99133,749.38245,1873746.2,1198900.2,161.20001,161.20001,418.0,501.04996,88.63528,47
2025-02-17 16:00:00+00:00,696.0,18.362,12.762,15.014084,18.411522,11.652258,14.2884035,41321.6,23519.86,0.0,0.0,0.0,12.24,54.719997,63.067223,12.02,2.0406508,758.00543,763.67084,1915067.9,1222420.1,161.20001,161.20001,418.0,513.06995,90.67593,48
2025-02-18 16:00:00+00:00,696.0,17.412,14.112,15.199498,16.933693,13.028881,14.550511,41393.777,26745.49,0.2,0.0,2.0,13.049689,56.16,64.37594,11.57,1.8808838,773.20496,778.2214,1956461.6,1249165.6,161.40001,161.20001,420.0,524.63995,92.55681,49
2025-02-19 16:00:00+00:00,696.0,18.212,14.612,15.937,18.530489,14.677919,16.285444,41466.695,30344.682,1.2000002,0.0,8.0,11.177405,45.719997,80.791954,11.52,1.8684785,789.14197,794.50684,1997928.4,1279510.2,162.6,161.20001,428.0,536.16,94.425285,50
2025-02-20 16:00:00+00:00,696.0,18.362,14.312,15.926581,18.482733,13.59642,15.979477,41540.273,21700.307,0.0,0.0,0.0,14.8257065,58.679996,62.643463,7.73,1.3880459,805.06854,810.4863,2039468.6,1301210.5,162.6,161.20001,428.0,543.88995,95.81333,51
2025-02-21 16:00:00+00:00,696.0,18.962,14.462,16.226583,18.386717,12.857857,15.36835,41614.465,36000.0,0.0,0.0,0.0,17.22742,76.67999,63.75628,15.0,2.5262027,821.2951,825.8547,2081083.1,1337210.5,162.6,161.20001,428.0,558.88995,98.33953,52
2025-02-22 16:00:00+00:00,696.0,19.162,14.712,16.101583,19.996302,13.44499,16.142954,41689.19,25072.797,0.0,0.0,0.0,11.435313,50.039997,69.90715,11.58,2.034195,837.39667,841.9976,2122772.2,1362283.2,162.6,161.20001,428.0,570.47,100.373726,53
2025-02-23 16:00:00+00:00,696.0,15.612,12.162001,13.884918,13.994865,9.621265,11.901715,41764.39,36176.406,0.0,0.0,0.0,17.551615,72.72,63.53681,15.57,2.4288452,851.2816,853.89935,2164536.8,1398459.6,162.6,161.20001,428.0,586.04,102.802574,54
2025-02-24 16:00:00+00:00,696.0,16.812,12.112,13.916167,16.740711,9.609141,12.920972,41840.004,25322.375,0.90000004,0.0,5.0,15.807239,71.28,65.6928,12.87,2.1326704,865.19775,866.8203,2206376.8,1423782.0,163.5,161.20001,433.0,598.91,104.93524,55
2025-02-25 16:00:00+00:00,696.0,17.262001,13.462,15.401585,16.744816,13.207447,15.107196,41915.96,36732.38,0.3,0.0,3.0,13.207634,57.96,67.57145,11.8,1.8535645,880.59937,881.9275,2248292.8,1460514.4,163.8,161.20001,436.0,610.70996,106.7888,56
2025-02-26 16:00:00+00:00,696.0,17.962,15.462,16.561998,19.507456,15.553198,17.393816,41992.2,5404.3984,0.9000001,0.0,9.0,10.703569,50.399998,89.19761,4.79,0.97817534,897.1614,899.3213,2290285.0,1465918.8,164.7,161.20001,445.0,615.49994,107.766975,57
2025-02-27 16:00:00+00:00,696.0,20.212,16.362,18.112,21.170769,16.670574,18.753283,42068.664,39191.617,0.0,0.0,0.0,12.181625,50.039997,73.11608,12.24,2.075189,915.2734,918.0746,2332353.8,1505110.4,164.7,161.20001,445.0,627.7399,109.84216,58
2025-02-28 16:00:00+00:00,696.0,20.712,17.312,18.572416,21.621897,17.804611,19.280226,42145.293,33584.047,0.0,0.0,0.0,12.661564,56.16,71.56493,10.85,1.8578609,933.84576,937.3548,2374499.0,1538694.4,164.7,161.20001,445.0,638.5899,111.70003,59
2025-03-01 16:00:00+00:00,696.0,24.1025,17.1025,19.535227,26.559189,18.329956,20.91767,42222.02,38986.13,0.0,0.0,0.0,10.587917,41.399998,82.90339,22.42,3.9286926,953.381,958.27246,2416721.0,1577680.5,164.7,161.20001,445.0,661.0099,115.62872,60
2025-03-02 16:00:00+00:00,696.0,23.6525,16.7525,19.362917,26.096376,17.808279,20.882444,42298.797,39211.438,0.0,0.0,0.0,10.931203,12.24,81.70046,18.86,3.3243594,972.7439,979.1549,2459019.8,1616892.0,164.7,161.20001,445.0,679.8699,118.95308,61
2025-03-03 16:00:00+00:00,696.0,24.9025,15.952499,20.171251,27.195543,16.673382,21.679922,42375.543,39748.312,0.0,0.0,0.0,10.799999,10.08,95.62119,22.68,4.095606,992.91516,1000.83484,2501395.2,1656640.2,164.7,161.20001,445.0,702.54987,123.04868,62
2025-03-04 16:00:00+00:00,696.0,24.4525,16.0525,20.28375,28.732903,16.157017,21.772278,42452.223,39120.62,1.5000001,0.3,9.0,14.408997,13.679999,58.163227,20.28,3.7401266,1013.1989,1022.6071,2543847.5,1695760.9,166.2,161.50002,454.0,722.8299,126.78881,63
2025-03-05 16:00:00+00:00,696.0,15.6025,9.0525,12.9295845,15.552397,6.4410543,11.57517,42528.76,21120.703,1.5000001,0.0,12.0,16.854767,20.880001,68.02334,6.79,0.98553133,1026.1285,1034.1823,2586376.2,1716881.6,167.7,161.50002,466.0,729.6199,127.774345,64
2025-03-06 16:00:00+00:00,696.0,14.3525,8.8525,11.062916,12.683769,6.380801,9.091022,42605.11,37069.86,0.0,0.0,0.0,14.512064,19.44,66.48143,14.46,1.9921187,1037.1914,1043.2733,2628981.2,1753951.5,167.7,161.50002,466.0,744.0799,129.76646,65
2025-03-07 16:00:00+00:00,696.0,15.4025,10.502501,12.371249,14.642929,9.087606,11.086318,42681.215,30464.885,0.3,0.3,3.0,12.0694,12.24,62.04272,13.69,2.0539625,1049.5626,1054.3596,2671662.5,1784416.4,168.0,161.80002,469.0,757.7699,131.82042,66
2025-03-08 16:00:00+00:00,696.0,15.2025,11.4025,13.177499,14.903507,10.863324,12.613286,42757.566,23453.416,1.5000001,1.5000001,6.0,11.27553,13.679999,69.40455,10.21,1.5539643,1062.7401,1066.9729,2714420.0,1807869.8,169.5,163.30002,475.0,767.9799,133.37439,67
2025-03-09 16:00:00+00:00,696.0,19.1525,10.752501,,20.517515,9.598388,,42834.4,,,,0.0,12.6462,13.32,,,,,,2757254.5,,,,475.0,,,68
