date,elevation,temperature_2m_max,temperature_2m_min,temperature_2m_mean,apparent_temperature_max,apparent_temperature_min,apparent_temperature_mean,daylight_duration,sunshine_duration,precipitation_sum,rain_sum,precipitation_hours,wind_speed_10m_max,wind_gusts_10m_max,wind_direction_10m_dominant,shortwave_radiation_sum,et0_fao_evapotranspiration,cumulative_temperature_2m_mean,cumulative_apparent_temperature_mean,cumulative_daylight_duration,cumulative_sunshine_duration,cumulative_precipitation_sum,cumulative_rain_sum,cumulative_precipitation_hours,cumulative_shortwave_radiation_sum,cumulative_et0_fao_evapotranspiration,day
2025-01-01 16:00:00+00:00,814.0,14.150001,11.950001,12.900001,12.731348,10.764139,11.955234,38313.21,0.0,8.2,8.2,18.0,13.926464,33.839996,55.07279,2.49,0.58115536,12.900001,11.955234,38313.21,0.0,8.2,8.2,18.0,2.49,0.58115536,1
2025-01-02 16:00:00+00:00,814.0,12.150001,9.900001,10.84375,10.583516,6.6053734,8.139409,38337.598,4440.148,1.0000001,1.0000001,10.0,18.839045,47.88,58.61663,4.69,0.9774412,23.743752,20.094643,76650.81,4440.148,9.2,9.2,28.0,7.1800003,1.5585966,2
2025-01-03 16:00:00+00:00,814.0,16.5,8.85,12.325,13.679243,5.6739464,9.546232,38363.777,33921.277,0.0,0.0,0.0,17.688606,49.32,82.16566,11.94,2.224219,36.068752,29.640875,115014.59,38361.426,9.2,9.2,28.0,19.119999,3.7828157,3
2025-01-04 16:00:00+00:00,814.0,16.15,10.650001,12.452084,15.188318,9.01985,11.7425585,38391.727,29344.168,1.6,1.6,6.0,12.242646,33.12,279.1885,8.65,1.3652143,48.520836,41.383434,153406.31,67705.59,10.8,10.8,34.0,27.769999,5.1480303,4
2025-01-05 16:00:00+00:00,814.0,13.650001,8.650001,10.852084,11.044746,5.1883774,8.644862,38421.41,35498.32,0.1,0.1,1.0,16.62444,44.639996,59.076862,13.66,1.9833312,59.37292,50.028297,191827.72,103203.914,10.900001,10.900001,35.0,41.43,7.1313615,5
2025-01-06 16:00:00+00:00,814.0,14.1,7.7499995,10.174999,11.598215,4.102913,7.1850047,38452.816,35058.266,0.6,0.6,5.0,15.5687,41.039997,73.8378,11.49,1.9933347,69.54792,57.213303,230280.53,138262.19,11.500001,11.500001,40.0,52.92,9.124696,6
2025-01-07 16:00:00+00:00,814.0,14.950001,8.05,11.277084,13.488832,6.153982,9.588451,38486.26,34200.33,0.2,0.2,2.0,10.266314,33.12,69.69271,10.26,1.6705402,80.825005,66.80176,268766.78,172462.52,11.700001,11.700001,42.0,63.18,10.795236,7
2025-01-08 16:00:00+00:00,814.0,11.1,6.95,9.385416,8.013376,3.3274636,6.5763726,38521.855,18353.463,3.0000002,3.0000002,19.0,18.188019,42.839996,57.305683,5.65,1.0027659,90.21042,73.37813,307288.62,190815.98,14.700001,14.700001,61.0,68.83,11.798001,8
2025-01-09 16:00:00+00:00,814.0,7.4,5.5499997,6.410417,3.3144383,1.9268169,2.520261,38559.53,1274.7173,1.5000001,1.5000001,10.0,18.526888,44.639996,60.37588,4.47,0.88029313,96.620834,75.89839,345848.16,192090.7,16.2,16.2,71.0,73.3,12.678294,9
2025-01-10 16:00:00+00:00,814.0,9.700001,6.15,7.4249997,6.1833544,2.6939917,4.1803446,38599.203,14769.048,2.9999993,2.9999993,23.0,16.037182,40.32,60.307144,5.59,0.95653725,104.04584,80.078735,384447.38,206859.75,19.2,19.2,94.0,78.89,13.634831,10
2025-01-11 16:00:00+00:00,814.0,11.0,6.0499997,7.816666,7.844082,2.8047123,4.752511,38640.797,34032.92,0.2,0.2,2.0,12.261157,34.2,57.8952,12.59,1.8308167,111.8625,84.831245,423088.2,240892.67,19.400002,19.400002,96.0,91.479996,15.465649,11
2025-01-12 16:00:00+00:00,814.0,15.35,5.35,9.916667,12.963945,1.88872,6.9775753,38684.227,35663.17,0.0,0.0,0.0,14.027302,37.079998,87.147385,14.66,2.4277318,121.77917,91.80882,461772.4,276555.84,19.400002,19.400002,96.0,106.14,17.893381,12
2025-01-13 16:00:00+00:00,814.0,17.2,6.6,11.787499,16.802504,4.473445,10.664947,38729.42,35665.78,0.3,0.3,2.0,7.5363917,25.919998,200.65894,14.55,2.2893996,133.56667,102.47377,500501.8,312221.62,19.7,19.7,98.0,120.69,20.182781,13
2025-01-14 16:00:00+00:00,814.0,11.55,6.2,9.19375,11.289696,2.3138533,6.880223,38776.3,0.0,7.4999995,7.4999995,22.0,17.884428,46.079998,48.323208,2.87,0.52509266,142.76042,109.354,539278.1,312221.62,27.2,27.2,120.0,123.560005,20.707874,14
2025-01-15 16:00:00+00:00,814.0,11.5,5.95,7.716667,8.058155,2.1918974,4.3174148,38824.79,28047.43,0.1,0.1,1.0,16.870138,42.839996,61.788788,9.11,1.4227895,150.47708,113.67141,578102.94,340269.06,27.300001,27.300001,121.0,132.67,22.130663,15
2025-01-16 16:00:00+00:00,814.0,12.0,6.85,8.770834,8.395097,3.610518,5.381792,38874.805,33566.45,0.0,0.0,0.0,17.534992,42.12,66.69685,10.71,1.755984,159.24791,119.0532,616977.75,373835.5,27.300001,27.300001,121.0,143.38,23.886646,16
2025-01-17 16:00:00+00:00,814.0,15.6,7.0,11.083335,14.053343,4.4325886,9.431041,38926.273,27900.488,0.5,0.5,5.0,12.605142,36.36,83.74787,9.2,1.5759516,170.33124,128.48424,655904.0,401736.0,27.800001,27.800001,126.0,152.58,25.462597,17
2025-01-18 16:00:00+00:00,814.0,12.700001,8.6,10.993751,11.695724,6.813697,10.126954,38979.12,22843.545,4.4,4.4,17.0,9.9977,29.519999,24.42812,6.29,0.9312648,181.32498,138.61119,694883.1,424579.53,32.2,32.2,143.0,158.87,26.393862,18
2025-01-19 16:00:00+00:00,814.0,15.5,7.9,10.700001,13.630173,5.2924976,8.409231,39033.277,35710.766,0.1,0.1,1.0,15.3771,41.039997,69.256355,13.86,2.1273615,192.02498,147.02042,733916.4,460290.3,32.3,32.3,144.0,172.73,28.521223,19
2025-01-20 16:00:00+00:00,814.0,17.1,8.3,12.070834,15.323992,5.5852814,9.779265,39088.66,35723.17,0.0,0.0,0.0,14.512064,41.039997,83.50817,14.86,2.4850001,204.09581,156.79968,773005.06,496013.5,32.3,32.3,144.0,187.59,31.006224,20
2025-01-21 16:00:00+00:00,814.0,16.4,9.900001,12.789584,15.932951,8.112589,11.834405,39145.195,33624.39,1.1,1.1,7.0,9.82114,25.199999,182.48122,10.89,1.8127373,216.88539,168.6341,812150.25,529637.9,33.399998,33.399998,151.0,198.48,32.818962,21
2025-01-22 16:00:00+00:00,814.0,14.8,9.650001,12.114586,14.18634,9.05868,11.492747,39202.824,33159.918,0.70000005,0.70000005,7.0,10.296251,30.599998,347.8574,10.02,1.4871172,228.99997,180.12685,851353.06,562797.8,34.1,34.1,158.0,208.5,34.30608,22
2025-01-23 16:00:00+00:00,814.0,16.050001,10.400001,13.0,14.482992,9.258738,11.794398,39261.46,31359.744,0.5,0.5,5.0,16.028088,37.44,51.326073,9.84,1.5710778,241.99997,191.92125,890614.5,594157.56,34.6,34.6,163.0,218.34,35.87716,23
2025-01-24 16:00:00+00:00,814.0,15.150001,11.450001,12.841666,13.192623,10.103663,11.327461,39321.04,29914.195,0.6,0.6,6.0,16.293728,40.68,51.187447,8.6,1.3374273,254.84163,203.24872,929935.56,624071.75,35.199997,35.199997,169.0,226.94,37.21459,24
2025-01-25 16:00:00+00:00,814.0,14.05,7.7499995,11.185417,11.945101,5.5114965,9.316992,39381.492,23366.855,6.9,6.9,13.0,15.133923,38.519997,35.744198,7.26,1.1385096,266.02704,212.5657,969317.06,647438.6,42.1,42.1,182.0,234.2,38.353096,25
2025-01-26 16:00:00+00:00,814.0,7.4500003,3.9499998,5.079167,5.035845,0.14588022,1.7369871,39442.758,15377.18,10.800002,10.200001,16.0,14.634343,39.239998,39.456516,5.36,0.7438154,271.1062,214.30269,1008759.8,662815.8,52.9,52.3,198.0,239.56,39.096912,26
2025-01-27 16:00:00+00:00,814.0,11.950001,3.1,6.795833,8.933664,-0.81580067,3.1452055,39505.383,35849.89,0.0,0.0,0.0,16.560978,43.56,70.51935,16.48,2.4741273,277.90204,217.44789,1048265.2,698665.7,52.9,52.3,198.0,256.04,41.57104,27
2025-01-28 16:00:00+00:00,814.0,13.1,4.5499997,8.252084,10.161972,0.97341824,4.775499,39569.605,35876.547,0.0,0.0,0.0,16.244936,40.32,82.81847,15.47,2.431894,286.1541,222.22339,1087834.8,734542.25,52.9,52.3,198.0,271.51,44.002934,28
2025-01-29 16:00:00+00:00,814.0,16.85,6.45,11.183334,16.661648,3.9587822,9.386532,39635.34,35899.89,0.0,0.0,0.0,11.052058,32.760002,104.60194,15.76,2.5310547,297.33746,231.60992,1127470.1,770442.1,52.9,52.3,198.0,287.27002,46.53399,29
2025-01-30 16:00:00+00:00,814.0,16.1,9.1,12.522918,15.6458435,6.6694555,11.487241,39702.477,19616.945,1.0000001,1.0000001,7.0,9.473541,24.84,151.60014,6.69,1.3165064,309.86038,243.09717,1167172.6,790059.06,53.9,53.3,205.0,293.96002,47.850494,30
2025-01-31 16:00:00+00:00,814.0,18.25,12.3,14.677083,18.880327,12.121967,14.756259,39770.94,28144.426,7.4000006,7.4000006,20.0,13.513193,33.12,52.140205,8.26,1.4188873,324.53748,257.85342,1206943.6,818203.5,61.300003,60.7,225.0,302.22003,49.269382,31
2025-02-01 16:00:00+00:00,814.0,14.05,11.400001,12.581248,13.066704,10.133747,11.547599,39840.633,9766.57,2.8,2.8,19.0,12.5807,36.719997,42.207226,5.79,0.97834575,337.1187,269.40103,1246784.2,827970.06,64.100006,63.5,244.0,308.01004,50.247726,32
2025-02-02 16:00:00+00:00,814.0,11.200001,6.4,8.760417,9.88232,3.2298245,6.3713326,39911.46,1.9462968,6.1000004,6.1000004,24.0,14.731437,35.64,39.090446,2.53,0.47386816,345.87912,275.77237,1286695.8,827972.0,70.200005,69.6,268.0,310.54004,50.721596,33
2025-02-03 16:00:00+00:00,814.0,9.950001,4.65,6.8520837,6.5698547,1.1116028,3.1737518,39983.348,34017.414,2.6000001,2.5,7.0,17.441433,43.56,60.36539,12.38,1.7227416,352.7312,278.9461,1326679.1,861989.44,72.8,72.1,275.0,322.92004,52.444336,34
2025-02-04 16:00:00+00:00,814.0,13.3,6.0,9.333334,11.574607,2.8741512,6.836937,40056.2,36000.0,0.3,0.3,3.0,12.662843,39.239998,87.21572,12.72,1.9902534,362.06454,285.78305,1366735.4,897989.44,73.100006,72.4,278.0,335.64005,54.43459,35
2025-02-05 16:00:00+00:00,814.0,14.700001,8.1,11.566667,13.926159,6.1278076,10.255189,40129.938,17893.617,0.3,0.3,3.0,8.790563,27.72,83.76564,7.63,1.3446213,373.63123,296.03824,1406865.2,915883.06,73.40001,72.700005,281.0,343.27005,55.77921,36
2025-02-06 16:00:00+00:00,814.0,11.400001,5.6,9.1291685,10.286051,1.4143934,6.4033756,40204.473,6268.1587,3.1999996,3.1999996,20.0,18.720863,45.36,55.188763,4.07,0.7722393,382.7604,302.44162,1447069.8,922151.25,76.600006,75.9,301.0,347.34006,56.55145,37
2025-02-07 16:00:00+00:00,814.0,5.7,4.15,4.8166666,1.0105925,-0.43596458,0.33118796,40279.72,1044.6434,2.2,2.2,20.0,19.770523,47.88,62.126324,4.83,0.9350081,387.5771,302.7728,1487349.5,923195.9,78.8,78.1,321.0,352.17004,57.486458,38
2025-02-08 16:00:00+00:00,814.0,10.200001,4.85,7.127083,6.517,0.85761166,3.38248,40355.61,26449.61,0.0,0.0,0.0,18.307865,45.36,64.88441,9.47,1.5297722,394.70416,306.15527,1527705.1,949645.5,78.8,78.1,321.0,361.64005,59.01623,39
2025-02-09 16:00:00+00:00,814.0,15.6,6.15,10.479167,14.772631,3.5355577,8.282301,40432.055,36403.805,0.0,0.0,0.0,12.662843,36.36,78.24968,14.99,2.346336,405.18332,314.43756,1568137.1,986049.3,78.8,78.1,321.0,376.63004,61.362568,40
2025-02-10 16:00:00+00:00,814.0,18.95,7.7499995,13.3,19.405413,5.74467,12.579669,40508.973,36299.92,0.0,0.0,0.0,7.889259,25.199999,154.66258,17.53,2.8727875,418.4833,327.01724,1608646.1,1022349.25,78.8,78.1,321.0,394.16003,64.23535,41
2025-02-11 16:00:00+00:00,814.0,17.1,12.3,14.431251,18.73089,11.6532755,14.975917,40586.293,0.0,26.8,26.8,19.0,11.200571,39.239998,105.97512,3.12,0.6593769,432.91455,341.99316,1649232.4,1022349.25,105.600006,104.899994,340.0,397.28003,64.89473,42
2025-02-12 16:00:00+00:00,814.0,13.0,10.25,11.497916,11.377109,8.231921,9.388407,40663.938,0.0,33.3,33.3,17.0,17.22836,47.519997,68.69286,3.97,0.69998854,444.41248,351.38156,1689896.2,1022349.25,138.90001,138.2,357.0,401.25003,65.59472,43
2025-02-13 16:00:00+00:00,814.0,18.25,11.3,14.256251,18.457777,9.240561,13.692868,40741.83,35485.055,0.0,0.0,0.0,13.556282,37.8,81.21015,11.91,1.9819658,458.66873,365.07443,1730638.1,1057834.2,138.90001,138.2,357.0,413.16003,67.57668,44
2025-02-14 16:00:00+00:00,814.0,19.95,10.25,14.918751,21.679476,9.2798395,15.356408,40819.895,36392.33,0.0,0.0,0.0,8.149847,28.44,246.80135,16.68,2.7302744,473.5875,380.43085,1771458.0,1094226.6,138.90001,138.2,357.0,429.84003,70.30696,45
2025-02-15 16:00:00+00:00,814.0,17.983,12.683,15.208003,18.981934,12.169971,15.263852,40891.914,34320.984,0.0,0.0,0.0,7.5685663,39.239998,48.887997,14.53,2.326098,488.7955,395.6947,1812349.9,1128547.6,138.90001,138.2,357.0,444.37003,72.63306,46
2025-02-16 16:00:00+00:00,814.0,17.333,11.082999,13.503834,16.976553,8.8091755,12.013566,40970.973,37275.39,0.0,0.0,0.0,13.397612,50.76,102.225075,19.94,3.0471623,502.29935,407.70828,1853320.9,1165823.0,138.90001,138.2,357.0,464.31003,75.68022,47
2025-02-17 16:00:00+00:00,814.0,14.233,10.783,12.241333,13.651268,9.06023,10.919892,41051.016,11407.484,0.0,0.0,0.0,13.708391,47.16,95.118645,7.34,1.2187828,514.54065,418.62817,1894371.9,1177230.5,138.90001,138.2,357.0,471.65002,76.899,48
2025-02-18 16:00:00+00:00,814.0,16.633,11.283,13.349668,15.948462,9.299463,11.981128,41131.953,33868.29,0.0,0.0,0.0,13.708391,47.88,113.20958,13.2,2.1229284,527.8903,430.6093,1935503.9,1211098.8,138.90001,138.2,357.0,484.85004,79.02193,49
2025-02-19 16:00:00+00:00,814.0,17.383001,12.433,14.533,17.51566,11.440279,14.56499,41213.715,32072.625,0.5,0.0,3.0,9.220499,34.92,79.69527,12.46,2.033765,542.42334,445.17432,1976717.6,1243171.4,139.40001,138.2,360.0,497.31003,81.055695,50
2025-02-20 16:00:00+00:00,814.0,13.533,10.733,11.887168,14.245859,9.330236,10.996849,41296.22,1019.68756,0.2,0.0,2.0,14.685176,45.36,69.812355,4.44,0.7186161,554.3105,456.17117,2018013.9,1244191.1,139.6,138.2,362.0,501.75003,81.77431,51
2025-02-21 16:00:00+00:00,814.0,17.033,11.433,13.6434145,15.9524,9.457992,12.302123,41379.402,28405.805,0.0,0.0,0.0,14.707222,41.760002,106.33359,11.44,1.8786334,567.9539,468.4733,2059393.2,1272596.9,139.6,138.2,362.0,513.19,83.65294,52
2025-02-22 16:00:00+00:00,814.0,12.783,9.132999,10.955916,12.670507,6.9714737,10.016556,41463.18,0.0,12.3,12.2,11.0,12.964998,34.56,57.372677,2.03,0.44680282,578.90985,478.48987,2100856.5,1272596.9,151.90001,150.4,373.0,515.22003,84.09974,53
2025-02-23 16:00:00+00:00,814.0,11.483,8.933,9.82675,8.84149,5.834464,7.1375966,41547.48,35459.727,0.0,0.0,0.0,15.517629,64.079994,93.52529,12.74,1.7159852,588.7366,485.62747,2142404.0,1308056.6,151.90001,150.4,373.0,527.96,85.81573,54
2025-02-24 16:00:00+00:00,814.0,15.933,9.632999,12.537168,16.71361,6.9900236,11.849014,41632.24,34810.5,0.0,0.0,0.0,12.10157,46.079998,106.73162,14.74,2.2586117,601.27374,497.4765,2184036.2,1342867.1,151.90001,150.4,373.0,542.7,88.07434,55
2025-02-25 16:00:00+00:00,814.0,16.083,11.483,13.805915,16.471483,10.488926,13.585248,41717.38,0.0,0.9,0.9,6.0,7.208994,21.96,91.281136,6.52,1.1671324,615.07965,511.06174,2225753.8,1342867.1,152.8,151.29999,379.0,549.22003,89.24147,56
2025-02-26 16:00:00+00:00,814.0,16.083,13.283,14.453835,16.595179,12.315149,14.688394,41802.836,29834.492,0.0,0.0,0.0,8.209263,45.36,225.36485,9.74,1.5156595,629.5335,525.7501,2267556.5,1372701.6,152.8,151.29999,379.0,558.96,90.75713,57
2025-02-27 16:00:00+00:00,814.0,21.233,11.132999,16.141335,23.781301,7.544444,15.50036,41888.535,37599.793,0.0,0.0,0.0,9.422101,23.4,118.77973,19.65,3.6683881,645.67487,541.2505,2309445.0,1410301.4,152.8,151.29999,379.0,578.61005,94.42552,58
2025-02-28 16:00:00+00:00,814.0,23.342,14.382999,18.64904,23.061186,12.212891,17.903635,41974.41,34786.062,0.3,0.3,3.0,11.183201,21.599998,161.20004,13.22,2.9972198,664.3239,559.1541,2351419.5,1445087.5,153.1,151.59999,382.0,591.83,97.422745,59
2025-03-01 16:00:00+00:00,814.0,22.741999,17.142,19.214916,24.313684,16.653282,19.981092,42060.395,20115.885,2.1000001,1.2000002,12.0,12.496719,11.879999,105.16753,8.89,2.0029552,683.5388,579.1352,2393480.0,1465203.4,155.20001,152.79999,394.0,600.72003,99.4257,60
2025-03-02 16:00:00+00:00,814.0,23.792,15.542001,18.825333,26.829672,15.547701,19.795328,42146.42,39500.44,2.7,0.0,12.0,11.019764,22.68,178.38649,22.0,3.8378277,702.36414,598.93054,2435626.5,1504703.9,157.90001,152.79999,406.0,622.72003,103.26353,61
2025-03-03 16:00:00+00:00,814.0,18.192,14.592,15.9732485,19.30194,14.426386,16.579603,42232.42,17993.57,1.8000001,0.9000001,12.0,6.439876,22.319998,156.44771,4.87,0.92800605,718.3374,615.51013,2477859.0,1522697.5,159.70001,153.69998,418.0,627.59,104.191536,62
2025-03-04 16:00:00+00:00,814.0,20.342,13.542001,16.316998,21.593956,13.150579,16.703953,42318.336,39476.387,0.0,0.0,0.0,7.9526596,19.8,315.97076,17.42,2.9122057,734.6544,632.2141,2520177.2,1562173.9,159.70001,153.69998,418.0,645.01,107.103745,63
2025-03-05 16:00:00+00:00,814.0,21.092,13.492001,16.400331,22.893147,14.164778,16.99748,42404.094,38923.035,0.6,0.0,6.0,9.931042,19.8,341.27704,21.69,3.5627685,751.05475,649.2116,2562581.2,1601096.9,160.30002,153.69998,424.0,666.7,110.66651,64
2025-03-06 16:00:00+00:00,814.0,15.792001,11.842,13.602418,15.676508,11.3515415,13.420381,42489.633,18123.902,0.0,0.0,0.0,6.151683,23.4,1.9664162,5.7,1.0600462,764.65717,662.632,2605071.0,1619220.8,160.30002,153.69998,424.0,672.4,111.726555,65
2025-03-07 16:00:00+00:00,814.0,20.092,11.142,14.712834,20.52195,10.668559,14.491464,42574.895,36536.12,0.0,0.0,0.0,12.475961,23.759998,304.76187,18.64,3.0439434,779.37,677.1235,2647646.0,1655756.9,160.30002,153.69998,424.0,691.04004,114.7705,66
2025-03-08 16:00:00+00:00,814.0,21.642,12.842,16.579498,22.84247,12.735281,,42660.426,39974.695,0.0,0.0,0.0,10.587917,8.28,,22.05,,795.94946,,2690306.5,1695731.6,160.30002,153.69998,424.0,713.09,,67
