date,elevation,temperature_2m_max,temperature_2m_min,temperature_2m_mean,apparent_temperature_max,apparent_temperature_min,apparent_temperature_mean,daylight_duration,sunshine_duration,precipitation_sum,rain_sum,precipitation_hours,wind_speed_10m_max,wind_gusts_10m_max,wind_direction_10m_dominant,shortwave_radiation_sum,et0_fao_evapotranspiration,cumulative_temperature_2m_mean,cumulative_apparent_temperature_mean,cumulative_daylight_duration,cumulative_sunshine_duration,cumulative_precipitation_sum,cumulative_rain_sum,cumulative_precipitation_hours,cumulative_shortwave_radiation_sum,cumulative_et0_fao_evapotranspiration,day
2025-01-01 16:00:00+00:00,174.0,18.741499,16.6415,17.820663,19.638922,17.725418,18.665304,38748.566,1266.2931,8.400001,8.400001,24.0,14.133152,30.239998,30.38029,2.75,0.60142326,17.820663,18.665304,38748.566,1266.2931,8.400001,8.400001,24.0,2.75,0.60142326,1
2025-01-02 16:00:00+00:00,174.0,17.8915,14.7915,16.710249,18.156624,13.16478,16.14483,38770.88,148.08884,12.200001,12.200001,24.0,20.473368,46.079998,30.470474,2.51,0.55105823,34.530914,34.810135,77519.445,1414.382,20.600002,20.600002,48.0,5.26,1.1524816,2
2025-01-03 16:00:00+00:00,174.0,18.3915,14.4415,16.033167,17.244417,12.903904,14.976055,38794.832,35917.34,3.4999998,3.4999998,16.0,18.204042,42.839996,31.487408,11.78,1.9253149,50.56408,49.78619,116314.28,37331.723,24.100002,24.100002,64.0,17.04,3.0777965,3
2025-01-04 16:00:00+00:00,174.0,20.1915,14.7915,17.551916,21.13259,15.289566,18.554958,38820.406,35933.758,2.7999995,2.7999995,18.0,6.66,19.44,32.324337,10.27,1.8071674,68.116,68.34115,155134.69,73265.484,26.900002,26.900002,82.0,27.310001,4.884964,4
2025-01-05 16:00:00+00:00,174.0,18.6415,14.1414995,16.151917,18.401007,13.368286,15.728615,38847.57,31142.947,4.6,4.6,19.0,16.276815,38.16,38.63221,10.45,1.7127769,84.267914,84.06976,193982.25,104408.43,31.500002,31.500002,101.0,37.760002,6.597741,5
2025-01-06 16:00:00+00:00,174.0,16.8415,13.341499,14.878999,16.20998,12.073734,14.005818,38876.312,26336.42,5.2,5.2,23.0,14.77755,30.599998,44.570526,8.83,1.47421,99.14691,98.075584,232858.56,130744.85,36.7,36.7,124.0,46.590004,8.071951,6
2025-01-07 16:00:00+00:00,174.0,19.2915,12.3914995,15.756082,19.859932,11.792629,15.895592,38906.92,35906.938,8.0,8.0,24.0,8.827343,24.84,34.84783,12.7,2.0426893,114.90299,113.971176,271765.5,166651.78,44.7,44.7,148.0,59.290005,10.11464,7
2025-01-08 16:00:00+00:00,174.0,17.6415,13.7915,15.2664995,16.38471,12.238394,14.150424,38939.5,25999.678,8.1,8.1,23.0,19.119015,43.92,31.21834,9.37,1.4869578,130.1695,128.1216,310705.0,192651.45,52.800003,52.800003,171.0,68.66,11.601598,8
2025-01-09 16:00:00+00:00,174.0,14.1414995,12.2415,13.233165,12.056501,9.993236,11.144894,38973.977,2927.9058,11.199999,11.199999,24.0,19.373219,43.199997,34.80576,3.93,0.7689389,143.40266,139.2665,349678.97,195579.36,64.0,64.0,195.0,72.590004,12.370537,9
2025-01-10 16:00:00+00:00,174.0,15.0415,12.2415,13.422748,14.319498,10.122412,12.136161,39010.293,6760.203,12.0,12.0,23.0,16.434305,35.64,37.57472,4.9,0.84137386,156.82541,151.40265,388689.25,202339.56,76.0,76.0,218.0,77.490005,13.21191,10
2025-01-11 16:00:00+00:00,174.0,15.7415,12.591499,13.910249,14.1686325,10.721899,12.479859,39048.36,31232.576,6.799999,6.799999,24.0,16.940096,39.96,37.32297,9.98,1.5472766,170.73566,163.8825,427737.62,233572.14,82.8,82.8,242.0,87.47,14.759187,11
2025-01-12 16:00:00+00:00,174.0,16.3415,11.6915,13.751915,14.754782,10.010707,12.237081,39088.117,33265.57,1.9000002,1.9000002,12.0,13.479583,32.760002,41.73993,13.37,2.0866518,184.48758,176.11958,466825.75,266837.72,84.700005,84.700005,254.0,100.840004,16.845839,12
2025-01-13 16:00:00+00:00,174.0,19.6915,11.1414995,15.9748335,20.796156,10.132086,16.364735,39129.49,35890.79,0.7,0.7,6.0,7.040739,21.24,29.024277,15.21,2.4493783,200.46242,192.48431,505955.25,302728.5,85.4,85.4,260.0,116.05,19.295218,13
2025-01-14 16:00:00+00:00,174.0,17.2915,13.4915,16.095667,18.650085,11.72458,15.972512,39172.402,0.0,20.3,20.3,24.0,20.129442,45.719997,31.886974,1.86,0.4599392,216.55809,208.45683,545127.6,302728.5,105.7,105.7,284.0,117.91,19.755157,14
2025-01-15 16:00:00+00:00,174.0,14.9915,12.5415,13.512334,13.600222,10.773573,12.012753,39216.793,15827.123,7.5,7.5,24.0,16.87398,37.44,42.242905,7.14,1.1304686,230.07042,220.46959,584344.44,318555.62,113.2,113.2,308.0,125.05,20.885626,15
2025-01-16 16:00:00+00:00,174.0,15.5415,12.2415,13.699832,13.9230995,10.610853,12.262828,39262.586,31030.285,4.2000003,4.2000003,20.0,14.387619,35.28,39.321114,9.89,1.5442116,243.77025,232.73242,623607.0,349585.9,117.399994,117.399994,328.0,134.94,22.429838,16
2025-01-17 16:00:00+00:00,174.0,16.2915,12.341499,14.510247,16.329096,10.795312,13.950344,39309.715,24370.648,3.9000003,3.9000003,15.0,12.503199,28.8,36.2423,7.75,1.356359,258.2805,246.68277,662916.7,373956.56,121.299995,121.299995,343.0,142.69,23.786198,17
2025-01-18 16:00:00+00:00,174.0,19.9415,15.841499,17.447748,21.339043,16.072317,18.564829,39358.11,35800.49,14.499999,14.499999,18.0,11.032987,23.039999,53.736774,11.05,1.7810556,275.72824,265.2476,702274.8,409757.06,135.79999,135.79999,361.0,153.74,25.567253,18
2025-01-19 16:00:00+00:00,174.0,19.1915,13.9915,16.131083,19.802485,13.397919,15.864552,39407.7,35565.766,7.1000004,7.1000004,18.0,12.96125,28.8,40.920635,14.52,2.3196733,291.8593,281.11215,741682.5,445322.8,142.9,142.9,379.0,168.26001,27.886927,19
2025-01-20 16:00:00+00:00,174.0,18.0415,13.841499,15.766499,17.62664,13.080248,15.319871,39458.414,35932.18,3.699999,3.699999,18.0,12.992459,36.36,36.737663,12.45,1.977126,307.62582,296.43204,781140.94,481255.0,146.59999,146.59999,397.0,180.71,29.864052,20
2025-01-21 16:00:00+00:00,174.0,19.1915,13.9415,16.57067,20.559433,13.531467,17.289368,39510.195,17075.81,2.0000002,2.0000002,13.0,8.383054,21.96,23.670557,5.94,1.1276361,324.1965,313.7214,820651.1,498330.8,148.59999,148.59999,410.0,186.65001,30.991688,21
2025-01-22 16:00:00+00:00,174.0,21.8915,14.341499,18.383165,23.39146,14.9703865,19.720535,39562.977,35956.17,18.1,18.1,13.0,12.710091,29.16,170.89749,13.8,2.2635038,342.57968,333.44196,860214.1,534287.0,166.7,166.7,423.0,200.45001,33.25519,22
2025-01-23 16:00:00+00:00,174.0,21.0415,15.991499,18.072748,22.51417,16.479593,19.035461,39616.684,32099.66,7.2999997,7.2999997,18.0,10.564941,27.0,40.67244,11.62,1.9529063,360.65244,352.47742,899830.8,566386.7,174.0,174.0,441.0,212.07,35.2081,23
2025-01-24 16:00:00+00:00,174.0,20.3915,15.2915,17.589417,21.253176,15.427834,18.033628,39671.26,34295.18,10.1,10.1,22.0,13.437455,34.92,33.612633,13.27,2.1118846,378.24185,370.51105,939502.06,600681.9,184.1,184.1,463.0,225.34001,37.319984,24
2025-01-25 16:00:00+00:00,174.0,18.9415,15.2415,16.835249,19.110075,15.012814,16.853292,39726.637,30683.873,15.800001,15.800001,24.0,15.013554,28.44,34.28135,9.69,1.5932833,395.0771,387.36435,979228.7,631365.75,199.90001,199.90001,487.0,235.03001,38.91327,25
2025-01-26 16:00:00+00:00,174.0,15.3914995,11.8914995,13.768584,14.867323,9.63925,12.30136,39782.77,3600.0,24.600002,24.600002,24.0,18.183563,39.6,39.687145,3.62,0.63057214,408.84567,399.6657,1019011.44,634965.75,224.50002,224.50002,511.0,238.65001,39.543842,26
2025-01-27 16:00:00+00:00,174.0,14.3914995,11.7915,12.893582,12.695507,9.280177,10.805024,39840.145,19552.238,4.1,4.1,22.0,17.077248,37.079998,42.952385,7.47,1.3705935,421.73926,410.47073,1058851.6,654518.0,228.60002,228.60002,533.0,246.12001,40.914436,27
2025-01-28 16:00:00+00:00,174.0,14.2415,11.9415,12.868583,12.968637,10.18029,11.227638,39898.99,7994.21,6.7000003,6.7000003,24.0,14.681866,34.2,45.118004,6.89,1.1557008,434.60785,421.69836,1098750.6,662512.2,235.30002,235.30002,557.0,253.01001,42.070137,28
2025-01-29 16:00:00+00:00,174.0,17.6915,11.2915,14.456081,17.242527,10.01031,13.653865,39959.215,36049.992,3.7,3.7,19.0,10.441551,26.28,39.227406,13.59,2.145676,449.06393,435.35223,1138709.9,698562.2,239.00002,239.00002,576.0,266.6,44.215813,29
2025-01-30 16:00:00+00:00,174.0,18.3915,13.7915,16.168581,20.337128,13.292873,16.78034,40020.746,13289.503,15.799999,15.799999,24.0,8.885877,21.599998,11.784143,4.79,0.96983904,465.2325,452.13257,1178730.6,711851.7,254.80002,254.80002,600.0,271.39,45.18565,30
2025-01-31 16:00:00+00:00,174.0,20.8415,16.8415,18.683165,23.381512,18.17751,20.595894,40083.48,21581.785,18.400002,18.400002,23.0,8.0599,20.519999,55.79113,8.0,1.4332979,483.91568,472.72845,1218814.1,733433.5,273.2,273.2,623.0,279.39,46.618946,31
2025-02-01 16:00:00+00:00,174.0,20.3915,16.6415,18.033167,21.698128,17.156803,19.041006,40147.35,32145.129,17.0,17.0,24.0,12.320471,32.760002,48.106594,11.72,1.8451382,501.94885,491.76947,1258961.5,765578.6,290.2,290.2,647.0,291.11002,48.464085,32
2025-02-02 16:00:00+00:00,174.0,18.3415,13.8914995,16.387333,18.908018,12.281221,16.37576,40212.273,27009.057,19.399998,19.399998,24.0,18.000898,40.32,42.230885,9.22,1.3561836,518.3362,508.14523,1299173.8,792587.7,309.6,309.6,671.0,300.33002,49.820267,33
2025-02-03 16:00:00+00:00,174.0,13.9415,11.8914995,13.049832,12.166159,10.05768,11.125301,40278.164,8172.625,8.6,8.6,24.0,18.472595,41.399998,38.858658,5.28,0.9711074,531.386,519.2705,1339451.9,800760.3,318.2,318.2,695.0,305.61002,50.791374,34
2025-02-04 16:00:00+00:00,174.0,14.8914995,11.5415,13.118583,13.8876915,9.866522,12.074679,40344.95,22309.223,9.599999,9.599999,24.0,13.33094,29.519999,54.264435,8.8,1.3624549,544.5046,531.3452,1379796.9,823069.56,327.80002,327.80002,719.0,314.41,52.153828,35
2025-02-05 16:00:00+00:00,174.0,18.6415,13.2415,15.749833,19.35534,13.35453,16.392727,40412.54,29879.703,9.800001,9.800001,24.0,8.131936,19.08,71.56497,9.62,1.6005327,560.2544,547.7379,1420209.4,852949.25,337.6,337.6,743.0,324.03,53.75436,36
2025-02-06 16:00:00+00:00,174.0,18.5415,12.7915,15.741497,17.95832,10.580799,14.953538,40480.875,32218.98,6.3999996,6.3999996,21.0,20.81239,46.8,33.868137,13.14,1.9534137,575.9959,562.69147,1460690.2,885168.25,344.0,344.0,764.0,337.17,55.707775,37
2025-02-07 16:00:00+00:00,174.0,12.6915,10.5415,11.716499,10.3483715,8.040628,9.169148,40549.867,6659.0107,8.0,8.0,24.0,19.986485,45.719997,39.670013,6.73,0.96772856,587.7124,571.8606,1501240.1,891827.25,352.0,352.0,788.0,343.90002,56.675503,38
2025-02-08 16:00:00+00:00,174.0,13.6414995,10.6915,12.185248,11.823708,8.517458,10.297137,40619.45,10506.309,8.6,8.6,24.0,15.914484,36.0,42.12275,7.63,1.1077071,599.89764,582.1577,1541859.6,902333.56,360.6,360.6,812.0,351.53003,57.78321,39
2025-02-09 16:00:00+00:00,174.0,17.1415,11.091499,14.141499,16.870518,9.495486,13.222224,40689.543,36000.0,3.4999998,3.4999998,21.0,13.151091,28.44,43.77829,14.2,2.1495743,614.0391,595.37994,1582549.1,938333.56,364.1,364.1,833.0,365.73004,59.932785,40
2025-02-10 16:00:00+00:00,174.0,19.241499,12.5415,16.231085,20.727692,11.808445,16.881113,40760.082,33917.055,4.5,4.5,23.0,7.7588143,21.24,32.929424,11.08,1.8542935,630.2702,612.26105,1623309.2,972250.6,368.6,368.6,856.0,376.81003,61.78708,41
2025-02-11 16:00:00+00:00,174.0,19.9415,17.0415,19.018583,22.767834,18.50619,21.270655,40830.99,0.0,29.999996,29.999996,24.0,4.846648,13.679999,158.03409,2.21,0.56903523,649.28876,633.5317,1664140.2,972250.6,398.6,398.6,880.0,379.02002,62.356113,42
2025-02-12 16:00:00+00:00,174.0,19.6415,15.0415,16.633165,21.791597,14.036938,16.364521,40902.195,0.0,50.899998,50.899998,24.0,20.436144,46.44,34.566143,3.02,0.6101806,665.92194,649.8962,1705042.5,972250.6,449.5,449.5,904.0,382.04,62.966293,43
2025-02-13 16:00:00+00:00,174.0,18.0915,15.0415,16.518581,19.157902,14.487064,16.778154,40973.637,8852.336,5.6999993,5.6999993,22.0,13.049689,30.239998,32.132534,6.12,1.0893837,682.4405,666.6743,1746016.1,981102.94,455.2,455.2,926.0,388.16,64.05568,44
2025-02-14 16:00:00+00:00,174.0,22.5415,15.2915,18.90608,25.373796,15.126371,20.49014,41045.242,34252.71,0.70000005,0.70000005,7.0,9.485504,22.68,29.339478,15.25,2.6062002,701.34656,687.1644,1787061.4,1015355.6,455.90002,455.90002,933.0,403.41,66.66188,45
2025-02-15 16:00:00+00:00,174.0,22.6415,16.3415,19.258165,24.358585,17.192432,20.281487,41116.957,36598.453,4.2999997,4.2999997,12.0,13.529966,29.519999,36.16965,15.38,2.5949306,720.60474,707.4459,1828178.4,1051954.1,460.2,460.2,945.0,418.79,69.25681,46
2025-02-16 16:00:00+00:00,174.0,20.769999,17.72,19.180416,19.653854,15.915586,17.149061,41206.77,36000.0,0.0,0.0,0.0,27.959743,48.6,40.26648,16.91,3.8883097,739.78516,724.595,1869385.1,1087954.1,460.2,460.2,945.0,435.7,73.14513,47
2025-02-17 16:00:00+00:00,174.0,20.92,17.019999,18.551252,19.447618,15.797695,17.291945,41279.48,23782.227,0.0,0.0,0.0,20.991426,36.0,31.915346,10.88,2.66063,758.3364,741.8869,1910664.6,1111736.4,460.2,460.2,945.0,446.58002,75.805756,48
2025-02-18 16:00:00+00:00,174.0,19.72,17.92,18.62625,19.202168,16.675524,17.905682,41353.016,20973.742,0.0,0.0,0.0,17.49615,30.599998,40.144466,8.08,2.123898,776.96265,759.7926,1952017.6,1132710.1,460.2,460.2,945.0,454.66,77.92966,49
2025-02-19 16:00:00+00:00,174.0,20.92,18.42,19.71375,22.437721,19.037106,20.717995,41427.305,25557.555,0.0,0.0,0.0,9.504272,17.64,56.05639,9.38,1.8830426,796.6764,780.5106,1993444.9,1158267.6,460.2,460.2,945.0,464.04,79.8127,50
2025-02-20 16:00:00+00:00,174.0,20.67,17.57,19.255419,21.990013,17.140411,19.233328,41502.277,13701.024,0.4,0.0,2.0,22.039528,39.239998,32.530937,4.91,1.5036039,815.9318,799.74396,2034947.1,1171968.6,460.6,460.2,947.0,468.95,81.3163,51
2025-02-21 16:00:00+00:00,174.0,20.92,18.07,19.51167,20.457296,17.12954,18.998075,41577.863,25688.166,0.0,0.0,0.0,18.39878,32.399998,33.33631,10.37,2.5467052,835.4435,818.742,2076525.0,1197656.8,460.6,460.2,947.0,479.32,83.86301,52
2025-02-22 16:00:00+00:00,174.0,20.769999,18.47,19.270002,20.187504,16.284283,18.457724,41653.996,18168.271,0.0,0.0,0.0,22.057161,37.079998,33.551178,7.69,2.250804,854.7135,837.1997,2118179.0,1215825.0,460.6,460.2,947.0,487.01,86.11381,53
2025-02-23 16:00:00+00:00,174.0,18.22,16.22,17.336666,16.197777,13.698378,14.715195,41730.613,23812.334,0.0,0.0,0.0,26.66188,46.8,32.00101,8.92,2.7473707,872.0502,851.9149,2159909.5,1239637.4,460.6,460.2,947.0,495.93002,88.861176,54
2025-02-24 16:00:00+00:00,174.0,19.369999,15.97,17.67,18.279675,14.040436,16.593277,41807.645,21141.543,0.0,0.0,0.0,15.03835,28.44,25.127094,10.06,2.4398277,889.72015,868.5082,2201717.2,1260778.9,460.6,460.2,947.0,505.99002,91.301,55
2025-02-25 16:00:00+00:00,174.0,21.019999,17.07,19.209583,21.09769,17.11335,19.418547,41885.027,36411.57,0.0,0.0,0.0,10.495713,18.72,21.86572,11.21,2.3472252,908.92975,887.9267,2243602.2,1297190.5,460.6,460.2,947.0,517.2,93.648224,56
2025-02-26 16:00:00+00:00,174.0,22.17,19.07,20.480417,23.291014,19.861336,21.617289,41962.703,5713.663,0.0,0.0,0.0,8.209263,15.84,6.7097363,4.95,1.3453681,929.41016,909.544,2285565.0,1302904.1,460.6,460.2,947.0,522.15,94.99359,57
2025-02-27 16:00:00+00:00,174.0,24.019999,19.519999,21.803331,25.174105,21.097258,23.467974,42040.6,37188.62,0.3,0.0,3.0,9.360001,18.0,36.536064,13.58,2.6939774,951.2135,933.01196,2327605.5,1340092.8,460.9,460.2,950.0,535.73004,97.68757,58
2025-02-28 16:00:00+00:00,174.0,23.119999,20.32,21.888748,25.491615,22.75311,24.28303,42118.668,30944.637,0.0,0.0,0.0,7.928178,14.759999,41.7877,9.41,1.8685718,973.10223,957.295,2369724.2,1371037.4,460.9,460.2,950.0,545.14,99.55614,59
2025-03-01 16:00:00+00:00,174.0,25.863,20.019999,22.51979,28.572811,22.303896,24.777449,42196.836,39277.836,0.3,0.0,3.0,13.849477,11.159999,201.8983,22.25,4.065877,995.622,982.07245,2411921.0,1410315.2,461.19998,460.2,953.0,567.39,103.62202,60
2025-03-02 16:00:00+00:00,174.0,26.563002,20.113,23.02342,29.029259,20.958439,24.822647,42275.047,39639.695,0.0,0.0,0.0,14.081477,11.879999,220.56723,22.57,4.3110933,1018.64545,1006.8951,2454196.0,1449955.0,461.19998,460.2,953.0,589.96,107.93311,61
2025-03-03 16:00:00+00:00,174.0,26.413,19.413,22.894249,28.925045,20.268663,24.773146,42353.234,39720.54,0.0,0.0,0.0,14.934577,18.72,207.7431,22.98,4.3129296,1041.5397,1031.6682,2496549.2,1489675.5,461.19998,460.2,953.0,612.94,112.24604,62
2025-03-04 16:00:00+00:00,174.0,27.013,17.913,22.196335,28.85585,16.721642,22.645472,42431.348,39056.34,1.2,0.0,6.0,29.01966,36.36,44.70004,19.85,3.906012,1063.736,1054.3137,2538980.5,1528731.9,462.4,460.2,959.0,632.79,116.152054,63
2025-03-05 16:00:00+00:00,174.0,18.413,12.613,16.298418,17.529705,8.500488,12.812236,42509.324,26497.707,0.0,0.0,0.0,35.864746,39.96,25.51382,10.35,2.5952103,1080.0344,1067.126,2581489.8,1555229.6,462.4,460.2,959.0,643.13995,118.74726,64
2025-03-06 16:00:00+00:00,174.0,18.363,11.013,14.5255,15.571037,7.735428,11.552152,42587.1,39950.707,0.0,0.0,0.0,23.1774,35.64,18.222416,15.85,3.1215026,1094.5599,1078.6781,2624076.8,1595180.4,462.4,460.2,959.0,658.9899,121.86877,65
2025-03-07 16:00:00+00:00,174.0,20.713001,11.663,15.969251,19.421824,9.322873,13.853673,42664.63,39040.184,0.0,0.0,0.0,22.148046,24.48,20.919739,18.18,3.5509522,1110.5292,1092.5317,2666741.5,1634220.5,462.4,460.2,959.0,677.1699,125.419716,66
2025-03-08 16:00:00+00:00,174.0,20.963001,13.313,16.529667,20.493122,12.053333,15.061063,42742.41,38873.684,0.3,0.3,3.0,23.051247,23.4,29.38192,17.2,3.2365837,1127.0588,1107.5928,2709484.0,1673094.1,462.69998,460.5,962.0,694.36993,128.6563,67
2025-03-09 16:00:00+00:00,174.0,21.563002,13.063,,21.785477,11.643051,,42820.676,,,,0.0,18.430452,14.759999,,,,,,2752304.8,,,,962.0,,,68
