date,elevation,temperature_2m_max,temperature_2m_min,temperature_2m_mean,apparent_temperature_max,apparent_temperature_min,apparent_temperature_mean,daylight_duration,sunshine_duration,precipitation_sum,rain_sum,precipitation_hours,wind_speed_10m_max,wind_gusts_10m_max,wind_direction_10m_dominant,shortwave_radiation_sum,et0_fao_evapotranspiration,cumulative_temperature_2m_mean,cumulative_apparent_temperature_mean,cumulative_daylight_duration,cumulative_sunshine_duration,cumulative_precipitation_sum,cumulative_rain_sum,cumulative_precipitation_hours,cumulative_shortwave_radiation_sum,cumulative_et0_fao_evapotranspiration,day
2025-01-01 16:00:00+00:00,1507.0,11.3245,10.3745,10.745334,11.063835,10.115979,10.526719,38362.227,0.0,13.8,13.8,24.0,4.5891175,18.72,78.06443,1.45,0.37242424,10.745334,10.526719,38362.227,0.0,13.8,13.8,24.0,1.45,0.37242424,1
2025-01-02 16:00:00+00:00,1507.0,10.1745,6.8245,8.336999,9.870962,5.5132666,7.2279263,38386.383,0.0,4.5999994,4.5999994,22.0,5.6492476,27.72,41.380856,2.97,0.5507538,19.082333,17.754646,76748.61,0.0,18.4,18.4,46.0,4.42,0.923178,2
2025-01-03 16:00:00+00:00,1507.0,11.7245,4.8245,8.149501,9.726208,2.9093647,6.4926867,38412.31,28713.986,0.8000001,0.8000001,8.0,8.641874,35.64,114.61694,11.46,1.6015129,27.231834,24.247334,115160.92,28713.986,19.199999,19.199999,54.0,15.88,2.5246909,3
2025-01-04 16:00:00+00:00,1507.0,13.4745,7.2745,9.734916,13.244982,5.7928066,8.939847,38439.99,31800.201,6.0,6.0,12.0,5.2939587,25.919998,235.42062,9.85,1.5636594,36.96675,33.18718,153600.9,60514.188,25.199999,25.199999,66.0,25.73,4.0883503,4
2025-01-05 16:00:00+00:00,1507.0,11.3745,5.1745,8.014083,9.623006,3.0449853,6.384704,38469.387,34487.445,0.70000005,0.70000005,5.0,6.7853074,33.48,351.43338,12.12,1.6503758,44.980835,39.571884,192070.3,95001.63,25.9,25.9,71.0,37.85,5.738726,5
2025-01-06 16:00:00+00:00,1507.0,9.4245,4.4745,6.4515834,7.7205744,2.6155262,4.7362375,38500.496,23296.307,4.3999996,4.3999996,19.0,6.0077944,28.44,109.96091,7.63,1.0742942,51.43242,44.30812,230570.8,118297.94,30.3,30.3,90.0,45.48,6.81302,6
2025-01-07 16:00:00+00:00,1507.0,11.0745,4.6745,7.674501,9.958913,2.7357106,6.299708,38533.617,18729.244,2.2999997,2.2999997,14.0,5.5829024,27.359999,135.67793,8.46,1.2407126,59.10692,50.60783,269104.4,137027.19,32.6,32.6,104.0,53.94,8.053733,7
2025-01-08 16:00:00+00:00,1507.0,8.6745,4.0245,5.901583,7.4505033,2.098588,4.245812,38568.875,14165.158,11.499999,11.499999,22.0,6.489992,26.64,47.50166,4.99,0.7286728,65.0085,54.85364,307673.28,151192.34,44.1,44.1,126.0,58.93,8.782406,8
2025-01-09 16:00:00+00:00,1507.0,4.9245,2.8745,3.5474164,2.7637534,0.6676636,1.3592407,38606.188,0.0,6.4999995,5.3999987,24.0,5.0911684,25.56,36.520958,3.52,0.55094445,68.555916,56.212883,346279.47,151192.34,50.6,49.499996,150.0,62.45,9.33335,9
2025-01-10 16:00:00+00:00,1507.0,4.9745,2.8745,3.928667,3.1779299,0.8670831,2.057286,38645.48,0.0,11.6,8.000001,24.0,5.3939967,24.119999,52.96667,3.44,0.52058345,72.48458,58.27017,384924.94,151192.34,62.199997,57.499996,174.0,65.89,9.853933,10
2025-01-11 16:00:00+00:00,1507.0,7.6245003,3.6245,5.045334,5.5823126,1.5032759,3.0352812,38686.67,27271.195,2.0000002,2.0000002,11.0,4.7928696,28.08,349.61823,8.24,1.1399827,77.529915,61.30545,423611.62,178463.53,64.2,59.499996,185.0,74.13,10.993916,11
2025-01-12 16:00:00+00:00,1507.0,9.9245,2.5745,6.145334,7.9406223,-0.014909267,3.9985511,38729.69,35760.816,0.1,0.1,1.0,6.5049515,29.16,138.66791,9.76,1.3683197,83.67525,65.304,462341.3,214224.34,64.299995,59.599995,186.0,83.89,12.362235,12
2025-01-13 16:00:00+00:00,1507.0,14.5745,3.7245002,9.151584,14.03788,1.5571818,7.821757,38774.457,30504.545,1.1,1.1,5.0,5.1826253,29.16,185.12808,12.67,1.9702743,92.82683,73.125755,501115.78,244728.89,65.399994,60.699993,191.0,96.56,14.332509,13
2025-01-14 16:00:00+00:00,1507.0,9.2745,3.7245002,7.0057507,8.3308525,1.6359549,5.5372195,38820.883,1220.4829,14.400002,14.400002,24.0,5.8769383,28.8,351.07367,2.79,0.4830684,99.83258,78.66297,539936.7,245949.38,79.799995,75.09999,215.0,99.35,14.8155775,14
2025-01-15 16:00:00+00:00,1507.0,7.0745,3.5745,4.7828336,5.121009,1.7472849,2.9032795,38868.906,4449.1157,2.7,2.7,20.0,5.6060677,24.84,54.81922,5.1,0.7663826,104.61542,81.56625,578805.6,250398.48,82.49999,77.79999,235.0,104.45,15.58196,15
2025-01-16 16:00:00+00:00,1507.0,7.9744997,4.0745,5.4307504,5.8815384,2.220337,3.5515823,38918.45,11015.4795,1.2000002,1.2000002,12.0,5.896202,22.68,86.50841,6.69,0.9674525,110.046165,85.117836,617724.06,261413.97,83.69999,78.999985,247.0,111.14,16.549412,16
2025-01-17 16:00:00+00:00,1507.0,11.2245,4.1745,7.391167,9.41416,2.3750596,5.8580117,38969.426,23745.172,2.0000002,2.0000002,15.0,6.302571,24.119999,131.4919,7.46,1.1308875,117.43733,90.975845,656693.5,285159.12,85.69999,80.999985,262.0,118.6,17.6803,17
2025-01-18 16:00:00+00:00,1507.0,11.2745,7.2745,9.04325,10.710185,6.2062693,8.08562,39021.777,18922.566,3.1,3.1,15.0,4.86,25.919998,293.24728,6.75,1.0656438,126.48058,99.06146,695715.25,304081.7,88.79999,84.09998,277.0,125.35,18.745943,18
2025-01-19 16:00:00+00:00,1507.0,11.9245,5.4745,7.7328324,10.367496,3.370263,6.233661,39075.414,32506.127,1.8000002,1.8000002,11.0,6.198903,26.64,69.71068,9.89,1.4571899,134.21341,105.29512,734790.7,336587.8,90.59999,85.89999,288.0,135.24,20.203133,19
2025-01-20 16:00:00+00:00,1507.0,11.6245,5.3745003,8.053667,9.788846,3.368424,6.342554,39130.27,35114.773,1.2000002,1.2000002,12.0,7.689603,30.960001,120.49326,10.43,1.4961418,142.26707,111.63767,773920.94,371702.6,91.79999,87.09998,300.0,145.67001,21.699274,20
2025-01-21 16:00:00+00:00,1507.0,12.5745,5.9245,8.857834,11.937204,4.2568283,7.693588,39186.273,34486.316,4.2,4.2,9.0,5.293959,26.64,173.34567,11.0,1.6735585,151.12491,119.33126,813107.2,406188.9,95.999985,91.29998,309.0,156.67001,23.372833,21
2025-01-22 16:00:00+00:00,1507.0,14.0245,5.7745,9.745333,13.509439,3.8662252,8.671544,39243.35,34439.324,0.3,0.3,3.0,5.8603754,32.039997,280.2426,10.69,1.6814908,160.87024,128.0028,852350.56,440628.22,96.29999,91.59998,312.0,167.36002,25.054323,22
2025-01-23 16:00:00+00:00,1507.0,14.6245,7.2745,10.412,13.713322,5.9113016,9.578555,39301.43,30304.719,2.6,2.6,10.0,6.6624317,26.64,9.993541,11.4,1.7955272,171.28224,137.58136,891652.0,470932.94,98.89999,94.19998,322.0,178.76001,26.84985,23
2025-01-24 16:00:00+00:00,1507.0,12.6245,7.6745,9.814084,11.713767,6.7722874,9.025673,39360.445,26251.467,4.3999996,4.3999996,24.0,7.9077177,28.44,37.239834,8.73,1.2994555,181.09633,146.60703,931012.44,497184.4,103.29999,98.59998,346.0,187.49,28.149305,24
2025-01-25 16:00:00+00:00,1507.0,11.1745,6.3245,8.664083,10.281468,4.6348953,7.6014075,39420.33,23606.705,9.1,9.1,23.0,6.8423676,29.88,10.426848,8.05,1.1867093,189.7604,154.20844,970432.75,520791.12,112.39999,107.69998,369.0,195.54001,29.336014,25
2025-01-26 16:00:00+00:00,1507.0,5.9245,1.6244999,3.139083,4.1451683,-0.8325584,0.69335395,39481.016,764.9446,11.4,7.9999995,18.0,6.522361,35.28,322.44775,2.8,0.41524932,192.89949,154.9018,1009913.75,521556.06,123.79999,115.69998,387.0,198.34001,29.751263,26
2025-01-27 16:00:00+00:00,1507.0,8.5745,-0.12550001,3.4869998,6.8756475,-3.3133354,1.0623873,39543.05,33498.11,0.3,0.1,3.0,6.489992,23.039999,45.666126,15.06,1.9403889,196.38649,155.96419,1049456.8,555054.2,124.09999,115.79998,390.0,213.40001,31.691652,27
2025-01-28 16:00:00+00:00,1507.0,7.6745,1.2245,4.091166,5.1531305,-1.3859575,1.6442623,39606.668,35596.992,0.6,0.6,6.0,7.0568266,25.919998,125.49062,11.35,1.4546462,200.47766,157.60844,1089063.4,590651.2,124.69999,116.39998,396.0,224.75002,33.146297,28
2025-01-29 16:00:00+00:00,1507.0,12.8745,3.1245,7.3244996,11.20801,0.66891766,5.386816,39671.773,35137.242,1.3000002,1.3000002,13.0,6.424764,27.72,145.31166,12.06,1.7911245,207.80215,162.99525,1128735.1,625788.44,125.99999,117.69998,409.0,236.81001,34.937424,29
2025-01-30 16:00:00+00:00,1507.0,12.6745,4.8245,8.897416,12.4581585,2.5801687,7.878281,39738.285,13565.698,4.5000005,4.5000005,16.0,6.151683,29.16,188.53069,5.54,0.9645785,216.69957,170.87354,1168473.4,639354.1,130.5,122.19998,425.0,242.35,35.902,30
2025-01-31 16:00:00+00:00,1507.0,15.6245,9.5745,12.041165,15.910227,8.852788,12.030525,39806.1,24385.307,21.499998,21.499998,20.0,4.39436,22.319998,41.78438,8.0,1.3652003,228.74074,182.90405,1208279.5,663739.44,152.0,143.69998,445.0,250.35,37.2672,31
2025-02-01 16:00:00+00:00,1507.0,11.9745,8.2745,10.228666,11.637042,7.3674717,9.779757,39875.133,0.0,7.0000005,7.0000005,18.0,4.3832865,29.16,344.36493,4.22,0.76949114,238.9694,192.6838,1248154.6,663739.44,159.0,150.69998,463.0,254.57,38.03669,32
2025-02-02 16:00:00+00:00,1507.0,8.3245,3.9745002,6.672417,7.2983923,2.0476985,5.260577,39945.3,202.60437,13.000001,13.000001,24.0,5.5916004,30.239998,347.84506,2.37,0.44684362,245.64183,197.94438,1288099.9,663942.06,172.0,163.69998,487.0,256.94,38.483532,33
2025-02-03 16:00:00+00:00,1507.0,6.1745,1.9244999,3.791167,3.756155,-0.11396313,1.5789798,40016.51,13829.15,6.9999986,4.499999,20.0,6.1305785,26.28,19.297678,7.53,1.0276507,249.433,199.52336,1328116.4,677771.2,179.0,168.19998,507.0,264.47,39.51118,34
2025-02-04 16:00:00+00:00,1507.0,7.2245,2.9245,4.9245,5.4328737,0.5479665,2.8584993,40088.684,24890.74,4.2,3.3999999,23.0,6.151683,30.960001,128.65984,7.32,1.0327978,254.3575,202.38187,1368205.0,702661.94,183.2,171.59998,530.0,271.79,40.54398,35
2025-02-05 16:00:00+00:00,1507.0,10.3745,4.8245,7.5495,9.477546,3.0700297,6.331318,40161.723,8833.145,4.0999994,4.0999994,22.0,5.004518,25.56,132.54242,6.07,0.95220745,261.907,208.71318,1408366.8,711495.06,187.3,175.69998,552.0,277.86002,41.496185,36
2025-02-06 16:00:00+00:00,1507.0,8.6745,2.7745001,6.2620006,7.037181,0.52286863,4.6392713,40235.56,13756.606,6.700001,6.600001,22.0,7.458606,26.64,46.195644,4.47,0.6821873,268.169,213.35245,1448602.2,725251.7,194.0,182.29999,574.0,282.33002,42.17837,37
2025-02-07 16:00:00+00:00,1507.0,3.3745,1.5745,2.2515836,0.8921027,-0.9126456,-0.16416365,40310.11,0.0,6.399999,4.2,24.0,5.004518,29.16,40.548775,3.77,0.5518358,270.4206,213.18828,1488912.4,725251.7,200.4,186.49998,598.0,286.1,42.730206,38
2025-02-08 16:00:00+00:00,1507.0,6.2245,2.1245,3.9078333,4.160589,-0.0040254593,1.8115126,40385.28,191.19232,1.3000002,1.2000002,12.0,4.8899083,26.64,74.81879,5.5,0.7931632,274.32843,214.99979,1529297.6,725442.9,201.7,187.69998,610.0,291.6,43.52337,39
2025-02-09 16:00:00+00:00,1507.0,11.2745,3.3745,6.739084,9.820604,1.0762687,4.9230943,40461.008,32147.973,0.6,0.6,6.0,5.0911684,26.28,137.1086,9.71,1.4164429,281.0675,219.92288,1569758.6,757590.9,202.3,188.29999,616.0,301.31,44.93981,40
2025-02-10 16:00:00+00:00,1507.0,16.474499,4.3245,10.176583,16.31685,2.284121,9.097293,40537.21,35330.883,0.6,0.6,4.0,6.489992,27.359999,162.73239,14.89,2.3616471,291.24408,229.02017,1610295.9,792921.75,202.90001,188.9,620.0,316.2,47.30146,41
2025-02-11 16:00:00+00:00,1507.0,14.1245,9.3245,11.903665,15.233971,8.248577,11.992359,40613.812,0.0,31.900002,31.900002,21.0,5.1197267,25.199999,251.69577,2.78,0.6248821,303.14774,241.01253,1650909.8,792921.75,234.80002,220.79999,641.0,318.98,47.926342,42
2025-02-12 16:00:00+00:00,1507.0,11.5745,8.5245,9.220333,11.168768,7.3779507,8.479539,40690.73,0.0,39.299988,39.299988,22.0,6.444905,27.72,87.024506,2.28,0.48012486,312.36807,249.49207,1691600.5,792921.75,274.1,260.09998,663.0,321.26,48.406467,43
2025-02-13 16:00:00+00:00,1507.0,11.465,7.6150002,9.565,10.710553,6.397908,8.632691,40784.145,23510.615,0.0,0.0,0.0,8.311245,29.519999,116.40781,8.02,1.104006,321.93307,258.12476,1732384.6,816432.4,274.1,260.09998,663.0,329.28,49.510475,44
2025-02-14 16:00:00+00:00,1507.0,16.315,9.015,12.204582,16.132885,7.3788795,11.40947,40861.03,36016.016,0.2,0.0,2.0,10.829958,43.199997,98.226654,16.23,2.4247134,334.13766,269.53424,1773245.6,852448.4,274.30002,260.09998,665.0,345.51,51.93519,45
2025-02-15 16:00:00+00:00,1507.0,16.365,7.965,11.756665,16.212605,4.455971,10.338554,40938.027,36193.496,0.4,0.0,2.0,11.609651,48.239998,36.948265,17.16,2.6672769,345.89432,279.8728,1814183.6,888641.9,274.7,260.09998,667.0,362.67,54.602467,46
2025-02-16 16:00:00+00:00,1507.0,11.015,5.5150003,7.9879184,10.400049,3.829629,6.3095794,41015.715,36199.035,0.0,0.0,0.0,10.931203,41.039997,69.53492,16.64,2.0508423,353.88223,286.18237,1855199.4,924840.94,274.7,260.09998,667.0,379.31,56.65331,47
2025-02-17 16:00:00+00:00,1507.0,9.065001,4.515,7.0149994,7.3935738,2.6101418,5.239534,41094.363,20178.256,0.0,0.0,0.0,10.799999,39.96,75.45549,6.52,0.8371671,360.89722,291.4219,1896293.8,945019.2,274.7,260.09998,667.0,385.83,57.490475,48
2025-02-18 16:00:00+00:00,1507.0,8.915,6.565,7.7295837,7.4424915,4.9139824,6.1642194,41173.9,380.69962,0.0,0.0,0.0,9.826088,34.92,105.15148,3.64,0.5572594,368.6268,297.58612,1937467.6,945399.9,274.7,260.09998,667.0,389.47,58.047733,49
2025-02-19 16:00:00+00:00,1507.0,12.515,7.815,10.025415,11.18796,6.5308485,9.080118,41254.234,24332.885,0.0,0.0,0.0,8.707238,31.68,110.63764,9.19,1.356482,378.65222,306.66623,1978721.9,969732.75,274.7,260.09998,667.0,398.66,59.404217,50
2025-02-20 16:00:00+00:00,1507.0,10.365,6.915,8.542083,9.291788,5.3750134,7.3167043,41335.316,22676.064,0.0,0.0,0.0,9.504272,36.719997,38.088825,6.69,0.92624205,387.1943,313.98294,2020057.2,992408.8,274.7,260.09998,667.0,405.35,60.33046,51
2025-02-21 16:00:00+00:00,1507.0,9.665,7.1150002,8.508751,8.409845,5.660408,7.2942147,41417.047,0.0,0.0,0.0,0.0,9.0645685,33.12,102.95614,2.89,0.5017283,395.70306,321.27716,2061474.2,992408.8,274.7,260.09998,667.0,408.24002,60.832188,52
2025-02-22 16:00:00+00:00,1507.0,8.915,6.065,7.723333,8.044423,4.11189,6.2829623,41499.37,0.0,0.6,0.6,6.0,8.4963045,33.12,44.789337,3.88,0.59695435,403.4264,327.56012,2102973.5,992408.8,275.30002,260.69998,673.0,412.12003,61.429142,53
2025-02-23 16:00:00+00:00,1507.0,5.8650002,5.0150003,5.47125,3.9003677,2.6967916,3.419409,41582.22,0.0,0.0,0.0,0.0,8.311245,44.639996,85.108955,2.17,0.3657719,408.89764,330.97952,2144555.8,992408.8,275.30002,260.69998,673.0,414.29004,61.794914,54
2025-02-24 16:00:00+00:00,1507.0,9.665,2.815,6.9066663,8.81589,0.5157037,5.3705354,41665.504,36098.03,0.0,0.0,0.0,5.506941,30.239998,107.667755,14.08,1.8031267,415.80432,336.35007,2186221.2,1028506.9,275.30002,260.69998,673.0,428.37003,63.59804,55
2025-02-25 16:00:00+00:00,1507.0,10.265,7.315,9.123334,9.290001,5.9936113,8.1160555,41749.17,0.0,0.3,0.3,3.0,6.9527545,25.199999,126.37699,4.55,0.7166263,424.92764,344.46613,2227970.5,1028506.9,275.6,260.99997,676.0,432.92,64.31467,56
2025-02-26 16:00:00+00:00,1507.0,12.2155,9.215,10.952812,12.387611,8.231039,10.5671425,41833.15,163.12798,2.3999999,2.3999999,12.0,5.3517847,18.0,137.9357,2.13,0.48234722,435.88046,355.03326,2269803.8,1028670.0,278.0,263.39996,688.0,435.05002,64.79701,57
2025-02-27 16:00:00+00:00,1507.0,18.1655,9.6155,13.117584,18.307207,6.4300747,12.290914,41917.367,31536.398,0.3,0.0,3.0,14.113652,10.08,142.65057,15.92,2.4536312,448.99805,367.3242,2311721.0,1060206.4,278.3,263.39996,691.0,450.97003,67.25064,58
2025-02-28 16:00:00+00:00,1507.0,19.8155,9.3155,14.5321665,19.1127,5.270253,12.89172,42001.758,37947.89,0.6,0.3,3.0,13.783817,10.08,202.36832,18.42,3.468779,463.5302,380.2159,2353722.8,1098154.2,278.9,263.69995,694.0,469.39005,70.71942,59
2025-03-01 16:00:00+00:00,1507.0,17.765501,12.2655,14.492587,18.522787,11.592411,14.525823,42086.26,39402.31,6.0,0.5999999,21.0,8.854829,7.2,297.83798,15.96,2.4976273,478.0228,394.74173,2395809.0,1137556.5,284.9,264.29996,715.0,485.35004,73.21705,60
2025-03-02 16:00:00+00:00,1507.0,20.2155,10.2155,13.257169,20.86518,9.669048,12.948012,42170.805,33761.324,2.1,1.5,9.0,11.592894,8.64,20.655752,16.88,2.5864959,491.27997,407.68973,2437979.8,1171317.9,287.0,265.79996,724.0,502.23004,75.80354,61
2025-03-03 16:00:00+00:00,1507.0,12.4655,6.6654997,9.673834,11.615433,4.455167,8.595612,42255.324,22343.072,0.0,0.0,0.0,10.464797,6.12,65.213295,8.02,1.1387357,500.9538,416.28534,2480235.0,1193661.0,287.0,265.79996,724.0,510.25003,76.942276,62
2025-03-04 16:00:00+00:00,1507.0,6.9655,4.7155,6.077999,4.502144,1.7810411,3.474109,42339.758,0.0,2.1,2.1,6.0,11.901798,12.24,98.63502,2.09,0.38501891,507.0318,419.75946,2522574.8,1193661.0,289.1,267.89996,730.0,512.34,77.32729,63
2025-03-05 16:00:00+00:00,1507.0,5.7155,3.9155,4.8904996,3.0899491,1.0586734,2.182874,42424.035,0.0,3.6000004,3.6000004,9.0,10.805999,11.159999,90.08707,1.66,0.3169486,511.9223,421.94232,2564998.8,1193661.0,292.7,271.49997,739.0,514.0,77.64424,64
2025-03-06 16:00:00+00:00,1507.0,6.5155,4.8155003,5.8363338,4.5537243,2.2817192,3.613805,42508.098,0.0,2.1000001,2.1000001,15.0,9.3876505,8.28,94.2243,0.98,0.27055955,517.7586,425.55612,2607506.8,1193661.0,294.80002,273.59998,754.0,514.98,77.9148,65
