date,elevation,temperature_2m_max,temperature_2m_min,temperature_2m_mean,apparent_temperature_max,apparent_temperature_min,apparent_temperature_mean,daylight_duration,sunshine_duration,precipitation_sum,rain_sum,precipitation_hours,wind_speed_10m_max,wind_gusts_10m_max,wind_direction_10m_dominant,shortwave_radiation_sum,et0_fao_evapotranspiration,cumulative_temperature_2m_mean,cumulative_apparent_temperature_mean,cumulative_daylight_duration,cumulative_sunshine_duration,cumulative_precipitation_sum,cumulative_rain_sum,cumulative_precipitation_hours,cumulative_shortwave_radiation_sum,cumulative_et0_fao_evapotranspiration,day
2025-01-01 16:00:00+00:00,978.0,12.919,11.568999,12.079417,12.551184,11.278999,11.939175,38313.21,0.0,12.400002,12.400002,24.0,7.570707,24.84,79.84417,1.77,0.42202866,12.079417,11.939175,38313.21,0.0,12.400002,12.400002,24.0,1.77,0.42202866,1
2025-01-02 16:00:00+00:00,978.0,11.568999,8.6189995,9.714832,11.249184,6.9971743,8.468444,38337.598,0.0,6.2999997,6.2999997,22.0,9.97986,33.12,63.991894,3.05,0.5508495,21.79425,20.40762,76650.81,0.0,18.7,18.7,46.0,4.8199997,0.97287816,2
2025-01-03 16:00:00+00:00,978.0,13.568999,7.369,10.248167,10.951208,4.9314976,8.142882,38363.777,28543.203,0.0,0.0,0.0,15.281989,49.32,108.20857,10.79,1.5915419,32.04242,28.550503,115014.59,28543.203,18.7,18.7,46.0,15.61,2.56442,3
2025-01-04 16:00:00+00:00,978.0,16.219,8.919,11.581498,16.16254,7.3757153,11.054488,38391.727,28410.809,3.5999994,3.5999994,10.0,7.386582,27.72,281.0407,9.23,1.5016848,43.623917,39.604992,153406.31,56954.01,22.3,22.3,56.0,24.84,4.066105,4
2025-01-05 16:00:00+00:00,978.0,12.719,7.519,9.779416,10.766578,5.476948,8.204617,38421.41,35498.324,0.5,0.5,4.0,10.650465,37.8,37.178253,12.52,1.6975149,53.40333,47.80961,191827.72,92452.336,22.8,22.8,60.0,37.36,5.76362,5
2025-01-06 16:00:00+00:00,978.0,11.3689995,5.769,8.121084,8.968717,3.3679466,5.91462,38452.816,28323.766,2.0,2.0,11.0,13.288341,38.519997,95.803825,10.02,1.3629707,61.524414,53.724228,230280.53,120776.1,24.8,24.8,71.0,47.38,7.1265907,6
2025-01-07 16:00:00+00:00,978.0,12.818999,5.9690003,9.421083,11.222441,4.009162,8.031675,38486.26,17562.762,1.2,1.2,9.0,9.007196,28.08,101.24546,8.31,1.2384953,70.945496,61.755905,268766.78,138338.86,26.0,26.0,80.0,55.690002,8.365086,7
2025-01-08 16:00:00+00:00,978.0,9.6189995,5.4690003,7.7439995,7.5126457,3.3822665,5.981108,38521.855,7424.8843,8.200001,8.200001,21.0,11.53265,32.039997,61.93538,3.6,0.60762864,78.6895,67.737015,307288.62,145763.75,34.2,34.2,101.0,59.29,8.972714,8
2025-01-09 16:00:00+00:00,978.0,5.669,4.2190003,4.8794165,3.1344523,2.059104,2.511853,38559.53,0.0,6.0999985,6.0999985,24.0,9.187056,29.519999,60.18308,3.25,0.5176748,83.56892,70.24887,345848.16,145763.75,40.3,40.3,125.0,62.54,9.490389,9
2025-01-10 16:00:00+00:00,978.0,7.169,4.619,5.733584,4.6645308,2.453414,3.6124868,38599.203,673.23737,6.1999993,6.1999993,24.0,11.230904,27.359999,74.35466,3.51,0.55940384,89.3025,73.86136,384447.38,146436.98,46.5,46.5,149.0,66.05,10.049792,10
2025-01-11 16:00:00+00:00,978.0,9.519,3.869,6.4169164,6.9472294,0.81842136,4.163818,38640.797,30917.04,0.70000005,0.70000005,5.0,8.748075,28.08,45.92259,11.22,1.4872588,95.71941,78.02518,423088.2,177354.03,47.2,47.2,154.0,77.270004,11.537051,11
2025-01-12 16:00:00+00:00,978.0,12.3689995,2.7689998,7.502334,9.803808,-0.21322632,4.892783,38684.227,35735.168,0.0,0.0,0.0,13.202726,40.68,114.54618,13.66,1.8212839,103.22175,82.91796,461772.4,213089.2,47.2,47.2,154.0,90.93001,13.3583355,12
2025-01-13 16:00:00+00:00,978.0,16.919,4.7190003,10.57525,16.695152,2.7400832,9.466424,38729.42,34508.555,0.3,0.3,2.0,7.7043357,23.4,144.12369,13.74,2.1721075,113.797,92.384384,500501.8,247597.75,47.5,47.5,156.0,104.670006,15.530443,13
2025-01-14 16:00:00+00:00,978.0,10.469,5.2190003,8.410666,9.841469,3.0995731,7.0789375,38776.3,0.0,14.9000025,14.9000025,23.0,8.209263,28.08,21.186281,2.4,0.43037015,122.207664,99.46332,539278.1,247597.75,62.4,62.4,179.0,107.07001,15.9608135,14
2025-01-15 16:00:00+00:00,978.0,8.769,4.9690003,6.2773337,6.05546,2.8124084,3.941797,38824.79,11667.786,1.3000001,1.3000001,11.0,10.718693,32.039997,72.79979,6.54,0.9328411,128.485,103.40511,578102.94,259265.53,63.7,63.7,190.0,113.61001,16.893654,15
2025-01-16 16:00:00+00:00,978.0,9.719,5.919,7.2231674,6.9753113,3.7760487,4.853972,38874.805,16471.902,0.0,0.0,0.0,11.177405,33.48,85.05177,8.27,1.1834997,135.70816,108.25909,616977.75,275737.44,63.7,63.7,190.0,121.880005,18.077154,16
2025-01-17 16:00:00+00:00,978.0,13.068999,5.269,9.214833,10.952612,2.9851847,7.5141296,38926.273,30859.412,0.9,0.9,6.0,11.351422,30.599998,115.992386,9.32,1.385399,144.92299,115.77322,655904.0,306596.84,64.6,64.6,196.0,131.20001,19.462553,17
2025-01-18 16:00:00+00:00,978.0,11.969,8.318999,10.20025,11.222431,7.08689,9.401108,38979.12,5155.921,4.5,4.5,17.0,7.208994,23.039999,313.85104,4.13,0.7082142,155.12325,125.174324,694883.1,311752.75,69.1,69.1,213.0,135.33002,20.170767,18
2025-01-19 16:00:00+00:00,978.0,13.669,5.4690003,8.9815,12.043106,2.8422308,7.0949864,39033.277,35782.766,0.8000001,0.8000001,7.0,10.819482,36.0,101.30989,13.19,1.869588,164.10475,132.26932,733916.4,347535.5,69.9,69.9,220.0,148.52002,22.040356,19
2025-01-20 16:00:00+00:00,978.0,13.969,5.7190003,9.637751,11.857288,3.184041,7.5522237,39088.66,35795.17,0.0,0.0,0.0,13.797913,44.639996,111.19499,14.06,1.9424446,173.74251,139.82155,773005.06,383330.7,69.9,69.9,220.0,162.58002,23.9828,20
2025-01-21 16:00:00+00:00,978.0,15.019,7.269,10.956501,14.660349,5.645423,10.036527,39145.195,34198.883,1.9000001,1.9000001,6.0,7.193247,27.359999,146.39876,10.61,1.6976689,184.699,149.85808,812150.25,417529.56,71.8,71.8,226.0,173.19002,25.680468,21
2025-01-22 16:00:00+00:00,978.0,15.318999,8.019,11.262749,14.546606,6.8220167,10.524914,39202.824,27572.38,0.3,0.3,3.0,8.528657,31.68,293.25262,8.19,1.3223097,195.96176,160.383,851353.06,445101.94,72.100006,72.100006,229.0,181.38002,27.002777,22
2025-01-23 16:00:00+00:00,978.0,15.719,9.818999,12.210666,14.875721,9.316347,11.760932,39261.46,26929.559,2.6,2.6,16.0,10.514218,31.68,60.945507,8.9,1.4374541,208.17242,172.14392,890614.5,472031.5,74.700005,74.700005,245.0,190.28001,28.440231,23
2025-01-24 16:00:00+00:00,978.0,13.469,10.519,11.612748,12.569641,10.038951,11.066958,39321.04,16222.58,4.5,4.5,24.0,10.583326,32.039997,66.06271,6.31,0.97139513,219.78517,183.21088,929935.56,488254.1,79.200005,79.200005,269.0,196.59001,29.411627,24
2025-01-25 16:00:00+00:00,978.0,12.169,7.7190003,10.191916,11.010719,6.6430664,9.249573,39381.492,7751.472,12.900001,12.900001,24.0,10.373061,32.039997,37.030487,5.57,0.8601189,229.97708,192.46045,969317.06,496005.56,92.100006,92.100006,293.0,202.16002,30.271746,25
2025-01-26 16:00:00+00:00,978.0,7.369,3.119,4.5690002,6.130556,0.3344283,2.1545804,39442.758,3094.3176,13.8,13.4,16.0,9.605998,31.68,326.6893,3.61,0.5071935,234.54608,194.61504,1008759.8,499099.88,105.90001,105.50001,309.0,205.77002,30.778938,26
2025-01-27 16:00:00+00:00,978.0,10.318999,2.019,5.4440002,8.104824,-1.124902,2.7081916,39505.383,33343.42,0.0,0.0,0.0,11.19189,36.36,89.35084,15.58,2.0042553,239.99008,197.32323,1048265.2,532443.3,105.90001,105.50001,309.0,221.35002,32.783195,27
2025-01-28 16:00:00+00:00,978.0,10.219,2.019,5.9231668,7.289175,-1.061547,2.9579496,39569.605,35946.086,0.0,0.0,0.0,13.159711,38.519997,108.90467,14.4,1.8044459,245.91325,200.28117,1087834.8,568389.4,105.90001,105.50001,309.0,235.75002,34.587643,28
2025-01-29 16:00:00+00:00,978.0,15.1189995,4.019,9.189832,13.878963,1.4151859,7.2458854,39635.34,35971.89,0.0,0.0,0.0,9.54679,29.88,116.97486,15.05,2.2177057,255.10309,207.52705,1127470.1,604361.25,105.90001,105.50001,309.0,250.80002,36.805347,29
2025-01-30 16:00:00+00:00,978.0,15.219,6.7190003,10.927333,15.467743,4.750985,10.189267,39702.477,19484.623,2.0,2.0,8.0,6.76618,26.64,140.01607,6.68,1.1680222,266.03043,217.71632,1167172.6,623845.9,107.90001,107.50001,317.0,257.48,37.97337,30
2025-01-31 16:00:00+00:00,978.0,18.119001,11.068999,13.71275,18.924746,11.063672,14.043491,39770.94,26356.758,14.099999,14.099999,20.0,7.8954163,27.359999,57.129086,7.74,1.3482972,279.74316,231.75981,1206943.6,650202.6,122.00001,121.600006,337.0,265.22,39.321667,31
2025-02-01 16:00:00+00:00,978.0,12.969,10.219,11.468999,12.327745,9.832257,11.159313,39840.633,0.0,7.0,7.0,23.0,9.039514,28.44,34.710766,3.74,0.6797784,291.21216,242.91913,1246784.2,650202.6,129.0,128.6,360.0,268.96,40.001446,32
2025-02-02 16:00:00+00:00,978.0,10.068999,5.4690003,8.027333,9.675776,4.108815,6.9093547,39911.46,101.12686,17.099998,17.099998,24.0,6.6624317,24.84,6.4859385,2.03,0.4007143,299.2395,249.82848,1286695.8,650303.75,146.1,145.70001,384.0,270.99,40.40216,33
2025-02-03 16:00:00+00:00,978.0,8.219,3.619,5.3919168,5.446804,1.0072708,2.9288313,39983.348,26591.096,5.3,5.1,9.0,10.946013,32.039997,60.527527,10.6,1.3795415,304.6314,252.75731,1326679.1,676894.9,151.40001,150.80002,393.0,281.59,41.781704,34
2025-02-04 16:00:00+00:00,978.0,9.8689995,3.7189999,6.744001,7.2453594,1.007731,4.270106,40056.2,33334.42,0.9000001,0.9000001,9.0,12.399112,39.96,109.08504,10.68,1.4340107,311.3754,257.0274,1366735.4,710229.3,152.3,151.70001,402.0,292.27,43.215714,35
2025-02-05 16:00:00+00:00,978.0,12.469,6.619,9.585666,11.481787,4.839982,8.298755,40129.938,15025.268,1.4000001,1.4000001,11.0,8.089993,27.0,106.15808,7.15,1.1146691,320.96106,265.32617,1406865.2,725254.56,153.7,153.1,413.0,299.41998,44.330383,36
2025-02-06 16:00:00+00:00,978.0,9.769,4.169,7.6481667,9.014635,1.726027,5.997625,40204.473,4109.7744,9.3,9.3,20.0,10.399576,29.88,68.342964,3.02,0.4900459,328.60922,271.3238,1447069.8,729364.3,163.0,162.40001,433.0,302.43997,44.82043,37
2025-02-07 16:00:00+00:00,978.0,4.0690002,2.869,3.3398335,1.2592111,-0.07262468,0.48339137,40279.72,466.89352,6.5,5.7000003,24.0,9.614426,32.039997,66.25469,3.72,0.5412017,331.94907,271.8072,1487349.5,729831.2,169.5,168.1,457.0,306.15997,45.361633,38
2025-02-08 16:00:00+00:00,978.0,7.7190003,3.569,5.5106664,5.033513,0.9920335,2.9332025,40355.61,4850.221,0.9000001,0.9000001,9.0,10.435344,34.92,77.47121,6.52,0.91342056,337.45975,274.7404,1527705.1,734681.44,170.4,169.0,466.0,312.67996,46.275055,39
2025-02-09 16:00:00+00:00,978.0,13.568999,4.519,8.537749,12.143389,1.9349198,6.5015025,40432.055,36208.79,0.0,0.0,0.0,10.644379,32.760002,108.49212,13.18,1.8566413,345.9975,281.24188,1568137.1,770890.25,170.4,169.0,466.0,325.85995,48.131695,40
2025-02-10 16:00:00+00:00,978.0,18.869001,5.3190002,11.866917,19.58563,3.4911447,11.149726,40508.973,36105.29,0.0,0.0,0.0,7.44121,24.119999,137.48305,16.8,2.722593,357.8644,292.3916,1608646.1,806995.56,170.4,169.0,466.0,342.65994,50.854286,41
2025-02-11 16:00:00+00:00,978.0,16.969,10.519,13.452334,18.23643,9.979528,13.957382,40586.293,0.0,29.7,29.7,19.0,6.1226463,32.760002,255.14134,3.04,0.66449296,371.31674,306.349,1649232.4,806995.56,200.09999,198.7,485.0,345.69995,51.51878,42
2025-02-12 16:00:00+00:00,978.0,12.6189995,9.669,10.443999,11.832575,8.512932,9.328741,40663.938,0.0,35.399998,35.399998,19.0,10.703569,40.32,92.25137,3.07,0.54244745,381.76074,315.67773,1689896.2,806995.56,235.49998,234.09999,504.0,348.76996,52.061226,43
2025-02-13 16:00:00+00:00,978.0,16.369001,9.818999,12.664834,16.09289,8.785107,12.072362,40741.83,30671.86,0.1,0.1,1.0,9.867218,28.08,112.3016,10.41,1.6422236,394.42557,327.7501,1730638.1,837667.44,235.59999,234.2,505.0,359.17996,53.70345,44
2025-02-14 16:00:00+00:00,978.0,20.819,9.3689995,14.569,22.496252,8.363935,14.900531,40819.895,36184.152,0.0,0.0,0.0,4.8466477,20.16,183.66185,15.65,2.7025383,408.99457,342.65063,1771458.0,873851.56,235.59999,234.2,505.0,374.82996,56.405987,45
2025-02-15 16:00:00+00:00,978.0,17.319,10.568999,13.348167,17.120426,10.111813,13.029241,40898.08,24948.617,1.3000001,1.3000001,9.0,7.8480825,27.72,0.5474035,10.36,1.7797506,422.34274,355.67987,1812356.1,898800.2,236.9,235.5,514.0,385.18994,58.185738,46
2025-02-16 16:00:00+00:00,978.0,12.029,7.679,9.964417,9.981766,5.117544,7.8191514,40970.973,34209.07,0.0,0.0,0.0,13.891522,53.639996,117.80796,12.52,1.7128611,432.30716,363.49902,1853327.1,933009.25,236.9,235.5,514.0,397.70993,59.898598,47
2025-02-17 16:00:00+00:00,978.0,10.5789995,8.779,9.701919,9.655459,6.695096,8.247301,41051.016,0.0,0.0,0.0,0.0,12.096214,47.16,112.590195,1.9,0.38105145,442.00906,371.74634,1894378.1,933009.25,236.9,235.5,514.0,399.60992,60.279648,48
2025-02-18 16:00:00+00:00,978.0,11.279,9.029,10.18525,10.028091,7.051424,8.613681,41131.953,295.49057,0.0,0.0,0.0,12.261157,42.839996,130.61887,3.66,0.6012366,452.1943,380.36002,1935510.1,933304.75,236.9,235.5,514.0,403.26993,60.880886,49
2025-02-19 16:00:00+00:00,978.0,15.5789995,10.8289995,12.699834,15.391254,9.971559,12.4766245,41213.715,23732.025,0.1,0.0,1.0,9.387651,32.039997,124.80658,8.01,1.3284597,464.89413,392.83664,1976723.9,957036.75,237.0,235.5,515.0,411.27994,62.209347,50
2025-02-20 16:00:00+00:00,978.0,12.429,9.379,10.278998,12.447899,7.5016108,9.16809,41296.22,0.0,0.2,0.2,2.0,11.792404,50.399998,65.23766,2.3,0.4393898,475.17313,402.00473,2018020.1,957036.75,237.2,235.7,517.0,413.57993,62.648735,51
2025-02-21 16:00:00+00:00,978.0,11.5789995,9.279,10.629001,10.626019,7.3298693,9.188685,41379.402,0.0,0.0,0.0,0.0,12.88981,48.96,126.87001,2.34,0.42011866,485.80212,411.19342,2059399.5,957036.75,237.2,235.7,517.0,415.91992,63.068855,52
2025-02-22 16:00:00+00:00,978.0,10.729,8.179,9.7769165,10.118008,6.1046305,8.548069,41463.18,0.0,16.7,16.4,12.0,10.440001,34.92,75.35004,1.57,0.3772144,495.57904,419.7415,2100862.8,957036.75,253.9,252.09999,529.0,417.48993,63.446068,53
2025-02-23 16:00:00+00:00,978.0,7.979,6.279,7.2519164,5.727069,3.0622392,4.44045,41547.48,1384.9379,1.0,1.0,7.0,14.88242,45.0,112.34748,4.41,0.6442375,502.83096,424.18195,2142410.2,958421.7,254.9,253.09999,536.0,421.89993,64.0903,54
2025-02-24 16:00:00+00:00,978.0,13.129,6.479,10.020667,13.073446,3.4481044,8.716656,41632.24,20452.324,0.0,0.0,0.0,13.783817,48.96,131.07483,9.85,1.4474483,512.8516,432.8986,2184042.5,978874.0,254.9,253.09999,536.0,431.74994,65.53775,55
2025-02-25 16:00:00+00:00,978.0,12.029,9.729,11.243584,11.470086,9.466998,10.49734,41717.38,0.0,0.6,0.6,6.0,11.983188,37.079998,121.99237,3.96,0.6295829,524.0952,443.39594,2225760.0,978874.0,255.5,253.7,542.0,435.70993,66.167336,56
2025-02-26 16:00:00+00:00,978.0,15.179,12.0789995,13.489418,15.936455,11.686984,13.757404,41802.836,12549.707,0.3,0.3,3.0,7.127636,30.599998,175.2365,6.01,1.0641131,537.58466,457.15335,2267562.8,991423.7,255.8,254.0,545.0,441.71994,67.231445,57
2025-02-27 16:00:00+00:00,978.0,19.729,11.379,15.610249,22.039705,10.034807,16.010925,41888.535,35972.184,0.3,0.0,3.0,8.373386,21.24,132.7094,18.28,3.0553615,553.1949,473.16428,2309451.2,1027395.9,256.1,254.0,548.0,459.99994,70.286804,58
2025-02-28 16:00:00+00:00,978.0,19.629002,14.3289995,16.506083,20.446156,14.019163,17.095316,41974.41,26753.566,0.0,0.0,0.0,7.072878,24.48,138.33754,13.5,2.3492043,569.701,490.25958,2351425.8,1054149.5,256.1,254.0,548.0,473.49994,72.63601,59
2025-03-01 16:00:00+00:00,978.0,23.8125,15.279,18.468687,25.056427,15.772699,19.47066,42060.395,33840.645,0.9,0.3,6.0,10.948973,12.959999,137.54486,15.73,2.909025,588.1697,509.73026,2393486.2,1087990.1,257.0,254.3,554.0,489.22995,75.54504,60
2025-03-02 16:00:00+00:00,978.0,20.2125,14.962501,17.81875,21.477266,15.301096,19.100782,42146.42,35298.35,0.0,0.0,0.0,9.0,5.04,67.31941,12.49,2.14045,605.9884,528.83105,2435632.8,1123288.5,257.0,254.3,554.0,501.71994,77.685486,61
2025-03-03 16:00:00+00:00,978.0,23.7125,14.962501,18.585417,24.927235,14.78492,19.557262,42232.42,39568.402,0.6,0.0,6.0,9.726664,9.36,119.35765,16.91,3.0764337,624.5738,548.3883,2477865.2,1162856.9,257.6,254.3,560.0,518.62994,80.76192,62
2025-03-04 16:00:00+00:00,978.0,21.112501,11.212501,15.375,23.224697,9.965479,15.649045,42318.336,24480.047,7.7999997,5.7,18.0,12.303366,16.199999,71.08119,12.69,2.1006153,639.9488,564.03735,2520183.5,1187336.9,265.4,260.0,578.0,531.31995,82.86253,63
2025-03-05 16:00:00+00:00,978.0,10.9125,4.8125,7.6124997,9.523631,1.9844398,5.3646297,42404.094,0.0,12.300002,11.700003,18.0,12.682018,16.919998,74.823044,1.24,0.2874778,647.5613,569.402,2562587.5,1187336.9,277.69998,271.7,596.0,532.55994,83.15001,64
2025-03-06 16:00:00+00:00,978.0,6.7125,4.7625,5.7833333,4.8021955,1.9543571,3.4316826,42489.633,333.72437,0.0,0.0,0.0,10.105681,17.28,91.74809,3.15,0.48331347,653.3446,572.8337,2605077.2,1187670.6,277.69998,271.7,596.0,535.70996,83.63332,65
2025-03-07 16:00:00+00:00,978.0,7.6625,6.4625,6.829166,5.754983,4.604333,4.944179,42574.895,0.0,4.5000005,4.5000005,21.0,8.707238,12.959999,87.92857,1.74,0.34664196,660.17377,577.77783,2647652.2,1187670.6,282.19998,276.2,617.0,537.44995,83.979965,66
2025-03-08 16:00:00+00:00,978.0,10.212501,6.5625,8.302084,9.063707,4.6545706,6.9087605,42660.426,12879.862,1.8000001,1.8000001,6.0,7.5685663,10.08,69.556465,6.03,0.87447584,668.4758,584.6866,2690312.8,1200550.5,283.99997,278.0,623.0,543.48,84.85444,67
2025-03-09 16:00:00+00:00,978.0,17.2125,6.8624997,,18.013975,4.0280943,,42746.496,,,,0.0,11.200571,10.08,,,,,,2733059.2,,,,623.0,,,68
