date,elevation,temperature_2m_max,temperature_2m_min,temperature_2m_mean,apparent_temperature_max,apparent_temperature_min,apparent_temperature_mean,daylight_duration,sunshine_duration,precipitation_sum,rain_sum,precipitation_hours,wind_speed_10m_max,wind_gusts_10m_max,wind_direction_10m_dominant,shortwave_radiation_sum,et0_fao_evapotranspiration,cumulative_temperature_2m_mean,cumulative_apparent_temperature_mean,cumulative_daylight_duration,cumulative_sunshine_duration,cumulative_precipitation_sum,cumulative_rain_sum,cumulative_precipitation_hours,cumulative_shortwave_radiation_sum,cumulative_et0_fao_evapotranspiration,day
2025-01-01 16:00:00+00:00,200.0,16.612,14.612,15.572418,16.153275,14.154102,15.190506,38264.03,0.0,12.3,12.3,24.0,16.62444,34.56,19.517857,2.05,0.64521664,15.572418,15.190506,38264.03,0.0,12.3,12.3,24.0,2.05,0.64521664,1
2025-01-02 16:00:00+00:00,200.0,15.062,13.512,14.172417,13.732454,10.854336,11.781508,38288.656,0.0,4.6999993,4.6999993,18.0,22.39608,43.56,25.826696,3.91,1.3085152,29.744835,26.972015,76552.69,0.0,17.0,17.0,42.0,5.96,1.9537318,2
2025-01-03 16:00:00+00:00,200.0,18.362,13.262,15.555751,15.370218,10.154677,12.716397,38315.09,27965.934,0.70000005,0.70000005,5.0,23.237434,49.32,91.952225,9.81,2.5728393,45.300587,39.68841,114867.78,27965.934,17.7,17.7,47.0,15.77,4.5265713,3
2025-01-04 16:00:00+00:00,200.0,19.812,13.912001,15.66825,20.754461,11.511358,15.080155,38343.305,27261.207,1.6000001,1.6000001,5.0,19.875944,42.839996,131.39136,8.06,1.5465913,60.968838,54.768566,153211.1,55227.14,19.300001,19.300001,52.0,23.830002,6.0731626,4
2025-01-05 16:00:00+00:00,200.0,15.962,12.012,13.970334,14.158972,8.636255,11.515155,38373.277,35444.18,0.0,0.0,0.0,19.45416,40.68,18.892048,12.51,2.3077185,74.93917,66.28372,191584.38,90671.32,19.300001,19.300001,52.0,36.340004,8.380881,5
2025-01-06 16:00:00+00:00,200.0,15.912001,11.262,13.080752,12.896034,7.81456,9.960507,38404.984,25466.592,0.3,0.3,3.0,19.443333,38.16,71.50668,9.47,2.2969046,88.01992,76.24423,229989.36,116137.914,19.6,19.6,55.0,45.810005,10.677786,6
2025-01-07 16:00:00+00:00,200.0,17.612,11.862,14.516167,16.102188,9.8387375,13.0252695,38438.75,16215.001,2.6000001,2.6000001,16.0,15.991659,31.319998,75.643196,7.5,1.5778228,102.53609,89.2695,268428.12,132352.92,22.2,22.2,71.0,53.310005,12.255609,7
2025-01-08 16:00:00+00:00,200.0,13.962,10.512,12.897416,12.564312,6.8187323,10.020502,38474.688,547.3645,5.7000003,5.7000003,23.0,22.315643,44.28,32.40832,3.77,1.2737936,115.4335,99.29,306902.8,132900.28,27.900002,27.900002,94.0,57.080006,13.529402,8
2025-01-09 16:00:00+00:00,200.0,10.262,9.362,9.909917,6.8271523,5.207324,5.925146,38512.723,0.0,5.399999,5.399999,24.0,22.390293,45.36,24.13042,3.25,1.2081324,125.34342,105.21515,345415.53,132900.28,33.3,33.3,118.0,60.330006,14.7375345,9
2025-01-10 16:00:00+00:00,200.0,12.462,9.962,10.870334,8.950593,6.660186,7.672382,38552.777,1.440239,3.5000002,3.5000002,21.0,18.491003,37.079998,35.373566,3.49,1.2091014,136.21376,112.88753,383968.3,132901.72,36.8,36.8,139.0,63.820007,15.946636,10
2025-01-11 16:00:00+00:00,200.0,13.662001,9.862,11.066167,10.760537,6.37904,7.942364,38594.77,32730.36,0.70000005,0.70000005,3.0,17.108522,34.2,16.283434,14.12,2.4434443,147.27992,120.829895,422563.1,165632.08,37.5,37.5,142.0,77.94001,18.39008,11
2025-01-12 16:00:00+00:00,200.0,17.112,9.412001,12.668251,13.560814,5.8395567,9.071798,38638.617,35661.41,0.0,0.0,0.0,23.406229,48.239998,108.80322,13.69,2.802828,159.94818,129.90169,461201.72,201293.48,37.5,37.5,142.0,91.63001,21.192907,12
2025-01-13 16:00:00+00:00,200.0,20.512001,9.362,15.057832,19.72509,7.009219,13.844105,38684.246,35664.25,0.0,0.0,0.0,17.932373,34.2,145.74152,14.1,2.5625274,175.00601,143.74579,499885.97,236957.73,37.5,37.5,142.0,105.73001,23.755434,13
2025-01-14 16:00:00+00:00,200.0,15.362,9.912001,12.684915,15.604113,6.0587416,10.173552,38731.57,0.0,10.700001,10.700001,21.0,26.72803,52.92,8.469535,2.33,0.749552,187.69093,153.91934,538617.56,236957.73,48.2,48.2,163.0,108.06001,24.504986,14
2025-01-15 16:00:00+00:00,200.0,13.312,9.512,10.866166,9.981456,5.930723,7.550407,38780.52,5697.942,0.5,0.5,4.0,21.594748,43.199997,34.58154,6.15,1.6101553,198.5571,161.46974,577398.06,242655.67,48.7,48.7,167.0,114.210014,26.11514,15
2025-01-16 16:00:00+00:00,200.0,13.962,10.712,11.784916,10.34223,7.0043726,8.202836,38831.016,16550.19,0.0,0.0,0.0,18.624563,37.8,52.42482,8.67,2.2023096,210.34201,169.67258,616229.06,259205.86,48.7,48.7,167.0,122.88001,28.317451,16
2025-01-17 16:00:00+00:00,200.0,18.362,10.662001,14.301585,16.439255,7.256319,12.449744,38882.977,33830.6,0.7,0.7,5.0,19.121557,38.519997,112.24756,9.94,2.0620337,224.6436,182.12231,655112.06,293036.47,49.4,49.4,172.0,132.82,30.379486,17
2025-01-18 16:00:00+00:00,200.0,15.262,11.262,13.914084,15.635843,9.774947,13.054521,38936.33,9745.359,3.3000002,3.3000002,15.0,16.499237,29.519999,350.63403,4.23,0.7860608,238.55768,195.17683,694048.4,302781.8,52.7,52.7,187.0,137.05,31.165546,18
2025-01-19 16:00:00+00:00,200.0,17.762001,10.412001,13.516167,16.052942,8.321072,11.351008,38991.0,35710.773,0.0,0.0,0.0,18.620214,38.16,52.622074,15.67,2.6836166,252.07385,206.52785,733039.4,338492.6,52.7,52.7,187.0,152.72,33.849163,19
2025-01-20 16:00:00+00:00,200.0,19.012001,11.962,15.009915,16.459541,9.61852,12.385119,39046.91,35723.46,0.0,0.0,0.0,23.057571,46.079998,100.74872,14.54,2.9308953,267.08377,218.91296,772086.3,374216.06,52.7,52.7,187.0,167.26,36.78006,20
2025-01-21 16:00:00+00:00,200.0,20.212,12.962,16.25575,19.520065,10.942064,15.164088,39103.99,33382.36,0.4,0.4,4.0,19.044306,41.760002,143.96983,9.63,2.1133318,283.3395,234.07706,811190.3,407598.44,53.100002,53.100002,191.0,176.89,38.89339,21
2025-01-22 16:00:00+00:00,200.0,17.062,13.062,14.843251,15.730555,12.374273,14.170818,39162.164,25026.908,3.1999996,3.1999996,17.0,18.080818,34.2,307.4172,8.15,1.22387,298.18277,248.24788,850352.5,432625.34,56.300003,56.300003,208.0,185.04,40.11726,22
2025-01-23 16:00:00+00:00,200.0,18.062,13.462,15.966167,17.657488,12.921165,15.698524,39221.355,28890.016,3.4,3.4,22.0,16.67892,30.239998,15.851521,9.06,1.4802102,314.14893,263.9464,889573.9,461515.38,59.700005,59.700005,230.0,194.09999,41.59747,23
2025-01-24 16:00:00+00:00,200.0,16.962,15.262,15.903668,15.635878,14.037525,14.703418,39281.504,20125.734,8.800001,8.800001,24.0,21.413948,41.760002,26.864107,7.18,1.2711332,330.05258,278.64984,928855.4,481641.12,68.50001,68.50001,254.0,201.27998,42.868603,24
2025-01-25 16:00:00+00:00,200.0,16.462,11.512,14.414082,14.484707,8.706388,12.555648,39342.527,4266.362,9.9,9.9,24.0,20.907913,42.839996,20.529818,5.81,1.1706048,344.46667,291.20547,968197.9,485907.5,78.40001,78.40001,278.0,207.08998,44.039207,25
2025-01-26 16:00:00+00:00,200.0,11.262,7.862,8.987001,8.463988,3.1601763,4.7685733,39404.38,8620.105,10.8,10.8,14.0,28.404089,56.16,352.71527,4.95,1.0908356,353.45367,295.97406,1007602.25,494527.6,89.20001,89.20001,292.0,212.03998,45.130043,26
2025-01-27 16:00:00+00:00,200.0,14.012,7.812,10.251582,10.664174,4.0710564,6.8314896,39467.598,33776.555,0.0,0.0,0.0,17.826363,39.239998,44.002186,13.81,2.49317,363.70526,302.80554,1047069.9,528304.1,89.20001,89.20001,292.0,225.84998,47.623215,27
2025-01-28 16:00:00+00:00,200.0,15.062,8.512,11.276584,11.405083,5.244687,7.576834,39532.43,35876.785,0.0,0.0,0.0,21.332088,42.12,92.83481,14.87,2.81031,374.98184,310.3824,1086602.2,564180.94,89.20001,89.20001,292.0,240.71997,50.433525,28
2025-01-29 16:00:00+00:00,200.0,20.062,9.562,14.399501,17.548805,6.3547945,11.512314,39598.78,35902.918,0.0,0.0,0.0,23.740902,44.639996,126.19604,15.85,3.1663475,389.38135,321.8947,1126201.0,600083.9,89.20001,89.20001,292.0,256.56998,53.599873,29
2025-01-30 16:00:00+00:00,200.0,19.712,12.512,15.814083,19.253103,9.836768,14.580852,39666.56,25021.643,2.9,2.9,21.0,19.770523,40.68,145.01053,7.12,1.7632294,405.19543,336.47556,1165867.5,625105.5,92.10001,92.10001,313.0,263.68997,55.363102,30
2025-01-31 16:00:00+00:00,200.0,21.612,15.162001,17.553667,23.442396,13.85956,17.997904,39735.668,20929.713,12.099999,12.099999,19.0,23.103193,42.12,57.471153,7.48,1.4235313,422.7491,354.47345,1205603.1,646035.2,104.20001,104.20001,332.0,271.16998,56.786633,31
2025-02-01 16:00:00+00:00,200.0,16.112,14.462,15.043251,14.995968,13.233118,14.08006,39806.016,331.5692,8.4,8.4,24.0,16.048288,33.12,19.590393,4.69,0.95930964,437.79236,368.5535,1245409.1,646366.75,112.60001,112.60001,356.0,275.86,57.74594,32
2025-02-02 16:00:00+00:00,200.0,14.362,10.112,12.012001,13.141878,6.7462025,9.329864,39877.52,0.0,19.300001,19.300001,24.0,23.946089,46.44,12.976694,2.63,0.5607139,449.80435,377.88336,1285286.6,646366.75,131.90001,131.90001,380.0,278.49,58.306656,33
2025-02-03 16:00:00+00:00,200.0,12.862,8.762,10.1432495,9.406794,4.977707,6.487559,39950.08,29276.07,5.9,5.9,7.0,24.27332,47.519997,23.437347,12.66,2.1461847,459.9476,384.3709,1325236.8,675642.8,137.8,137.8,387.0,291.15,60.45284,34
2025-02-04 16:00:00+00:00,200.0,15.912001,9.112,12.220333,12.13409,5.8706627,8.975263,40023.617,35949.207,0.2,0.2,2.0,21.816414,42.839996,110.974846,11.85,2.4520764,472.16794,393.34616,1365260.4,711592.0,138.0,138.0,389.0,303.0,62.904915,35
2025-02-05 16:00:00+00:00,200.0,17.412,11.862,14.668251,15.562151,9.440895,12.754402,40098.05,16308.054,8.5,8.5,24.0,17.878994,34.56,100.15667,6.56,1.5959852,486.83618,406.10056,1405358.4,727900.06,146.5,146.5,413.0,309.56,64.5009,36
2025-02-06 16:00:00+00:00,200.0,14.462,9.012,11.982834,13.448643,4.757889,9.034063,40173.29,0.0,18.499998,18.499998,24.0,24.467422,47.88,35.137543,2.85,0.8211973,498.81903,415.1346,1445531.6,727900.06,165.0,165.0,437.0,312.41,65.3221,37
2025-02-07 16:00:00+00:00,200.0,8.562,7.2619996,7.7640824,4.075965,2.333396,3.1690567,40249.242,0.0,8.299999,8.299999,24.0,24.713154,48.6,27.063248,4.18,1.1155659,506.5831,418.30368,1485780.9,727900.06,173.3,173.3,461.0,316.59,66.43766,38
2025-02-08 16:00:00+00:00,200.0,12.262,7.962,10.020333,8.650597,3.9596624,6.2532334,40325.848,1763.7688,1.8000002,1.8000002,13.0,19.61587,39.239998,42.73062,6.55,1.6991348,516.60345,424.55692,1526106.8,729663.8,175.1,175.1,474.0,323.13998,68.136795,39
2025-02-09 16:00:00+00:00,200.0,17.912,10.162001,13.520333,15.683985,6.8185244,10.672974,40403.004,35573.348,0.0,0.0,0.0,18.396141,37.44,103.293884,12.47,2.6136556,530.1238,435.2299,1566509.8,765237.2,175.1,175.1,474.0,335.61,70.75045,40
2025-02-10 16:00:00+00:00,200.0,21.962,10.662001,16.191168,21.750843,8.615821,14.996704,40480.65,36202.223,0.0,0.0,0.0,17.594023,37.8,138.15729,16.51,2.9947853,546.31494,450.2266,1606990.4,801439.44,175.1,175.1,474.0,352.12,73.74524,41
2025-02-11 16:00:00+00:00,200.0,19.762001,14.412001,17.101583,21.89718,13.41177,17.879122,40558.69,0.0,34.7,34.7,18.0,27.934818,58.679996,219.75566,3.0,0.7101006,563.4165,468.1057,1647549.1,801439.44,209.8,209.8,492.0,355.12,74.45534,42
2025-02-12 16:00:00+00:00,200.0,14.812,12.662001,13.5995,12.454384,10.601965,11.322526,40637.066,0.0,36.199993,36.199993,24.0,26.48509,56.88,46.97945,3.19,0.853258,577.016,479.42825,1688186.2,801439.44,246.0,246.0,516.0,358.31,75.30859,43
2025-02-13 16:00:00+00:00,200.0,20.612,13.462,16.4245,19.956661,11.493238,15.408055,40715.688,21698.828,1.2000002,1.2000002,12.0,18.59845,33.48,102.50899,9.42,1.9054728,593.4405,494.8363,1728902.0,823138.25,247.2,247.2,528.0,367.73,77.214066,44
2025-02-14 16:00:00+00:00,200.0,22.562,12.212,17.162,24.888046,11.608735,18.026731,40794.48,36073.285,0.0,0.0,0.0,11.079873,18.359999,153.09172,15.61,2.651119,610.6025,512.86304,1769696.5,859211.56,247.2,247.2,528.0,383.34,79.86518,45
2025-02-15 16:00:00+00:00,200.0,18.362,14.212,16.305752,18.055416,13.116266,16.055246,40873.395,10699.166,1.3000002,1.3000002,13.0,16.963984,33.48,1.2505988,8.71,1.5174129,626.9082,528.9183,1810569.9,869910.75,248.5,248.5,541.0,392.05,81.38259,46
2025-02-16 16:00:00+00:00,200.0,18.062,13.212,15.23075,15.954065,10.530491,12.745426,40953.008,36168.273,0.2,0.2,2.0,20.656126,39.6,68.40413,17.36,3.2921052,642.139,541.6637,1851522.9,906079.0,248.7,248.7,543.0,409.40997,84.6747,47
2025-02-17 16:00:00+00:00,200.0,15.5515,13.901501,14.574417,13.413231,11.203922,12.458236,41021.977,0.0,0.3,0.3,2.0,18.1041,40.32,57.800793,3.29,1.3799419,656.7134,554.12195,1892544.9,906079.0,249.0,249.0,545.0,412.69998,86.05464,48
2025-02-18 16:00:00+00:00,200.0,17.4015,13.7015,15.520249,15.227669,10.569386,13.1683235,41103.86,16453.592,0.1,0.0,1.0,22.89611,51.12,71.67186,6.83,2.0159442,672.23364,567.2903,1933648.8,922532.56,249.1,249.0,546.0,419.52997,88.07059,49
2025-02-19 16:00:00+00:00,200.0,19.9015,15.5015,17.211918,19.617561,15.213541,17.422003,41186.574,13509.435,0.1,0.0,1.0,12.758432,29.16,42.766506,7.74,1.568379,689.44556,584.7123,1974835.4,936042.0,249.20001,249.0,547.0,427.26996,89.63897,50
2025-02-20 16:00:00+00:00,200.0,16.001501,13.4515,14.372334,15.766499,11.787771,13.027503,41270.04,0.0,1.7000002,1.7000002,5.0,16.904673,33.839996,39.284477,2.4,0.8645518,703.8179,597.7398,2016105.4,936042.0,250.90001,250.7,552.0,429.66995,90.503525,51
2025-02-21 16:00:00+00:00,200.0,17.001501,13.8515005,15.09525,14.831285,11.143724,12.822679,41354.184,11998.717,1.4,1.4,1.0,25.417631,54.0,63.455257,6.28,1.6455079,718.91315,610.5625,2057459.5,948040.7,252.3,252.09999,553.0,435.94995,92.14903,52
2025-02-22 16:00:00+00:00,200.0,14.2515,12.5515,13.651501,13.895451,10.722562,12.628888,41438.934,0.0,22.099998,21.6,15.0,14.336861,30.599998,32.688004,1.74,0.6235798,732.56464,623.1914,2098898.5,948040.7,274.4,273.69998,568.0,437.68994,92.77261,53
2025-02-23 16:00:00+00:00,200.0,12.401501,10.7515,11.641082,10.497503,6.8889465,8.313682,41524.22,12879.933,1.1,0.0,7.0,25.460936,55.44,55.376675,6.58,1.5186293,744.2057,631.50507,2140422.8,960920.6,275.5,273.69998,575.0,444.26993,94.291245,54
2025-02-24 16:00:00+00:00,200.0,18.6515,10.9515,14.436917,17.57564,7.419956,12.755664,41609.957,35690.645,0.0,0.0,0.0,19.721298,41.760002,70.41782,14.07,2.5636554,758.6426,644.26074,2182032.8,996611.25,275.5,273.69998,575.0,458.33994,96.8549,55
2025-02-25 16:00:00+00:00,200.0,18.001501,12.6015005,15.239002,17.54754,12.613459,14.930533,41696.086,1957.9362,0.1,0.0,1.0,16.800856,36.719997,51.112698,6.3,1.2244914,773.8816,659.1913,2223728.8,998569.2,275.6,273.69998,576.0,464.63992,98.07939,56
2025-02-26 16:00:00+00:00,200.0,17.9015,14.0015,15.968166,19.169209,15.013645,17.02102,41782.53,3602.7544,0.4,0.3,2.0,6.1305785,16.56,338.9624,5.07,0.9614083,789.84973,676.2123,2265511.2,1002171.94,276.0,273.99997,578.0,469.70993,99.0408,57
2025-02-27 16:00:00+00:00,200.0,21.8515,13.3015,17.07025,24.014744,13.722492,18.418797,41869.223,38405.543,0.0,0.0,0.0,9.931042,24.84,331.10135,17.24,2.8040862,806.92,694.6311,2307380.5,1040577.5,276.0,273.99997,578.0,486.94992,101.84489,58
2025-02-28 16:00:00+00:00,200.0,22.5515,14.5015,17.907753,24.833258,15.404076,19.673323,41956.094,21620.812,0.0,0.0,0.0,7.0911775,17.64,302.92468,12.63,2.2340684,824.82776,714.30444,2349336.5,1062198.2,276.0,273.99997,578.0,499.57993,104.07896,59
2025-03-01 16:00:00+00:00,200.0,23.8015,15.6015,18.941082,26.787985,16.960894,20.931135,42043.07,31687.656,0.0,0.0,0.0,9.387651,23.039999,320.94684,17.05,2.919634,843.76886,735.2356,2391379.5,1093885.9,276.0,273.99997,578.0,516.62994,106.99859,60
2025-03-02 16:00:00+00:00,200.0,26.4885,16.4515,20.172543,28.824333,17.970226,21.469797,42130.098,38281.367,0.0,0.0,0.0,17.068707,20.519999,53.623653,16.77,3.3148284,863.9414,756.7054,2433509.5,1132167.2,276.0,273.99997,578.0,533.39996,110.313416,61
2025-03-03 16:00:00+00:00,200.0,18.0885,14.3885,16.448915,17.786797,11.5711,15.241341,42217.094,16677.285,0.0,0.0,0.0,22.553936,26.64,59.358784,6.94,1.6547784,880.3903,771.9467,2475726.5,1148844.5,276.0,273.99997,578.0,540.33997,111.96819,62
2025-03-04 16:00:00+00:00,200.0,14.2885,12.7885,13.476002,12.304758,9.060445,11.38412,42304.0,0.0,3.2999995,2.3999999,15.0,23.863409,33.839996,73.07716,0.92,0.8770662,893.86633,783.3308,2518030.5,1148844.5,279.3,276.39996,593.0,541.25995,112.84526,63
2025-03-05 16:00:00+00:00,200.0,15.838499,12.7885,14.273917,13.708048,8.7427025,11.217877,42390.746,13881.604,0.3,0.3,3.0,26.437336,37.079998,86.896,4.67,1.7469634,908.14026,794.5487,2560421.2,1162726.1,279.59998,276.69995,596.0,545.92993,114.592224,64
2025-03-06 16:00:00+00:00,200.0,16.8385,14.688499,15.590584,16.764076,13.174019,15.338485,42477.27,5274.835,0.6,0.3,6.0,15.978484,26.28,19.890661,4.56,1.0593309,923.73083,809.8872,2602898.5,1168001.0,280.19998,276.99994,602.0,550.4899,115.65156,65
2025-03-07 16:00:00+00:00,200.0,15.4885,13.5885,14.538501,13.857759,11.803276,12.624927,42563.516,14.291611,0.6,0.6,6.0,19.592731,30.599998,64.70956,3.05,1.0821229,938.26935,822.51215,2645462.0,1168015.2,280.8,277.59995,608.0,553.5399,116.73368,66
2025-03-08 16:00:00+00:00,200.0,22.7885,14.188499,18.203083,22.456661,12.76763,17.5708,42650.035,39983.316,0.0,0.0,0.0,19.652176,29.519999,82.22342,21.69,3.7395566,956.4724,840.08295,2688112.0,1207998.6,280.8,277.59995,608.0,575.2299,120.473236,67
2025-03-09 16:00:00+00:00,200.0,24.6885,16.3885,19.342669,26.044317,17.610834,20.24972,42737.094,39085.49,0.0,0.0,0.0,9.931042,9.0,309.25125,17.15,3.10352,975.81506,860.33264,2730849.0,1247084.1,280.8,277.59995,608.0,592.37994,123.57676,68
2025-03-10 16:00:00+00:00,200.0,28.3885,18.9885,,29.02441,19.821001,,42824.637,,,,0.0,14.869351,14.759999,,,,,,2773673.8,,,,608.0,,,69
