date,elevation,temperature_2m_max,temperature_2m_min,temperature_2m_mean,apparent_temperature_max,apparent_temperature_min,apparent_temperature_mean,daylight_duration,sunshine_duration,precipitation_sum,rain_sum,precipitation_hours,wind_speed_10m_max,wind_gusts_10m_max,wind_direction_10m_dominant,shortwave_radiation_sum,et0_fao_evapotranspiration,cumulative_temperature_2m_mean,cumulative_apparent_temperature_mean,cumulative_daylight_duration,cumulative_sunshine_duration,cumulative_precipitation_sum,cumulative_rain_sum,cumulative_precipitation_hours,cumulative_shortwave_radiation_sum,cumulative_et0_fao_evapotranspiration,day
2025-01-01 16:00:00+00:00,767.0,15.4715,13.1715,14.517333,16.7137,13.7524395,15.628777,38484.04,0.0,20.499998,20.499998,24.0,4.1556225,16.199999,102.94267,1.41,0.37954363,14.517333,15.628777,38484.04,0.0,20.499998,20.499998,24.0,1.41,0.37954363,1
2025-01-02 16:00:00+00:00,767.0,15.071501,11.1715,13.465251,16.057804,10.751373,14.045326,38507.617,0.0,15.0,15.0,24.0,5.402999,28.08,69.42503,3.14,0.60904485,27.982584,29.674103,76991.66,0.0,35.5,35.5,48.0,4.55,0.98858845,2
2025-01-03 16:00:00+00:00,767.0,15.271501,10.521501,12.242335,14.592432,9.801667,11.739024,38532.918,30087.822,4.3,4.3,16.0,7.6409945,34.92,92.526085,11.91,1.8083507,40.22492,41.413128,115524.58,30087.822,39.8,39.8,64.0,16.46,2.7969391,3
2025-01-04 16:00:00+00:00,767.0,16.1715,10.771501,13.431919,16.879671,10.339385,13.661538,38559.934,32885.54,8.400001,8.400001,21.0,5.154415,28.08,170.85841,11.13,1.7626877,53.656837,55.074665,154084.52,62973.36,48.2,48.2,85.0,27.59,4.5596266,4
2025-01-05 16:00:00+00:00,767.0,14.9715,10.1715,12.881917,14.967991,9.71722,12.792076,38588.625,27581.617,3.9,3.9,16.0,7.69592,35.64,93.62646,8.88,1.358135,66.53876,67.866745,192673.14,90554.98,52.100002,52.100002,101.0,36.47,5.917762,5
2025-01-06 16:00:00+00:00,767.0,12.021501,8.7215,10.461083,11.251794,7.992505,10.059327,38618.984,10881.746,11.9,11.9,24.0,5.414979,23.4,110.69209,5.03,0.821383,76.99984,77.92607,231292.12,101436.72,64.0,64.0,125.0,41.5,6.739145,6
2025-01-07 16:00:00+00:00,767.0,14.821501,9.6215,12.00275,14.911186,9.442868,12.011327,38651.31,17208.27,10.599998,10.599998,24.0,5.634891,21.599998,104.26453,6.79,1.0699453,89.002594,89.9374,269943.44,118644.984,74.6,74.6,149.0,48.29,7.80909,7
2025-01-08 16:00:00+00:00,767.0,13.521501,7.5215,10.879833,13.378912,6.469866,10.446866,38685.723,14230.85,22.1,22.1,23.0,6.7469993,24.119999,79.67903,5.37,0.80968505,99.88243,100.38427,308629.16,132875.83,96.7,96.7,172.0,53.66,8.618775,8
2025-01-09 16:00:00+00:00,767.0,9.9215,7.6714997,9.075666,9.127378,6.6975775,8.239469,38722.145,0.0,26.700003,26.700003,24.0,5.937272,22.319998,95.31706,3.88,0.6154904,108.9581,108.62374,347351.3,132875.83,123.4,123.4,196.0,57.54,9.234265,9
2025-01-10 16:00:00+00:00,767.0,10.1715,7.6714997,8.938167,9.662125,6.611718,8.219643,38760.492,0.0,30.300001,30.300001,24.0,5.318383,23.759998,122.35226,2.73,0.50071394,117.89626,116.84338,386111.8,132875.83,153.7,153.7,220.0,60.27,9.73498,10
2025-01-11 16:00:00+00:00,767.0,11.2215,8.4215,9.611083,10.706142,7.591837,9.006824,38800.703,0.0,18.499998,18.499998,21.0,6.384293,24.84,121.92087,2.85,0.52167785,127.50735,125.850204,424912.5,132875.83,172.2,172.2,241.0,63.12,10.256658,11
2025-01-12 16:00:00+00:00,767.0,12.2215,7.0215,9.779834,11.335704,5.9615993,9.068212,38842.69,24291.738,3.8000002,3.8000002,17.0,5.3517847,22.319998,135.12993,6.81,1.0561599,137.28719,134.91841,463755.2,157167.56,176.0,176.0,258.0,69.93,11.312818,12
2025-01-13 16:00:00+00:00,767.0,16.7215,6.9715,12.5840025,16.660217,5.5489407,12.420021,38886.38,33531.957,1.8,1.8,10.0,6.7469993,25.919998,180.7979,12.65,1.9608005,149.87119,147.33844,502641.56,190699.52,177.8,177.8,268.0,82.58,13.273618,13
2025-01-14 16:00:00+00:00,767.0,14.1715,9.571501,12.4485855,14.931721,8.993116,12.594958,38931.703,2448.106,15.900001,15.900001,24.0,5.2323985,23.039999,59.858727,2.96,0.572909,162.31976,159.9334,541573.25,193147.62,193.7,193.7,292.0,85.54,13.846527,14
2025-01-15 16:00:00+00:00,767.0,10.521501,8.771501,9.469416,9.807203,8.066141,8.771938,38978.574,723.0709,16.099998,16.099998,24.0,6.1569467,21.96,111.46503,4.14,0.6737486,171.78918,168.70534,580551.8,193870.7,209.79999,209.79999,316.0,89.68,14.520276,15
2025-01-16 16:00:00+00:00,767.0,10.821501,8.1715,9.392333,9.69211,7.5630074,8.623767,39026.938,3505.8228,16.1,16.1,21.0,6.0908127,20.16,110.848015,4.41,0.72824013,181.18152,177.3291,619578.75,197376.53,225.9,225.9,337.0,94.09,15.248516,16
2025-01-17 16:00:00+00:00,767.0,13.821501,8.6215,11.175667,13.877703,7.983057,10.918537,39076.695,16457.535,9.9,9.9,23.0,6.6087217,23.759998,127.822845,6.06,0.9824011,192.35718,188.24763,658655.44,213834.06,235.79999,235.79999,360.0,100.149994,16.230917,17
2025-01-18 16:00:00+00:00,767.0,16.1215,11.4215,13.344417,17.067345,11.368459,13.752724,39127.793,20735.701,19.099998,19.099998,24.0,5.4833565,27.72,165.22537,7.84,1.2746956,205.7016,202.00037,697783.25,234569.77,254.9,254.9,384.0,107.98999,17.505613,18
2025-01-19 16:00:00+00:00,767.0,15.7215,10.9215,12.463168,16.183409,10.878842,12.592299,39180.152,19734.295,13.299999,13.299999,24.0,7.0911775,24.84,109.65391,6.74,1.1088185,218.16476,214.59267,736963.4,254304.06,268.19998,268.19998,408.0,114.72999,18.614431,19
2025-01-20 16:00:00+00:00,767.0,13.4715,10.021501,11.679833,12.962618,9.58739,11.365148,39233.707,15107.578,5.0,5.0,22.0,6.384293,24.119999,115.103714,6.38,1.0595244,229.8446,225.95781,776197.06,269411.62,273.19998,273.19998,430.0,121.109985,19.673956,20
2025-01-21 16:00:00+00:00,767.0,15.071501,10.8715,13.119418,15.392424,10.779768,13.230141,39288.38,29707.62,7.7999997,7.7999997,18.0,5.0142193,28.8,187.49573,9.03,1.4375278,242.96402,239.18796,815485.44,299119.25,280.99997,280.99997,448.0,130.13998,21.111485,21
2025-01-22 16:00:00+00:00,767.0,18.2215,9.321501,13.800668,19.324446,8.181881,14.1271515,39344.098,32882.934,12.299999,12.299999,24.0,6.1120534,30.239998,225.52075,12.57,2.0451176,256.76468,253.31511,854829.56,332002.2,293.29996,293.29996,472.0,142.70999,23.156603,22
2025-01-23 16:00:00+00:00,767.0,18.2215,13.8715,15.123585,19.67036,14.154358,15.747017,39400.797,31873.035,10.399999,10.399999,19.0,7.555712,34.92,107.74485,13.27,2.1003568,271.88828,269.06213,894230.4,363875.22,303.69995,303.69995,491.0,155.98,25.25696,23
2025-01-24 16:00:00+00:00,767.0,17.171501,10.7215,14.315251,17.489433,10.254847,14.683366,39458.41,28737.092,10.400001,10.400001,19.0,7.2805495,32.760002,75.44633,10.06,1.6389195,286.20352,283.7455,933688.8,392612.3,314.09995,314.09995,510.0,166.04,26.89588,24
2025-01-25 16:00:00+00:00,767.0,15.571501,11.071501,12.8652525,16.10378,11.07397,13.038827,39516.867,25511.344,23.1,23.1,24.0,6.66,28.08,102.26478,8.2,1.3140104,299.0688,296.78433,973205.7,418123.66,337.19995,337.19995,534.0,174.23999,28.20989,25
2025-01-26 16:00:00+00:00,767.0,11.571501,7.6714997,10.094416,11.827286,6.6975775,9.743226,39576.12,0.0,62.400005,62.400005,24.0,4.913044,25.56,101.493416,2.11,0.43801242,309.1632,306.52756,1012781.8,418123.66,399.59995,399.59995,558.0,176.34999,28.647903,26
2025-01-27 16:00:00+00:00,767.0,11.521501,6.8715,8.542333,10.21519,5.5066614,7.317899,39636.684,25395.82,7.9000006,7.9000006,21.0,7.4932766,30.960001,91.13725,10.32,1.4389459,317.70554,313.84546,1052418.5,443519.47,407.49994,407.49994,579.0,186.66998,30.08685,27
2025-01-28 16:00:00+00:00,767.0,11.271501,6.0215,8.456917,10.340992,4.603544,7.288719,39698.793,12822.305,9.0,9.0,24.0,7.5213294,24.119999,110.187454,6.16,0.91714513,326.16245,321.1342,1092117.2,456341.78,416.49994,416.49994,603.0,192.82999,31.003994,28
2025-01-29 16:00:00+00:00,767.0,13.8715,8.0715,10.823583,12.972839,7.3164635,10.168542,39762.367,15229.455,2.9999995,2.9999995,15.0,7.4520864,27.72,140.47461,7.52,1.2044941,336.98602,331.30273,1131879.6,471571.25,419.49994,419.49994,618.0,200.34999,32.20849,29
2025-01-30 16:00:00+00:00,767.0,16.1215,9.521501,12.446502,16.73792,8.564081,12.401054,39827.3,3504.4746,9.999999,9.999999,23.0,4.3349743,24.48,240.88878,3.95,0.7651379,349.43253,343.7038,1171706.9,475075.72,429.49994,429.49994,641.0,204.29999,32.973625,30
2025-01-31 16:00:00+00:00,767.0,18.0715,12.321501,14.94025,19.398159,12.416872,15.926702,39893.51,18785.568,19.2,19.2,24.0,4.6938257,26.64,203.0883,6.49,1.1829395,364.37277,359.6305,1211600.4,493861.28,448.69995,448.69995,665.0,210.79,34.156563,31
2025-02-01 16:00:00+00:00,767.0,16.2215,10.771501,14.1777525,17.488281,10.745487,15.042459,39960.918,0.0,23.9,23.9,24.0,5.95906,28.44,134.10138,4.48,0.8121561,378.55054,374.67294,1251561.2,493861.28,472.59995,472.59995,689.0,215.26999,34.96872,32
2025-02-02 16:00:00+00:00,767.0,13.271501,10.1715,11.713168,13.823841,9.803808,11.80648,40029.43,0.0,46.800003,46.800003,24.0,4.802999,25.199999,120.92817,2.94,0.5745949,390.2637,386.47943,1291590.6,493861.28,519.39996,519.39996,713.0,218.20999,35.543316,33
2025-02-03 16:00:00+00:00,767.0,10.6715,7.5215,8.944417,10.052439,6.367079,8.031768,40098.96,0.0,29.399998,29.399998,24.0,5.815978,22.319998,109.275116,3.82,0.6279153,399.20813,394.5112,1331689.6,493861.28,548.8,548.8,737.0,222.03,36.17123,34
2025-02-04 16:00:00+00:00,767.0,9.8715,6.9214997,8.544417,8.928087,5.579549,7.530028,40169.434,2583.4138,11.500001,11.500001,23.0,5.509882,24.48,134.74463,3.65,0.6178773,407.75253,402.04123,1371859.0,496444.7,560.3,560.3,760.0,225.68,36.78911,35
2025-02-05 16:00:00+00:00,767.0,13.8715,8.9215,11.415252,14.279644,8.280303,11.351642,40240.758,923.958,17.0,17.0,24.0,4.471107,24.84,147.61934,3.46,0.64981973,419.1678,413.39288,1412099.8,497368.66,577.3,577.3,784.0,229.14,37.438927,36
2025-02-06 16:00:00+00:00,767.0,15.6215,8.021501,11.031918,15.5131035,6.978135,10.405882,40312.86,13980.543,10.1,10.1,22.0,7.5685663,24.119999,64.187935,5.27,0.8645265,430.1997,423.79877,1452412.6,511349.2,587.39996,587.39996,806.0,234.41,38.30345,37
2025-02-07 16:00:00+00:00,767.0,8.4215,6.0215,7.286083,7.112444,4.551652,5.929184,40385.652,911.20404,15.800001,15.800001,24.0,5.896202,23.759998,99.629875,4.49,0.67112845,437.48578,429.72797,1492798.2,512260.4,603.19995,603.19995,830.0,238.90001,38.97458,38
2025-02-08 16:00:00+00:00,767.0,9.3715,6.3215,7.8610835,8.204357,5.238077,6.7583337,40459.062,0.0,13.299999,13.299999,24.0,6.4323244,22.68,110.00555,3.9,0.6272302,445.34686,436.4863,1533257.2,512260.4,616.49994,616.49994,854.0,242.8,39.60181,39
2025-02-09 16:00:00+00:00,767.0,12.6215,7.6215,10.26525,11.867615,6.92122,9.666244,40533.016,11325.824,5.9999995,5.9999995,24.0,5.7176566,23.4,130.27975,6.52,1.0479307,455.61212,446.15253,1573790.2,523586.22,622.49994,622.49994,878.0,249.32,40.649742,40
2025-02-10 16:00:00+00:00,767.0,17.5215,8.1215,12.9590025,17.320948,6.8800316,12.715332,40607.43,29659.064,1.3000002,1.3000002,12.0,7.4520864,29.16,195.40475,11.61,1.8938867,468.57114,458.86786,1614397.6,553245.3,623.7999,623.7999,890.0,260.93,42.54363,41
2025-02-11 16:00:00+00:00,767.0,16.6715,12.271501,14.565249,18.621359,12.242222,15.51286,40682.23,0.0,32.499996,32.499996,24.0,5.09435,24.84,224.78299,2.08,0.51057285,483.13638,474.3807,1655079.9,553245.3,656.2999,656.2999,914.0,263.00998,43.054203,42
2025-02-12 16:00:00+00:00,767.0,15.4215,11.521501,13.023585,16.209179,11.77339,13.458531,40757.348,0.0,43.499996,43.499996,24.0,5.728979,21.24,60.361717,1.87,0.44524547,496.15997,487.83923,1695837.2,553245.3,699.7999,699.7999,938.0,264.87997,43.499447,43
2025-02-13 16:00:00+00:00,767.0,15.571501,11.521501,13.473584,16.670763,11.8324795,14.134952,40832.71,0.0,4.8,4.8,23.0,5.3457265,20.880001,158.48604,4.23,0.79069376,509.63354,501.97418,1736670.0,553245.3,704.5999,704.5999,961.0,269.11,44.290142,44
2025-02-14 16:00:00+00:00,767.0,20.421501,10.6215,16.098583,22.425415,10.082813,17.166182,40908.242,25200.0,0.6,0.6,6.0,6.391901,24.119999,252.6209,13.38,2.3337944,525.7321,519.1404,1777578.2,578445.3,705.1999,705.1999,967.0,282.49,46.623936,45
2025-02-15 16:00:00+00:00,767.0,20.1215,12.6215,16.061083,21.763176,10.978733,16.201601,40983.887,30811.201,4.3,4.3,11.0,7.6409945,27.0,83.15783,15.03,2.6389766,541.7932,535.342,1818562.1,609256.5,709.4999,709.4999,978.0,297.52,49.262913,46
2025-02-16 16:00:00+00:00,767.0,13.077499,9.827499,11.487918,12.155134,8.874523,10.121571,41074.98,31465.633,0.70000005,0.0,4.0,12.429127,32.039997,79.63762,11.37,1.6534382,553.2811,545.46356,1859637.1,640722.1,710.1999,709.4999,982.0,308.88998,50.91635,47
2025-02-17 16:00:00+00:00,767.0,12.1775,9.6775,11.112915,11.014302,8.9107,9.989585,41151.785,1310.0258,2.3000002,0.4,18.0,13.324863,32.760002,74.21512,2.59,0.4777727,564.39404,555.4531,1900788.9,642032.1,712.4999,709.8999,1000.0,311.47998,51.394123,48
2025-02-18 16:00:00+00:00,767.0,11.9275,10.4275,11.0775,11.856119,9.223717,10.327111,41229.453,0.0,1.8000002,0.6,13.0,9.9571085,24.48,78.287544,1.49,0.38926035,575.47156,565.7802,1942018.4,642032.1,714.29987,710.4999,1013.0,312.96997,51.783382,49
2025-02-19 16:00:00+00:00,767.0,14.3775,11.7275,12.902499,14.335915,11.859045,12.959564,41307.918,9487.025,0.70000005,0.1,4.0,10.44,24.48,140.57219,4.83,0.7978951,588.3741,578.73975,1983326.2,651519.1,714.9999,710.59985,1017.0,317.79996,52.581276,50
2025-02-20 16:00:00+00:00,767.0,13.5275,10.9775,12.383748,13.690859,9.775373,11.704831,41387.098,0.0,2.2999997,0.0,14.0,12.413476,26.64,66.395874,2.68,0.5385351,600.7578,590.4446,2024713.4,651519.1,717.29987,710.59985,1031.0,320.47995,53.119812,51
2025-02-21 16:00:00+00:00,767.0,12.6275,10.6775,11.754581,12.457966,9.612191,11.282449,41466.926,0.0,1.3000001,0.6,7.0,9.726665,21.96,65.74455,1.2,0.3468607,612.5124,601.72705,2066180.2,651519.1,718.59985,711.1998,1038.0,321.67996,53.46667,52
2025-02-22 16:00:00+00:00,767.0,12.827499,10.6275,11.979583,12.335165,9.042977,11.007499,41547.33,0.0,1.5000002,0.2,14.0,12.641076,29.88,67.17521,2.44,0.52602386,624.49194,612.73456,2107727.5,651519.1,720.09985,711.39984,1052.0,324.11996,53.992695,53
2025-02-23 16:00:00+00:00,767.0,10.3775,8.1775,8.960834,8.60327,5.8584766,6.8782163,41628.24,0.0,2.5999997,0.1,24.0,13.084402,31.68,77.24105,1.16,0.34147748,633.45276,619.6128,2149355.8,651519.1,722.6998,711.4998,1076.0,325.27997,54.33417,54
2025-02-24 16:00:00+00:00,767.0,11.577499,8.1775,10.115,10.572211,6.3788815,9.041552,41709.586,5659.6826,0.2,0.0,2.0,10.464797,25.919998,106.9276,5.5,0.8188703,643.56775,628.65436,2191065.2,657178.8,722.89984,711.4998,1078.0,330.77997,55.15304,55
2025-02-25 16:00:00+00:00,767.0,14.1275,11.1775,12.477498,14.046625,10.167389,12.164571,41791.297,12146.518,0.0,0.0,0.0,6.6185193,16.56,90.00005,5.44,0.9368918,656.0452,640.8189,2232856.5,669325.3,722.89984,711.4998,1078.0,336.21997,56.089935,56
2025-02-26 16:00:00+00:00,767.0,16.0275,13.0275,14.260831,16.065365,12.903902,14.455223,41873.32,9669.459,0.0,0.0,0.0,7.8954163,19.8,108.43502,6.47,1.1392984,670.306,655.2741,2274729.8,678994.75,722.89984,711.4998,1078.0,342.68997,57.229233,57
2025-02-27 16:00:00+00:00,767.0,18.1275,14.1275,15.854584,18.882534,13.546343,16.116888,41955.58,32846.582,0.3,0.0,3.0,11.246759,26.64,189.51414,13.91,2.1779912,686.16064,671.391,2316685.2,711841.3,723.1998,711.4998,1081.0,356.59998,59.407223,58
2025-02-28 16:00:00+00:00,767.0,17.727499,14.9275,16.173334,18.314087,14.728308,16.704832,42038.008,22804.914,2.1,0.0,6.0,11.384198,26.64,198.88617,9.95,1.5948443,702.334,688.0958,2358723.2,734646.25,725.2998,711.4998,1087.0,366.55,61.002068,59
2025-03-01 16:00:00+00:00,767.0,23.068998,15.5275,18.44927,25.189941,16.65417,19.990168,42120.543,34210.254,1.2,0.0,9.0,11.808878,13.32,148.61304,18.75,3.254845,720.78326,708.086,2400843.8,768856.5,726.4998,711.4998,1096.0,385.3,64.25691,60
2025-03-02 16:00:00+00:00,767.0,22.469,16.219,18.404415,23.918472,16.135572,19.538738,42203.117,38443.04,0.0,0.0,0.0,11.753876,10.08,143.55548,15.21,2.6295109,739.1877,727.62476,2443046.8,807299.56,726.4998,711.4998,1096.0,400.50998,66.88642,61
2025-03-03 16:00:00+00:00,767.0,23.068998,16.068998,18.971083,25.157125,16.22278,19.930822,42285.67,39626.258,0.0,0.0,0.0,13.493999,12.599999,153.43492,22.01,3.7602859,758.15875,747.5556,2485332.5,846925.8,726.4998,711.4998,1096.0,422.52,70.646706,62
2025-03-04 16:00:00+00:00,767.0,22.869,13.369,16.989834,24.441349,13.3848,17.531319,42368.145,32856.19,0.6,0.3,6.0,11.753876,12.959999,74.85079,15.76,2.6976967,775.14856,765.0869,2527700.8,879782.0,727.0998,711.7998,1102.0,438.28,73.344406,63
2025-03-05 16:00:00+00:00,767.0,13.119,7.269,10.119,13.0495205,5.75119,9.02686,42450.47,0.0,6.8999996,6.8999996,15.0,8.557102,12.599999,72.27914,1.21,0.33378142,785.2676,774.1138,2570151.2,879782.0,733.9998,718.6998,1117.0,439.49,73.678185,64
2025-03-06 16:00:00+00:00,767.0,8.869,7.019,7.952333,6.9297733,5.3431005,6.281075,42532.582,7097.0703,0.0,0.0,0.0,8.699793,12.24,58.089546,4.62,0.7156551,793.2199,780.39484,2612683.8,886879.06,733.9998,718.6998,1117.0,444.11,74.39384,65
2025-03-07 16:00:00+00:00,767.0,10.269,8.019,8.944,8.6204195,6.645649,7.7348175,42614.43,6311.726,0.9000001,0.9000001,6.0,8.373386,10.440001,51.986633,4.78,0.7927059,802.16394,788.12964,2655298.2,893190.8,734.89984,719.59985,1123.0,448.88998,75.18655,66
2025-03-08 16:00:00+00:00,767.0,12.569,8.769,10.3565,11.287462,7.453005,9.345324,42696.543,39222.008,1.2,1.2,6.0,9.885262,12.24,70.25305,12.1,1.6206787,812.52045,797.475,2697994.8,932412.8,736.09985,720.79987,1129.0,460.99,76.80723,67
2025-03-09 16:00:00+00:00,767.0,17.219,7.8190002,,18.179813,4.9210167,,42779.164,,,,0.0,11.384199,6.4799995,,,,,,2740774.0,,,,1129.0,,,68
