date,elevation,temperature_2m_max,temperature_2m_min,temperature_2m_mean,apparent_temperature_max,apparent_temperature_min,apparent_temperature_mean,daylight_duration,sunshine_duration,precipitation_sum,rain_sum,precipitation_hours,wind_speed_10m_max,wind_gusts_10m_max,wind_direction_10m_dominant,shortwave_radiation_sum,et0_fao_evapotranspiration,cumulative_temperature_2m_mean,cumulative_apparent_temperature_mean,cumulative_daylight_duration,cumulative_sunshine_duration,cumulative_precipitation_sum,cumulative_rain_sum,cumulative_precipitation_hours,cumulative_shortwave_radiation_sum,cumulative_et0_fao_evapotranspiration,day
2025-01-01 16:00:00+00:00,1991.0,12.785,11.085,11.970418,12.878197,11.168285,12.158783,38724.707,339.8522,9.2,9.2,24.0,3.3092597,18.0,86.63364,2.73,0.58768547,11.970418,12.158783,38724.707,339.8522,9.2,9.2,24.0,2.73,0.58768547,1
2025-01-02 16:00:00+00:00,1991.0,12.085,8.635,10.799584,12.34096,7.490617,10.560575,38747.137,9640.348,5.8999996,5.8999996,24.0,4.503598,25.56,87.005806,3.85,0.7529504,22.770002,22.719357,77471.84,9980.2,15.099999,15.099999,48.0,6.58,1.3406358,2
2025-01-03 16:00:00+00:00,1991.0,13.135,6.585,9.41,11.966576,4.9220734,8.080104,38771.21,35861.062,0.5,0.5,5.0,5.4029994,26.64,89.780495,12.81,1.953579,32.18,30.799461,116243.055,45841.26,15.599999,15.599999,53.0,19.39,3.2942147,3
2025-01-04 16:00:00+00:00,1991.0,12.535,8.085,9.662085,11.101658,7.00811,8.641195,38796.918,35848.65,1.2,1.2,10.0,4.514377,30.599998,232.77902,11.27,1.7613161,41.842087,39.44066,155039.97,81689.91,16.8,16.8,63.0,30.66,5.0555305,4
2025-01-05 16:00:00+00:00,1991.0,14.085,5.885,9.516251,13.364994,4.40187,8.443365,38824.22,35838.01,0.5,0.5,5.0,3.0652895,34.2,55.840214,12.29,1.9811733,51.358337,47.884026,193864.19,117527.92,17.3,17.3,68.0,42.95,7.036704,5
2025-01-06 16:00:00+00:00,1991.0,12.235,6.135,8.899583,11.252951,4.475646,7.74721,38853.1,28961.74,1.5000002,1.5000002,12.0,3.536439,33.839996,87.98342,8.76,1.4207231,60.25792,55.631237,232717.28,146489.66,18.8,18.8,80.0,51.71,8.457427,6
2025-01-07 16:00:00+00:00,1991.0,12.685,5.735,8.8308325,11.763323,4.3149137,7.649334,38883.867,35822.06,1.6000001,1.6000001,8.0,2.36753,35.28,333.43503,12.86,1.9902998,69.08875,63.28057,271601.16,182311.72,20.4,20.4,88.0,64.57,10.447727,7
2025-01-08 16:00:00+00:00,1991.0,12.185,4.785,8.276668,10.966265,2.9035664,6.9897294,38916.605,28954.406,3.6999998,3.6999998,10.0,3.438895,36.36,58.799583,8.5,1.4096799,77.36542,70.2703,310517.75,211266.12,24.099998,24.099998,98.0,73.07,11.857407,8
2025-01-09 16:00:00+00:00,1991.0,8.735,5.485,6.6745834,7.703018,3.7991476,5.21477,38951.266,18921.412,9.899999,9.899999,24.0,4.3349743,27.0,92.98421,5.46,0.856138,84.04,75.48507,349469.0,230187.53,33.999996,33.999996,122.0,78.53,12.713545,9
2025-01-10 16:00:00+00:00,1991.0,8.335,5.235,6.3912506,7.1411104,3.6535826,5.079923,38987.758,24844.188,10.000001,10.000001,22.0,2.8174455,30.599998,134.67264,6.79,1.0403668,90.43125,80.564995,388456.75,255031.72,43.999996,43.999996,144.0,85.32,13.753912,10
2025-01-11 16:00:00+00:00,1991.0,10.835,3.335,6.818333,9.536333,1.1358428,5.198522,39026.023,35806.42,1.5000001,1.5000001,11.0,3.6179552,32.399998,88.07253,12.02,1.8011976,97.24959,85.76352,427482.78,290838.12,45.499996,45.499996,155.0,97.34,15.55511,11
2025-01-12 16:00:00+00:00,1991.0,13.185,2.785,7.799583,12.881622,0.65693283,6.4048705,39065.98,35805.797,0.5,0.5,5.0,3.964089,28.8,80.42381,15.27,2.32911,105.04917,92.16839,466548.75,326643.94,45.999996,45.999996,160.0,112.61,17.88422,12
2025-01-13 16:00:00+00:00,1991.0,14.685,4.185,9.56625,14.479528,2.437868,8.643346,39107.56,35806.5,0.8,0.8,6.0,2.9301877,31.319998,17.878775,15.85,2.4986918,114.61542,100.81174,505656.3,362450.44,46.799995,46.799995,166.0,128.46,20.382912,13
2025-01-14 16:00:00+00:00,1991.0,10.985,7.185,9.7995825,11.020715,5.847743,9.277078,39150.69,0.0,15.0,15.0,24.0,3.7971036,28.08,66.037476,2.12,0.48806185,124.415,110.08881,544807.0,362450.44,61.799995,61.799995,190.0,130.58,20.870974,14
2025-01-15 16:00:00+00:00,1991.0,9.535,5.885,7.276668,8.574849,4.6069946,6.061916,39195.305,24124.055,4.599999,4.599999,22.0,3.4199998,32.760002,100.304794,7.79,1.2087221,131.69167,116.15073,584002.3,386574.5,66.399994,66.399994,212.0,138.37,22.079697,15
2025-01-16 16:00:00+00:00,1991.0,11.685,3.535,7.7287498,10.689913,1.5649385,6.253834,39241.33,32010.115,1.2000002,1.2000002,11.0,4.5322843,24.84,88.90728,11.08,1.7088794,139.42041,122.40456,623243.6,418584.62,67.59999,67.59999,223.0,149.45,23.788576,16
2025-01-17 16:00:00+00:00,1991.0,9.735,5.335,7.899584,9.158976,3.6568742,6.7274776,39288.695,24969.318,2.3999999,2.3999999,9.0,2.7943513,28.08,85.77785,7.57,1.216091,147.31999,129.13203,662532.3,443553.94,69.99999,69.99999,232.0,157.02,25.004667,17
2025-01-18 16:00:00+00:00,1991.0,13.785,7.885,10.235,12.836597,6.7551003,9.467504,39337.332,35829.96,4.1,4.1,17.0,4.3536186,33.48,251.01222,11.49,1.8405541,157.555,138.59953,701869.6,479383.9,74.09999,74.09999,249.0,168.51001,26.84522,18
2025-01-19 16:00:00+00:00,1991.0,13.835,5.585,9.2475,13.369577,4.2069855,8.168462,39387.168,35838.688,2.1000004,2.1000004,13.0,3.143565,38.519997,226.50737,13.87,2.182255,166.80249,146.76799,741256.8,515222.6,76.19999,76.19999,262.0,182.38,29.027475,19
2025-01-20 16:00:00+00:00,1991.0,12.635,5.985,8.845418,11.913237,4.3516808,7.596251,39438.145,35754.75,0.9000001,0.9000001,6.0,3.8141315,26.64,102.24783,12.84,1.9955076,175.6479,154.36424,780694.94,550977.4,77.09999,77.09999,268.0,195.22,31.022984,20
2025-01-21 16:00:00+00:00,1991.0,11.585,6.835,8.757916,10.584202,5.4595833,7.6586843,39490.184,32666.17,1.2,1.2,7.0,3.9640884,30.960001,187.23674,8.4,1.3365026,184.40582,162.02293,820185.1,583643.56,78.29999,78.29999,275.0,203.62,32.359486,21
2025-01-22 16:00:00+00:00,1991.0,15.185,6.685,10.555833,14.666145,5.152664,9.750353,39543.227,35876.535,6.2000003,6.2000003,10.0,4.5820518,35.64,285.9032,14.24,2.2817378,194.96165,171.77328,859728.4,619520.1,84.499985,84.499985,285.0,217.86,34.641224,22
2025-01-23 16:00:00+00:00,1991.0,15.485,8.035,11.126666,15.398767,7.166031,10.577805,39597.207,35887.227,2.4999995,2.4999995,12.0,3.9518096,36.36,220.97159,13.32,2.193137,206.08832,182.35109,899325.56,655407.4,86.999985,86.999985,297.0,231.18,36.834362,23
2025-01-24 16:00:00+00:00,1991.0,14.685,7.935,10.5725,14.158365,7.1710205,9.900803,39652.06,35324.117,3.3,3.3,14.0,2.6758924,37.8,233.36577,13.46,2.2001293,216.66081,192.25189,938977.6,690731.5,90.29999,90.29999,311.0,244.64,39.034492,24
2025-01-25 16:00:00+00:00,1991.0,12.435,7.535,9.341251,11.1526165,6.6330395,8.435327,39707.715,27652.137,5.6,5.6,21.0,2.907989,30.599998,230.64824,9.55,1.5632508,226.00206,200.68723,978685.3,718383.6,95.89999,95.89999,332.0,254.19,40.597744,25
2025-01-26 16:00:00+00:00,1991.0,8.135,4.285,6.372501,7.2333965,2.469387,5.080709,39764.12,2689.882,13.500002,13.500002,24.0,3.2599385,29.519999,108.88615,3.26,0.61445415,232.37456,205.76793,1018449.44,721073.5,109.39999,109.39999,356.0,257.45,41.212196,26
2025-01-27 16:00:00+00:00,1991.0,8.135,3.835,5.612083,6.793971,1.7733688,3.8719585,39821.79,34735.047,2.0000002,2.0000002,11.0,3.964089,33.48,98.28363,9.53,1.4070514,237.98663,209.6399,1058271.2,755808.56,111.39999,111.39999,367.0,266.98,42.619247,27
2025-01-28 16:00:00+00:00,1991.0,8.585,4.335,6.00375,7.377035,2.4243083,4.3968363,39880.926,27451.848,3.3,3.3,21.0,4.143911,31.319998,97.04908,9.07,1.3706969,243.99039,214.03673,1098152.1,783260.44,114.69999,114.69999,388.0,276.05002,43.989944,28
2025-01-29 16:00:00+00:00,1991.0,11.835,3.035,7.3704166,10.51058,1.018064,5.8148274,39941.457,36131.44,1.6000003,1.6000003,13.0,3.244996,30.599998,88.025116,14.36,2.1565988,251.36081,219.85156,1138093.6,819391.9,116.29999,116.29999,401.0,290.41,46.14654,29
2025-01-30 16:00:00+00:00,1991.0,12.335,6.835,9.366251,12.021555,5.446184,8.595161,40003.29,16214.871,21.6,21.6,22.0,4.4274144,28.44,94.11812,4.74,0.83853865,260.72705,228.44672,1178096.9,835606.75,137.9,137.9,423.0,295.15,46.98508,30
2025-01-31 16:00:00+00:00,1991.0,15.885,10.285,12.735001,16.435408,9.856063,12.965522,40066.344,32980.68,11.300001,11.300001,22.0,3.710795,32.760002,153.68196,10.21,1.750595,273.46204,241.41223,1218163.2,868587.44,149.2,149.2,445.0,305.36,48.735676,31
2025-02-01 16:00:00+00:00,1991.0,16.485,10.635,12.855835,16.167833,10.250061,12.773701,40130.53,36000.0,4.3,4.3,19.0,4.6730714,51.48,246.0228,12.7,2.1421974,286.31787,254.18593,1258293.8,904587.44,153.5,153.5,464.0,318.06,50.877872,32
2025-02-02 16:00:00+00:00,1991.0,13.285,7.135,10.239166,12.255062,5.9544954,9.48519,40195.773,31940.85,5.4000006,5.4000006,24.0,3.8939953,39.239998,218.0657,10.4,1.7008488,296.55704,263.6711,1298489.5,936528.3,158.9,158.9,488.0,328.46,52.57872,33
2025-02-03 16:00:00+00:00,1991.0,7.535,5.235,6.3641677,6.541507,3.4269533,4.9019246,40261.992,4325.2295,7.1,7.1,23.0,3.7064266,26.64,110.26151,4.89,0.81526494,302.9212,268.57303,1338751.5,940853.56,166.0,166.0,511.0,333.35,53.393986,34
2025-02-04 16:00:00+00:00,1991.0,9.185,4.135,6.574583,7.6897793,2.3480535,5.036732,40329.11,35209.227,4.2000003,4.2000003,16.0,3.550155,38.88,196.20909,11.15,1.6087961,309.4958,273.60977,1379080.6,976062.8,170.2,170.2,527.0,344.5,55.00278,35
2025-02-05 16:00:00+00:00,1991.0,12.735,6.285,8.935,11.475245,5.0730753,7.924467,40397.04,31191.283,3.8000007,3.8000007,15.0,3.710795,32.760002,170.07382,10.74,1.7061293,318.4308,281.53424,1419477.6,1007254.1,174.0,174.0,542.0,355.24,56.70891,36
2025-02-06 16:00:00+00:00,1991.0,14.435,6.485,9.920417,14.076033,5.1723356,9.01648,40465.707,36084.51,3.7,3.7,12.0,4.143911,38.519997,104.42083,13.96,2.2773058,328.3512,290.55072,1459943.4,1043338.6,177.7,177.7,554.0,369.19998,58.986217,37
2025-02-07 16:00:00+00:00,1991.0,9.435,5.135,6.9266667,8.901539,3.3937626,5.6050134,40535.047,35166.73,6.1999993,6.1999993,24.0,4.1556225,34.56,94.02581,9.6,1.4838841,335.27786,296.15573,1500478.4,1078505.4,183.9,183.9,578.0,378.8,60.4701,38
2025-02-08 16:00:00+00:00,1991.0,9.935,5.185,7.1037498,9.126486,3.6051316,5.700926,40604.973,28102.725,3.3999999,3.3999999,22.0,4.6730714,30.960001,97.9695,9.93,1.533069,342.38162,301.85666,1541083.4,1106608.1,187.29999,187.29999,600.0,388.72998,62.00317,39
2025-02-09 16:00:00+00:00,1991.0,13.935,4.785,8.912085,13.7358,2.9253626,7.796438,40675.418,36280.133,0.9000001,0.9000001,9.0,4.060985,36.0,61.882214,15.65,2.4621482,351.2937,309.6531,1581758.8,1142888.2,188.19998,188.19998,609.0,404.37997,64.46532,40
2025-02-10 16:00:00+00:00,1991.0,15.185,6.335,10.749584,15.280933,4.875408,10.051541,40746.305,36164.63,0.7,0.7,6.0,3.9966483,27.72,108.81199,14.46,2.3687959,362.04327,319.70465,1622505.0,1179052.9,188.89998,188.89998,615.0,418.83997,66.834114,41
2025-02-11 16:00:00+00:00,1991.0,12.985,11.185,12.285,13.498516,11.217237,12.609147,40817.56,0.0,37.000004,37.000004,24.0,3.9966483,35.28,118.37268,1.85,0.477751,374.32828,332.3138,1663322.5,1179052.9,225.89998,225.89998,639.0,420.68997,67.31187,42
2025-02-12 16:00:00+00:00,1991.0,14.235,11.085,12.382916,14.972824,10.962449,12.563099,40889.125,0.0,52.699997,52.699997,24.0,4.6834598,37.079998,84.92581,2.89,0.6225659,386.71118,344.87692,1704211.6,1179052.9,278.59998,278.59998,663.0,423.58,67.93443,43
2025-02-13 16:00:00+00:00,1991.0,12.722,9.5720005,11.524083,12.23988,9.003026,11.243377,40944.996,0.0,21.2,20.9,11.0,7.0911775,43.92,249.51956,2.6,0.5471469,398.23526,356.1203,1745156.6,1179052.9,299.8,299.49997,674.0,426.18,68.48158,44
2025-02-14 16:00:00+00:00,1991.0,16.921999,9.422,12.536584,17.350904,8.080302,11.76723,41017.395,37026.453,0.0,0.0,0.0,12.074766,61.920002,250.8155,18.68,2.868347,410.77185,367.88754,1786174.0,1216079.4,299.8,299.49997,674.0,444.86,71.34993,45
2025-02-15 16:00:00+00:00,1991.0,18.172,8.222,12.247002,16.878414,5.424466,9.891097,41089.906,38023.117,0.0,0.0,0.0,13.556282,61.199997,247.52426,22.79,3.9130747,423.01886,377.77863,1827263.9,1254102.5,299.8,299.49997,674.0,467.65,75.26301,46
2025-02-16 16:00:00+00:00,1991.0,16.972,6.672,10.807418,16.885324,4.0285807,8.644553,41163.074,37310.426,0.0,0.0,0.0,12.074766,60.120003,242.31175,21.67,3.5340474,433.82626,386.4232,1868427.0,1291412.9,299.8,299.49997,674.0,489.32,78.79706,47
2025-02-17 16:00:00+00:00,1991.0,13.8220005,6.122,9.434501,13.112026,3.124282,7.641496,41237.137,36080.254,0.0,0.0,0.0,12.964998,56.16,251.51364,19.13,2.7975347,443.26077,394.0647,1909664.1,1327493.1,299.8,299.49997,674.0,508.45,81.59459,48
2025-02-18 16:00:00+00:00,1991.0,13.172,5.422,9.272,12.268024,3.6065516,7.9030404,41312.047,37028.562,0.0,0.0,0.0,10.805999,46.8,249.48656,18.35,2.6398075,452.53278,401.96774,1950976.1,1364521.8,299.8,299.49997,674.0,526.8,84.2344,49
2025-02-19 16:00:00+00:00,1991.0,13.5720005,5.222,9.0303335,12.581322,3.081355,7.4991317,41387.715,36668.094,0.0,0.0,0.0,9.178235,39.96,246.54759,16.69,2.4792578,461.5631,409.4669,1992363.9,1401189.9,299.8,299.49997,674.0,543.49,86.71365,50
2025-02-20 16:00:00+00:00,1991.0,13.0720005,6.372,9.619918,11.5821,4.832059,8.202241,41464.086,36008.184,0.0,0.0,0.0,10.799999,49.32,256.4295,13.63,2.020748,471.183,417.66913,2033828.0,1437198.0,299.8,299.49997,674.0,557.12,88.7344,51
2025-02-21 16:00:00+00:00,1991.0,14.722,5.172,9.6345,14.380285,3.1651216,8.303544,41541.074,36610.87,0.0,0.0,0.0,8.287822,42.12,234.7822,15.05,2.3701408,480.8175,425.9727,2075369.1,1473808.9,299.8,299.49997,674.0,572.17,91.10454,52
2025-02-22 16:00:00+00:00,1991.0,12.8220005,6.572,9.4157505,11.218872,4.791748,8.039121,41618.62,32462.244,0.0,0.0,0.0,9.3876505,52.56,260.43335,12.35,1.8436178,490.23325,434.0118,2116987.8,1506271.1,299.8,299.49997,674.0,584.51996,92.94816,53
2025-02-23 16:00:00+00:00,1991.0,12.872,6.422,8.867834,11.472222,4.8139086,7.463014,41696.66,38620.074,0.0,0.0,0.0,9.746631,48.6,274.12744,15.12,2.164751,499.10107,441.47482,2158684.5,1544891.2,299.8,299.49997,674.0,599.63995,95.11291,54
2025-02-24 16:00:00+00:00,1991.0,13.022,4.122,8.769917,12.747545,2.2181973,7.535858,41775.125,27993.656,0.0,0.0,0.0,6.2145634,35.28,217.95427,14.09,2.123191,507.871,449.01068,2200459.5,1572884.9,299.8,299.49997,674.0,613.73,97.2361,55
2025-02-25 16:00:00+00:00,1991.0,13.522,5.622,9.41575,13.304157,3.4969096,8.317891,41853.945,22081.248,0.0,0.0,0.0,6.489992,28.08,126.66264,10.59,1.7409666,517.28674,457.32858,2242313.5,1594966.1,299.8,299.49997,674.0,624.32,98.977066,56
2025-02-26 16:00:00+00:00,1991.0,16.3585,7.672,10.855229,15.657677,6.4920597,10.082313,41933.055,28429.893,0.3,0.0,3.0,5.1544156,35.28,183.28918,9.63,1.6560347,528.14197,467.4109,2284246.5,1623396.0,300.09998,299.49997,677.0,633.95,100.6331,57
2025-02-27 16:00:00+00:00,1991.0,18.3585,7.5084996,12.212668,19.67287,6.269161,11.72744,42012.402,39374.242,0.0,0.0,0.0,6.28713,9.0,188.23553,24.12,3.9077854,540.3546,479.13834,2326259.0,1662770.2,300.09998,299.49997,677.0,658.07,104.540886,58
2025-02-28 16:00:00+00:00,1991.0,18.508501,9.0085,12.396001,18.238476,6.4687366,11.279697,42091.914,37172.023,3.3000002,2.1,9.0,6.6087217,14.04,274.57382,13.32,2.2930295,552.7506,490.41803,2368351.0,1699942.2,303.39996,301.59998,686.0,671.39,106.833916,59
2025-03-01 16:00:00+00:00,1991.0,15.9585,10.5085,12.5980835,15.976789,9.068598,11.948303,42171.527,39197.246,4.5,1.8,15.0,9.504273,15.119999,278.0046,12.43,1.9871228,565.3487,502.36633,2410522.5,1739139.5,307.89996,303.39996,701.0,683.82,108.82104,60
2025-03-02 16:00:00+00:00,1991.0,19.1585,9.3085,13.087668,20.853865,7.633919,12.613032,42251.188,39620.13,0.3,0.0,3.0,9.659814,16.199999,271.6365,24.15,3.9584105,578.43634,514.9794,2452773.8,1778759.6,308.19995,303.39996,704.0,707.97003,112.77945,61
2025-03-03 16:00:00+00:00,1991.0,13.9585,8.658501,10.716832,13.581886,7.857547,10.039396,42330.824,30284.258,0.0,0.0,0.0,4.3349743,11.5199995,251.3282,9.54,1.6164162,589.1532,525.01874,2495104.5,1809043.9,308.19995,303.39996,704.0,717.51,114.39587,62
2025-03-04 16:00:00+00:00,1991.0,9.2585,6.8085,7.9209995,8.072171,5.1741724,6.6558595,42410.387,26296.342,0.0,0.0,0.0,5.0528407,5.3999996,103.970505,6.89,1.075914,597.0742,531.6746,2537515.0,1835340.2,308.19995,303.39996,704.0,724.4,115.47178,63
2025-03-05 16:00:00+00:00,1991.0,7.9084997,5.9084997,6.566833,6.8365726,4.2341175,5.2234883,42489.8,0.0,2.1,2.1,9.0,3.9763298,6.8399997,105.94549,2.3,0.49674743,603.64105,536.89813,2580004.8,1835340.2,310.29996,305.49997,713.0,726.7,115.96853,64
2025-03-06 16:00:00+00:00,1991.0,7.5585,5.4084997,6.462667,6.3534546,3.7006702,5.1160984,42569.01,0.0,0.0,0.0,0.0,3.671294,5.04,124.10132,2.43,0.5223154,610.1037,542.0142,2622573.8,1835340.2,310.29996,305.49997,713.0,729.13,116.490845,65
