date,elevation,temperature_2m_max,temperature_2m_min,temperature_2m_mean,apparent_temperature_max,apparent_temperature_min,apparent_temperature_mean,daylight_duration,sunshine_duration,precipitation_sum,rain_sum,precipitation_hours,wind_speed_10m_max,wind_gusts_10m_max,wind_direction_10m_dominant,shortwave_radiation_sum,et0_fao_evapotranspiration,cumulative_temperature_2m_mean,cumulative_apparent_temperature_mean,cumulative_daylight_duration,cumulative_sunshine_duration,cumulative_precipitation_sum,cumulative_rain_sum,cumulative_precipitation_hours,cumulative_shortwave_radiation_sum,cumulative_et0_fao_evapotranspiration,day
2025-01-01 16:00:00+00:00,2160.0,10.904,9.204,9.887334,10.252103,8.207611,9.082844,38386.67,0.0,14.300003,14.300003,23.0,5.0432134,36.719997,180.98773,1.41,0.4007548,9.887334,9.082844,38386.67,0.0,14.300003,14.300003,23.0,1.41,0.4007548,1
2025-01-02 16:00:00+00:00,2160.0,10.604,6.6540003,8.589417,9.494093,4.2605686,7.1231365,38410.707,11482.747,2.5999997,2.5999997,20.0,6.8423676,37.079998,121.29846,4.82,0.89301515,18.476751,16.20598,76797.375,11482.747,16.900003,16.900003,43.0,6.23,1.29377,2
2025-01-03 16:00:00+00:00,2160.0,12.504,5.104,8.345668,10.907247,2.7036638,6.244526,38436.51,34429.8,0.6,0.6,6.0,6.198903,26.28,131.12134,12.44,1.9516809,26.822418,22.450506,115233.89,45912.547,17.500004,17.500004,49.0,18.67,3.245451,3
2025-01-04 16:00:00+00:00,2160.0,9.404,6.004,7.391501,6.7747593,4.318016,5.509905,38464.06,31573.322,2.4999995,2.4999995,18.0,9.761578,46.8,241.82852,9.68,1.370033,34.21392,27.960411,153697.95,77485.87,20.000004,20.000004,67.0,28.35,4.615484,4
2025-01-05 16:00:00+00:00,2160.0,11.354,3.604,7.289417,8.853205,1.5447731,5.0706887,38493.316,35415.586,1.1,1.1,6.0,5.402999,40.68,199.2012,12.43,1.8739421,41.503338,33.0311,192191.27,112901.45,21.100004,21.100004,73.0,40.78,6.4894266,5
2025-01-06 16:00:00+00:00,2160.0,9.754,3.8040001,6.5123334,7.3519115,0.9715495,4.0131726,38524.27,32442.516,2.1000001,2.1000001,18.0,8.53815,55.8,186.82521,6.98,1.164777,48.01567,37.044273,230715.53,145343.97,23.200005,23.200005,91.0,47.76,7.6542034,6
2025-01-07 16:00:00+00:00,2160.0,9.654,4.554,6.7602506,6.9715633,2.6814456,4.515275,38557.234,34704.875,1.3000002,1.3000002,13.0,8.211235,48.6,209.27515,10.07,1.4866172,54.77592,41.559547,269272.75,180048.84,24.500004,24.500004,104.0,57.829998,9.1408205,7
2025-01-08 16:00:00+00:00,2160.0,8.904,2.704,5.5415,5.903549,0.35702705,3.1625688,38592.32,23741.242,4.1,4.1,15.0,9.109138,51.12,189.11261,7.37,1.1467721,60.31742,44.722115,307865.06,203790.1,28.600004,28.600004,119.0,65.2,10.287593,8
2025-01-09 16:00:00+00:00,2160.0,6.254,2.8040001,4.254,4.1148453,0.3924408,1.8246008,38629.453,17492.588,6.3999996,6.3999996,24.0,6.5049515,42.12,119.55078,5.55,0.87117916,64.57142,46.546715,346494.5,221282.69,35.000004,35.000004,143.0,70.75,11.158772,9
2025-01-10 16:00:00+00:00,2160.0,5.804,3.0540001,4.051916,3.2804246,0.66090965,1.5924463,38668.555,26469.512,11.0,11.0,24.0,6.489992,49.68,188.21576,5.78,0.84536016,68.62334,48.13916,385163.06,247752.2,46.000004,46.000004,167.0,76.53,12.004132,10
2025-01-11 16:00:00+00:00,2160.0,8.104,2.354,4.783167,5.5384417,0.027769089,2.2339153,38709.555,32394.746,3.1999993,3.1999993,21.0,5.5596404,45.719997,177.67848,7.8,1.2084959,73.4065,50.373077,423872.62,280146.94,49.200005,49.200005,188.0,84.33,13.212628,11
2025-01-12 16:00:00+00:00,2160.0,11.204,1.1539999,6.420667,8.885007,-1.8390882,3.959171,38752.363,35677.605,0.5,0.5,5.0,5.495161,41.760002,148.04776,9.11,1.4855843,79.82717,54.33225,462625.0,315824.53,49.700005,49.700005,193.0,93.44,14.698213,12
2025-01-13 16:00:00+00:00,2160.0,12.354,3.154,7.9289994,10.454305,1.2207503,6.07822,38796.914,35174.598,1.3000001,1.3000001,4.0,6.0721655,46.8,220.18933,13.19,2.0174258,87.75617,60.41047,501421.9,350999.12,51.000004,51.000004,197.0,106.630005,16.71564,13
2025-01-14 16:00:00+00:00,2160.0,7.554,3.954,6.287333,6.2613106,1.3236394,4.6520753,38843.12,3661.1106,9.500002,9.500002,24.0,6.341009,41.399998,98.619705,3.29,0.5813986,94.0435,65.062546,540265.0,354660.25,60.500008,60.500008,221.0,109.920006,17.297037,14
2025-01-15 16:00:00+00:00,2160.0,8.954,3.654,5.408167,6.6285667,1.3004265,3.0902026,38890.914,31378.895,2.9,2.9,24.0,5.815978,45.0,167.25177,7.2,1.1203989,99.45167,68.15275,579155.94,386039.16,63.40001,63.40001,245.0,117.12,18.417437,15
2025-01-16 16:00:00+00:00,2160.0,10.504,3.404,6.595667,8.372936,0.7060523,4.2716994,38940.215,32856.58,2.8999991,2.8999991,18.0,5.3517847,38.519997,150.45506,7.94,1.3317517,106.04733,72.424446,618096.1,418895.75,66.30001,66.30001,263.0,125.060005,19.749187,16
2025-01-17 16:00:00+00:00,2160.0,9.654,5.1540003,6.8560834,6.9611883,3.1233182,4.8504004,38990.95,23967.152,2.6000001,2.6000001,15.0,7.689603,52.199997,221.41783,7.07,1.1444248,112.90342,77.27485,657087.06,442862.9,68.90001,68.90001,278.0,132.13,20.893612,17
2025-01-18 16:00:00+00:00,2160.0,9.954,5.6540003,7.0415,7.916995,3.8641653,5.2255783,39043.047,33785.336,4.5999994,4.5999994,22.0,7.5019197,47.519997,234.51163,9.38,1.337149,119.944916,82.50043,696130.1,476648.25,73.50001,73.50001,300.0,141.51001,22.23076,18
2025-01-19 16:00:00+00:00,2160.0,10.754,3.5040002,6.626917,8.306162,1.1157284,4.338734,39096.43,33623.066,2.1000001,2.1000001,16.0,7.44121,46.44,196.62921,8.97,1.4307022,126.57183,86.839165,735226.56,510271.3,75.600006,75.600006,316.0,150.48001,23.661463,19
2025-01-20 16:00:00+00:00,2160.0,11.604,3.454,7.420666,9.552402,0.72613096,5.1901946,39151.023,31657.041,0.90000004,0.90000004,8.0,5.2323985,29.519999,153.10703,9.19,1.5248432,133.9925,92.02936,774377.56,541928.4,76.50001,76.50001,324.0,159.67001,25.186306,20
2025-01-21 16:00:00+00:00,2160.0,9.804,5.254,7.1769166,7.168,3.660698,5.226129,39206.76,35747.95,1.1,1.1,10.0,9.0,49.32,222.42514,11.45,1.6405237,141.1694,97.255486,813584.3,577676.3,77.600006,77.600006,334.0,171.12001,26.82683,21
2025-01-22 16:00:00+00:00,2160.0,11.054,4.854,7.4790006,9.102208,2.9701633,5.6112685,39263.562,35762.746,0.8000001,0.8000001,8.0,8.626865,57.239998,231.62743,13.62,1.9619315,148.6484,102.86675,852847.9,613439.06,78.40001,78.40001,342.0,184.74,28.788761,22
2025-01-23 16:00:00+00:00,2160.0,12.604,4.804,8.237333,10.775322,2.5073748,6.2915382,39321.37,35432.25,1.4000001,1.4000001,11.0,8.604301,51.12,207.39226,14.09,2.1370552,156.88574,109.158295,892169.25,648871.3,79.80001,79.80001,353.0,198.83,30.925816,23
2025-01-24 16:00:00+00:00,2160.0,12.254,5.054,8.3415,10.392724,3.1243463,6.6227508,39380.105,35652.098,1.5000002,1.5000002,10.0,4.613762,38.16,172.28825,12.43,1.9212034,165.22725,115.781044,931549.4,684523.44,81.30001,81.30001,363.0,211.26001,32.84702,24
2025-01-25 16:00:00+00:00,2160.0,10.504,3.704,7.0227504,8.150034,1.591897,5.1168284,39439.695,33607.59,4.0000005,4.0000005,21.0,6.2613096,39.96,237.887,11.39,1.6908172,172.25,120.89787,970989.06,718131.0,85.30001,85.30001,384.0,222.65001,34.537838,25
2025-01-26 16:00:00+00:00,2160.0,3.5040002,0.254,1.7810836,1.1548381,-3.099219,-0.7097977,39500.098,8539.903,17.300001,12.9,24.0,5.506941,40.32,39.625565,3.07,0.49729195,174.03108,120.18807,1010489.2,726670.9,102.60001,98.20001,408.0,225.72002,35.03513,26
2025-01-27 16:00:00+00:00,2160.0,7.454,-1.696,2.37275,5.076869,-5.34824,-0.75316405,39561.836,35858.156,1.3000001,1.3000001,12.0,5.5887027,34.92,112.71842,14.46,1.9631243,176.40384,119.434906,1050051.0,762529.0,103.90002,99.500015,420.0,240.18002,36.998253,27
2025-01-28 16:00:00+00:00,2160.0,7.6540003,-0.346,3.4769166,4.531147,-3.5894225,0.4826685,39625.152,35881.875,1.4000002,1.4000002,13.0,5.815978,41.760002,165.96368,10.44,1.5157778,179.88075,119.91757,1089676.1,798410.9,105.30002,100.90002,433.0,250.62003,38.51403,28
2025-01-29 16:00:00+00:00,2160.0,10.404,2.604,6.006084,8.067596,0.28197002,3.7076712,39689.95,35252.188,0.4,0.4,4.0,5.020677,37.44,154.82648,11.25,1.702976,185.88684,123.625244,1129366.1,833663.06,105.70002,101.30002,437.0,261.87003,40.217007,29
2025-01-30 16:00:00+00:00,2160.0,9.954,3.5040002,6.962335,8.8438,1.2815747,5.4160676,39756.145,7592.4272,4.7000003,4.7000003,17.0,3.2846913,43.56,121.11874,4.83,0.88223416,192.84918,129.0413,1169122.2,841255.5,110.40002,106.000015,454.0,266.7,41.09924,30
2025-01-31 16:00:00+00:00,2160.0,12.704,8.104,10.118583,12.350924,7.3590107,9.565622,39823.637,26501.227,11.299999,11.299999,23.0,3.536439,49.32,178.6361,7.86,1.3554075,202.96776,138.60693,1208945.9,867756.75,121.70001,117.30002,477.0,274.56,42.454647,31
2025-02-01 16:00:00+00:00,2160.0,11.554,7.504,9.545667,9.505409,5.7508383,8.044391,39892.348,19546.984,4.0,4.0,23.0,8.893166,64.799995,230.17412,6.4,1.127479,212.51343,146.65132,1248838.2,887303.75,125.70001,121.30002,500.0,280.96,43.582127,32
2025-02-02 16:00:00+00:00,2160.0,7.454,3.904,5.9206676,5.768096,1.6731834,4.1204276,39962.18,10781.316,11.599999,11.599999,24.0,5.441838,46.079998,212.77031,4.83,0.77994037,218.4341,150.77174,1288800.4,898085.06,137.30002,132.90002,524.0,285.78998,44.36207,33
2025-02-03 16:00:00+00:00,2160.0,6.604,2.0540001,4.031084,4.754636,-0.80751395,1.5691857,40033.05,12497.922,7.799999,7.799999,24.0,6.3231,35.28,125.676476,5.49,0.9002318,222.46518,152.34093,1328833.4,910583.0,145.10002,140.70003,548.0,291.27997,45.2623,34
2025-02-04 16:00:00+00:00,2160.0,6.704,3.0040002,4.6810837,3.981698,0.49960327,2.0485258,40104.88,30169.105,5.9999995,5.9999995,24.0,8.958504,61.56,216.55252,7.12,1.0483949,227.14627,154.38945,1368938.2,940752.1,151.10002,146.70003,572.0,298.39996,46.31069,35
2025-02-05 16:00:00+00:00,2160.0,8.804,4.054,6.3310833,6.464199,1.7249007,4.294994,40177.58,14691.955,4.1,4.1,23.0,7.823272,50.399998,224.99986,5.83,0.9548963,233.47736,158.68445,1409115.9,955444.06,155.20003,150.80003,595.0,304.22995,47.265587,36
2025-02-06 16:00:00+00:00,2160.0,10.304,4.354,6.868584,8.240722,1.9322019,4.9926157,40251.066,34188.133,1.8000002,1.8000002,13.0,6.9480934,49.32,186.47939,8.31,1.2928277,240.34595,163.67706,1449367.0,989632.2,157.00003,152.60004,608.0,312.53995,48.558414,37
2025-02-07 16:00:00+00:00,2160.0,7.254,3.8040001,4.9998336,5.4163895,1.4269996,2.7677653,40325.258,10490.08,3.8999996,3.8999996,24.0,6.048107,46.8,135.15657,5.68,0.906131,245.34578,166.44482,1489692.2,1000122.25,160.90002,156.50003,632.0,318.21994,49.464546,38
2025-02-08 16:00:00+00:00,2160.0,9.804,3.904,6.218584,7.859022,1.5946302,3.9273446,40400.086,23791.918,2.7999995,2.7999995,22.0,6.8777895,48.6,166.82935,7.28,1.2042388,251.56436,170.37216,1530092.4,1023914.2,163.70003,159.30003,654.0,325.49994,50.668785,39
2025-02-09 16:00:00+00:00,2160.0,11.104,5.254,7.651916,8.760191,3.1289406,5.689607,40475.457,36000.0,0.6,0.6,6.0,6.601363,51.48,190.76904,9.71,1.5495533,259.21628,176.06177,1570567.9,1059914.2,164.30003,159.90004,660.0,335.20993,52.218338,40
2025-02-10 16:00:00+00:00,2160.0,13.854,4.304,9.129001,12.652388,2.4946117,7.6666603,40551.3,36000.0,0.0,0.0,0.0,5.223103,42.839996,175.14699,14.58,2.339548,268.34528,183.72842,1611119.1,1095914.2,164.30003,159.90004,660.0,349.78992,54.557884,41
2025-02-11 16:00:00+00:00,2160.0,12.404,8.654,10.385249,12.798355,7.733802,10.162263,40627.535,0.0,34.7,34.7,23.0,3.438895,38.519997,91.648315,2.22,0.53986293,278.73053,193.89069,1651746.6,1095914.2,199.00003,194.60004,683.0,352.00992,55.097748,42
2025-02-12 16:00:00+00:00,2160.0,10.804,8.204,9.4539995,10.376735,6.9538784,8.501069,40704.09,0.0,47.399998,47.399998,21.0,5.720489,38.519997,122.81376,2.14,0.48751104,288.18454,202.39175,1692450.8,1095914.2,246.40002,242.00003,704.0,354.14993,55.58526,43
2025-02-13 16:00:00+00:00,2160.0,12.454,8.754,10.508166,11.867622,7.631608,9.649173,40780.895,461.00775,1.9000002,1.9000002,11.0,6.6405115,50.76,209.93478,5.05,0.93475693,298.69272,212.04092,1733231.6,1096375.2,248.30002,243.90002,715.0,359.19992,56.520016,44
2025-02-14 16:00:00+00:00,2160.0,15.093,8.542999,11.103416,14.042576,6.199688,9.197576,40845.23,36642.79,0.0,0.0,0.0,13.202726,66.24,234.99022,18.98,2.8700938,309.79614,221.2385,1774076.9,1133018.0,248.30002,243.90002,715.0,378.17993,59.39011,45
2025-02-15 16:00:00+00:00,2160.0,14.493,7.6930003,10.411751,13.877386,4.5411386,8.3004675,40922.684,36465.88,0.0,0.0,0.0,11.542478,57.96,240.19792,19.38,3.0154138,320.2079,229.53896,1814999.5,1169483.9,248.30002,243.90002,715.0,397.55994,62.405525,46
2025-02-16 16:00:00+00:00,2160.0,14.143,6.843,9.5305,13.779839,4.0826483,7.6493855,41000.832,37139.816,0.0,0.0,0.0,10.239453,53.28,248.06516,20.81,3.025968,329.73837,237.18834,1856000.4,1206623.8,248.30002,243.90002,715.0,418.36993,65.431496,47
2025-02-17 16:00:00+00:00,2160.0,9.993,5.493,7.576334,7.923114,3.3091102,5.560639,41079.94,32473.738,0.0,0.0,0.0,10.390226,59.399998,254.6938,11.29,1.5833395,337.3147,242.74898,1897080.4,1239097.5,248.30002,243.90002,715.0,429.65994,67.01483,48
2025-02-18 16:00:00+00:00,2160.0,10.643,5.593,7.4742503,8.472483,3.323914,5.464989,41159.94,34582.723,0.0,0.0,0.0,10.739833,51.12,255.80704,12.77,1.7560977,344.78894,248.21397,1938240.4,1273680.2,248.30002,243.90002,715.0,442.42993,68.77093,49
2025-02-19 16:00:00+00:00,2160.0,10.792999,5.143,7.738833,8.8230715,2.8969421,5.680166,41240.758,33859.49,0.0,0.0,0.0,9.659814,46.8,253.17093,12.88,1.7982006,352.52777,253.89413,1979481.1,1307539.8,248.30002,243.90002,715.0,455.30994,70.56913,50
2025-02-20 16:00:00+00:00,2160.0,10.243,5.893,7.6221657,8.386596,4.0662527,5.7583027,41322.305,28927.332,0.6,0.0,3.0,8.209263,53.639996,257.87897,9.92,1.4517012,360.14993,259.65244,2020803.4,1336467.1,248.90002,243.90002,718.0,465.22995,72.02083,51
2025-02-21 16:00:00+00:00,2160.0,11.593,5.843,8.140917,9.87279,3.441203,6.198494,41404.523,33869.105,0.0,0.0,0.0,11.5199995,57.239998,246.20197,13.82,1.9245774,368.29086,265.85092,2062207.9,1370336.2,248.90002,243.90002,718.0,479.04996,73.945404,52
2025-02-22 16:00:00+00:00,2160.0,8.792999,6.493,7.395083,7.33809,4.740453,5.873653,41487.332,109.46068,2.8,1.7000002,13.0,7.342588,50.039997,273.27887,3.64,0.67290646,375.68594,271.72458,2103695.2,1370445.8,251.70003,245.60002,731.0,482.68997,74.61831,53
2025-02-23 16:00:00+00:00,2160.0,10.193001,6.143,8.051333,8.455633,3.9634066,6.371174,41570.656,37969.67,1.3000001,0.0,7.0,11.252519,52.56,241.2603,14.56,1.9664516,383.73727,278.09576,2145266.0,1408415.4,253.00003,245.60002,738.0,497.24997,76.58476,54
2025-02-24 16:00:00+00:00,2160.0,11.343,5.0429997,7.7929997,10.51885,2.60008,5.7540812,41654.438,37914.94,0.0,0.0,0.0,8.766573,40.32,242.73204,17.0,2.3372033,391.53027,283.84985,2186920.5,1446330.4,253.00003,245.60002,738.0,514.25,78.92197,55
2025-02-25 16:00:00+00:00,2160.0,10.542999,6.393,8.363833,9.104505,3.3339295,6.50722,41738.594,2730.9888,1.2,1.2,9.0,6.6087217,35.64,233.01698,8.47,1.4198043,399.8941,290.3571,2228659.0,1449061.4,254.20003,246.80002,747.0,522.72,80.341774,56
2025-02-26 16:00:00+00:00,2160.0,11.542999,7.7929997,9.420083,9.9849825,5.855544,7.9876246,41823.062,32899.793,0.0,0.0,0.0,8.427383,42.12,240.94547,11.68,1.7266213,409.31418,298.3447,2270482.0,1481961.1,254.20003,246.80002,747.0,534.39996,82.0684,57
2025-02-27 16:00:00+00:00,2160.0,17.1455,8.693001,11.988312,16.41511,6.767952,10.575388,41907.773,34495.16,0.3,0.0,3.0,11.966954,32.039997,242.8788,19.59,3.1345851,421.3025,308.92007,2312389.8,1516456.2,254.50003,246.80002,750.0,553.99,85.20298,58
2025-02-28 16:00:00+00:00,2160.0,17.845499,8.6455,12.505917,16.339016,6.400386,10.714336,41992.656,39141.46,0.6,0.0,6.0,14.759999,14.04,203.0513,19.71,3.1779282,433.8084,319.6344,2354382.5,1555597.8,255.10004,246.80002,756.0,573.7,88.380905,59
2025-03-01 16:00:00+00:00,2160.0,15.8955,8.6455,11.560084,15.840481,6.0851297,9.866601,42077.652,37311.707,2.6999998,0.0,15.0,16.327497,16.919998,212.18394,20.17,2.9780438,445.3685,329.501,2396460.2,1592909.5,257.80005,246.80002,771.0,593.87,91.35895,60
2025-03-02 16:00:00+00:00,2160.0,14.8455,8.6955,11.270501,15.321054,6.6798716,10.044976,42162.69,39500.445,4.2000003,0.0,18.0,15.141414,15.4800005,215.20435,23.24,3.1316767,456.639,339.546,2438623.0,1632410.0,262.00006,246.80002,789.0,617.11,94.49062,61
2025-03-03 16:00:00+00:00,2160.0,17.0455,8.245501,11.826753,16.385775,6.399459,10.192475,42247.703,39587.797,0.3,0.0,3.0,15.815435,13.32,219.95108,23.93,3.580414,468.46576,349.73846,2480870.8,1671997.8,262.30005,246.80002,792.0,641.04,98.07104,62
2025-03-04 16:00:00+00:00,2160.0,11.045501,8.1455,9.522584,8.980558,6.356304,7.899039,42332.625,0.0,5.3999987,3.3,18.0,14.186923,12.599999,238.00493,0.94,0.32419863,477.98834,357.6375,2523203.5,1671997.8,267.70004,250.10002,810.0,641.98,98.39523,63
2025-03-05 16:00:00+00:00,2160.0,10.045501,4.0955,7.26425,6.6425943,1.4186163,4.540812,42417.4,33981.473,0.9000001,0.0,6.0,17.373497,11.879999,250.66272,12.31,1.4404505,485.2526,362.1783,2565621.0,1705979.2,268.60004,250.10002,816.0,654.29,99.835686,64
2025-03-06 16:00:00+00:00,2160.0,11.995501,3.1955,6.672583,10.263411,0.55042744,4.0634274,42501.953,39848.273,0.0,0.0,0.0,17.643673,12.599999,250.24046,24.3,2.9509935,491.92517,366.24173,2608123.0,1745827.5,268.60004,250.10002,816.0,678.58997,102.78668,65
2025-03-07 16:00:00+00:00,2160.0,12.6955,1.7955,6.6975837,11.425028,-1.2650266,4.2253904,42586.234,39934.34,0.0,0.0,0.0,15.496736,11.159999,240.22943,23.67,3.0498476,498.62274,370.46713,2650709.2,1785761.9,268.60004,250.10002,816.0,702.25995,105.83653,66
