date,elevation,temperature_2m_max,temperature_2m_min,temperature_2m_mean,apparent_temperature_max,apparent_temperature_min,apparent_temperature_mean,daylight_duration,sunshine_duration,precipitation_sum,rain_sum,precipitation_hours,wind_speed_10m_max,wind_gusts_10m_max,wind_direction_10m_dominant,shortwave_radiation_sum,et0_fao_evapotranspiration,cumulative_temperature_2m_mean,cumulative_apparent_temperature_mean,cumulative_daylight_duration,cumulative_sunshine_duration,cumulative_precipitation_sum,cumulative_rain_sum,cumulative_precipitation_hours,cumulative_shortwave_radiation_sum,cumulative_et0_fao_evapotranspiration,day
2025-01-01 16:00:00+00:00,43.0,18.6425,16.9925,17.692497,18.340399,16.202112,17.080929,38748.566,0.0,5.899999,5.899999,17.0,22.375818,36.719997,353.33496,2.11,0.7541934,17.692497,17.080929,38748.566,0.0,5.899999,5.899999,17.0,2.11,0.7541934,1
2025-01-02 16:00:00+00:00,43.0,18.7425,15.3925,17.179998,16.708597,14.859852,15.649589,38770.88,16002.642,0.5,0.5,4.0,26.354485,47.16,354.90265,5.31,1.3456073,34.872498,32.73052,77519.445,16002.642,6.399999,6.399999,21.0,7.42,2.0998006,2
2025-01-03 16:00:00+00:00,43.0,22.0425,14.1425,17.686249,23.19772,14.204311,17.964003,38794.832,35754.24,0.0,0.0,0.0,12.10157,22.319998,342.95026,14.71,2.5045834,52.558746,50.69452,116314.28,51756.88,6.399999,6.399999,21.0,22.130001,4.604384,3
2025-01-04 16:00:00+00:00,43.0,20.7925,15.342501,17.292498,19.936747,14.079235,16.572514,38820.406,35651.12,0.9000001,0.9000001,7.0,21.897945,38.88,355.25024,11.09,2.0224621,69.85124,67.26703,155134.69,87408.0,7.299999,7.299999,28.0,33.22,6.6268463,4
2025-01-05 16:00:00+00:00,43.0,21.4425,13.7425,17.238333,20.26306,11.580175,15.806699,38847.57,35731.047,0.2,0.2,1.0,23.678726,45.719997,357.49985,16.98,3.012417,87.08958,83.07373,193982.25,123139.05,7.499999,7.499999,29.0,50.2,9.639263,5
2025-01-06 16:00:00+00:00,43.0,20.092499,13.5425,16.413334,19.955557,12.774315,16.067295,38876.312,35722.19,0.2,0.2,2.0,15.3264475,27.72,352.6433,13.54,2.3320155,103.502914,99.14102,232858.56,158861.23,7.699999,7.699999,31.0,63.74,11.971279,6
2025-01-07 16:00:00+00:00,43.0,20.8925,11.5425,16.11333,20.615467,10.578967,15.27221,38906.92,35714.93,0.0,0.0,0.0,18.543495,30.599998,359.3147,15.92,2.7394845,119.61624,114.41323,271765.5,194576.16,7.699999,7.699999,31.0,79.66,14.710764,7
2025-01-08 16:00:00+00:00,43.0,20.2425,13.3925,16.646666,18.380192,11.630154,14.930614,38939.5,31654.936,0.0,0.0,0.0,23.770906,38.88,356.73438,10.97,2.3565784,136.26291,129.34384,310705.0,226231.1,7.699999,7.699999,31.0,90.630005,17.067343,8
2025-01-09 16:00:00+00:00,43.0,17.2425,13.592501,15.009167,13.9060955,10.6241455,11.844832,38973.977,30301.223,0.5,0.5,5.0,27.77838,45.719997,357.6081,9.12,2.1507156,151.27208,141.18867,349678.97,256532.31,8.199999,8.199999,36.0,99.75001,19.218058,9
2025-01-10 16:00:00+00:00,43.0,16.7425,12.9925,14.484166,14.3006115,10.025504,12.222306,39010.293,34809.277,1.4000001,1.4000001,11.0,25.2924,44.639996,353.78314,11.73,2.0175261,165.75624,153.41098,388689.25,291341.6,9.599998,9.599998,47.0,111.48001,21.235584,10
2025-01-11 16:00:00+00:00,43.0,18.9425,11.2425,14.400832,16.237741,7.6635113,11.455974,39048.36,35698.918,0.2,0.2,2.0,26.295406,44.639996,0.20803876,16.82,2.915775,180.15707,164.86696,427737.62,327040.5,9.799998,9.799998,49.0,128.30002,24.15136,11
2025-01-12 16:00:00+00:00,43.0,19.7925,8.842501,14.636249,19.538147,7.3112574,13.541943,39088.117,35698.188,0.0,0.0,0.0,11.173057,21.599998,355.23642,17.03,2.8390744,194.79332,178.4089,466825.75,362738.7,9.799998,9.799998,49.0,145.33002,26.990435,12
2025-01-13 16:00:00+00:00,43.0,20.2925,10.4925,15.571667,19.661604,9.259684,14.895093,39129.49,35530.766,1.1,1.1,4.0,15.710607,25.919998,340.50107,14.32,2.5563555,210.36499,193.304,505955.25,398269.44,10.899999,10.899999,53.0,159.65002,29.546791,13
2025-01-14 16:00:00+00:00,43.0,16.8925,14.2425,16.023748,15.296707,11.929876,14.092832,39172.402,153.51768,1.2,1.2,8.0,26.02541,45.719997,356.7702,2.22,0.9709049,226.38873,207.39684,545127.6,398422.97,12.099998,12.099998,61.0,161.87003,30.517696,14
2025-01-15 16:00:00+00:00,43.0,17.9925,13.3925,14.792499,16.248682,11.153002,12.521457,39216.793,35703.926,0.0,0.0,0.0,25.562534,46.079998,355.78064,14.19,2.388737,241.18123,219.91829,584344.44,434126.9,12.099998,12.099998,61.0,176.06003,32.906433,15
2025-01-16 16:00:00+00:00,43.0,18.9425,10.9925,14.759167,18.149658,8.508645,12.871922,39262.586,35708.484,0.0,0.0,0.0,18.954777,33.48,356.86786,15.88,2.670384,255.9404,232.7902,623607.0,469835.38,12.099998,12.099998,61.0,191.94003,35.576817,16
2025-01-17 16:00:00+00:00,43.0,17.6425,12.7925,15.123749,16.996813,10.903744,14.168941,39309.715,24532.316,3.1000004,3.1000004,9.0,14.275713,27.0,350.01288,7.17,1.4595667,271.06415,246.95915,662916.7,494367.7,15.199999,15.199999,70.0,199.11003,37.036385,17
2025-01-18 16:00:00+00:00,43.0,20.342499,14.0425,16.727915,18.6809,13.3101635,15.474861,39358.11,35109.29,1.4000001,1.4000001,7.0,22.366402,42.12,356.28964,13.23,2.250757,287.79205,262.43402,702274.8,529477.0,16.599998,16.599998,77.0,212.34003,39.28714,18
2025-01-19 16:00:00+00:00,43.0,21.092499,12.7925,16.56125,22.38452,11.957872,16.290092,39407.7,35807.68,0.0,0.0,0.0,16.575644,28.08,352.3962,15.93,2.706677,304.3533,278.72412,741682.5,565284.7,16.599998,16.599998,77.0,228.27002,41.993816,19
2025-01-20 16:00:00+00:00,43.0,21.3925,11.942499,16.807083,22.393068,10.781685,16.685755,39458.414,35814.07,0.0,0.0,0.0,11.833546,23.759998,346.30453,16.37,2.8223567,321.1604,295.40988,781140.94,601098.75,16.599998,16.599998,77.0,244.64001,44.816174,20
2025-01-21 16:00:00+00:00,43.0,20.9425,14.692499,17.269583,21.415514,14.83107,17.443554,39510.195,35751.484,1.2,1.2,7.0,15.137133,25.919998,347.4042,12.87,2.2153947,338.43,312.85342,820651.1,636850.25,17.8,17.8,84.0,257.51,47.031567,21
2025-01-22 16:00:00+00:00,43.0,22.342499,14.592501,17.650833,21.172867,13.734062,16.797476,39562.977,35145.883,0.9000001,0.9000001,7.0,23.226276,40.68,358.13574,16.02,2.768029,356.0808,329.6509,860214.1,671996.1,18.699999,18.699999,91.0,273.53,49.799595,22
2025-01-23 16:00:00+00:00,43.0,22.4425,13.692499,17.742498,23.603203,12.511385,17.521748,39616.684,36004.684,0.0,0.0,0.0,17.11515,28.8,353.26624,15.63,2.77622,373.8233,347.17267,899830.8,708000.8,18.699999,18.699999,91.0,289.16,52.575813,23
2025-01-24 16:00:00+00:00,43.0,22.6925,13.9925,18.005,24.220573,13.941647,18.056196,39671.26,36019.316,0.0,0.0,0.0,19.281015,33.48,355.75723,16.87,2.941918,391.8283,365.22885,939502.06,744020.1,18.699999,18.699999,91.0,306.03,55.51773,24
2025-01-25 16:00:00+00:00,43.0,21.2425,14.1425,17.050833,21.135973,11.359933,15.598811,39726.637,35810.484,0.0,0.0,0.0,30.960526,56.88,357.00003,15.19,2.7656002,408.87915,380.82767,979228.7,779830.6,18.699999,18.699999,91.0,321.22,58.283333,25
2025-01-26 16:00:00+00:00,43.0,14.5425,12.342501,13.300834,11.059679,7.9096956,9.089836,39782.77,10868.799,1.4000001,1.4000001,7.0,36.568363,62.279995,0.49235222,4.94,1.5606213,422.18,389.9175,1019011.44,790699.44,20.099998,20.099998,98.0,326.16,59.843956,26
2025-01-27 16:00:00+00:00,43.0,18.2425,11.9925,14.450831,15.542572,8.065927,11.224332,39840.145,35884.43,0.0,0.0,0.0,24.306,42.48,359.36072,15.51,3.2325165,436.63083,401.14185,1058851.6,826583.9,20.099998,20.099998,98.0,341.67,63.076473,27
2025-01-28 16:00:00+00:00,43.0,18.6425,12.9925,15.367499,18.32304,10.907734,14.077886,39898.99,35133.016,0.0,0.0,0.0,13.321216,22.319998,348.78198,15.41,2.792783,451.99832,415.21973,1098750.6,861716.9,20.099998,20.099998,98.0,357.08002,65.869255,28
2025-01-29 16:00:00+00:00,43.0,20.7425,10.942499,15.798749,21.124138,10.054528,15.366324,39959.215,36298.523,0.0,0.0,0.0,11.879999,20.880001,335.49176,17.78,3.0299964,467.79706,430.58606,1138709.9,898015.4,20.099998,20.099998,98.0,374.86002,68.899254,29
2025-01-30 16:00:00+00:00,43.0,19.2925,13.692499,16.890417,19.315193,13.119997,16.710054,40020.746,17807.424,3.6999998,3.6999998,11.0,13.523978,25.56,343.8107,6.21,1.4157355,484.68747,447.2961,1178730.6,915822.8,23.8,23.8,109.0,381.07,70.31499,30
2025-01-31 16:00:00+00:00,43.0,24.1925,16.1425,19.657084,24.830698,15.522549,19.660254,40083.48,35200.496,8.099999,8.099999,22.0,18.627172,37.079998,353.9567,13.05,2.6573062,504.34454,466.95636,1218814.1,951023.3,31.899998,31.899998,131.0,394.12,72.97229,31
2025-02-01 16:00:00+00:00,43.0,23.1425,16.4925,19.069582,25.09482,15.723335,19.1305,40147.35,36374.195,3.8999994,3.8999994,17.0,19.206936,34.56,349.54056,17.87,2.988181,523.4141,486.08685,1258961.5,987397.5,35.799995,35.799995,148.0,411.99,75.96047,32
2025-02-02 16:00:00+00:00,43.0,20.2925,13.4925,16.771666,18.049335,10.190877,14.68304,40212.273,36023.195,3.0,3.0,15.0,31.868137,57.239998,356.32712,15.14,2.5755322,540.1858,500.7699,1299173.8,1023420.7,38.799995,38.799995,163.0,427.13,78.536,33
2025-02-03 16:00:00+00:00,43.0,16.0425,12.8925,14.113334,13.582033,9.614545,11.522308,40278.164,31663.094,1.1000001,1.1000001,7.0,27.790623,44.28,357.74097,9.53,1.7742217,554.29913,512.29224,1339451.9,1055083.8,39.899994,39.899994,170.0,436.66,80.31023,34
2025-02-04 16:00:00+00:00,43.0,18.9425,11.842501,15.509166,19.0277,10.412069,15.035018,40344.95,36077.754,0.1,0.1,1.0,10.674773,23.4,334.59067,15.33,2.5098398,569.8083,527.3273,1379796.9,1091161.5,39.999992,39.999992,171.0,451.99,82.82007,35
2025-02-05 16:00:00+00:00,43.0,20.6925,15.2425,17.292498,20.639383,14.699463,16.925697,40412.54,35697.547,0.0,0.0,0.0,17.508179,29.88,342.6168,14.67,2.724984,587.10077,544.253,1420209.4,1126859.0,39.999992,39.999992,171.0,466.66,85.54505,36
2025-02-06 16:00:00+00:00,43.0,21.842499,13.5425,17.009167,20.55475,10.240875,14.645443,40480.875,36500.945,0.2,0.2,2.0,31.631382,54.36,354.49637,18.44,3.3088934,604.1099,558.89844,1460690.2,1163360.0,40.199993,40.199993,173.0,485.1,88.85394,37
2025-02-07 16:00:00+00:00,43.0,16.4425,12.342501,14.144581,14.203533,8.982998,10.978008,40549.867,36165.14,2.3999999,2.3999999,17.0,26.302181,48.96,355.64386,15.07,2.507312,618.2545,569.87646,1501240.1,1199525.1,42.599995,42.599995,190.0,500.17,91.36125,38
2025-02-08 16:00:00+00:00,43.0,17.2925,11.8925,14.032083,16.125101,9.2969475,11.911075,40619.45,36045.637,1.3000002,1.3000002,10.0,18.595839,34.92,355.54056,15.44,2.5783951,632.2866,581.78754,1541859.6,1235570.8,43.899994,43.899994,200.0,515.61,93.939644,39
2025-02-09 16:00:00+00:00,43.0,19.8925,10.342501,15.038331,19.76836,8.741209,14.079132,40689.543,37290.402,0.2,0.2,2.0,13.934604,25.199999,352.14676,19.06,3.1246197,647.32495,595.8667,1582549.1,1272861.1,44.099995,44.099995,202.0,534.67,97.06426,40
2025-02-10 16:00:00+00:00,43.0,22.9425,10.842501,17.077917,23.51611,9.136434,16.654036,40760.082,36604.7,0.0,0.0,0.0,15.151039,27.72,345.05542,18.45,3.3217542,664.4029,612.52075,1623309.2,1309465.9,44.099995,44.099995,202.0,553.12,100.38602,41
2025-02-11 16:00:00+00:00,43.0,18.9925,16.7925,17.93625,20.040075,16.390345,18.297688,40830.99,0.0,33.399998,33.399998,24.0,20.746902,28.8,350.72815,2.18,0.6497808,682.3392,630.8184,1664140.2,1309465.9,77.49999,77.49999,226.0,555.3,101.0358,42
2025-02-12 16:00:00+00:00,43.0,18.6925,16.3925,17.705,18.336489,15.46475,16.877996,40902.195,0.0,28.9,28.9,24.0,28.783117,41.760002,353.49673,2.89,0.85177904,700.0442,647.6964,1705042.5,1309465.9,106.399994,106.399994,250.0,558.19,101.88757,43
2025-02-13 16:00:00+00:00,43.0,19.3925,15.8925,17.51333,19.612885,15.49173,17.555634,40973.637,2837.7446,4.3,4.3,15.0,15.3264475,27.359999,346.73056,5.94,1.1867186,717.5575,665.2521,1746016.1,1312303.6,110.7,110.7,265.0,564.13,103.074295,44
2025-02-14 16:00:00+00:00,43.0,23.342499,15.592501,19.1425,25.349985,14.728094,19.789724,41045.242,37673.04,0.2,0.2,1.0,17.66753,27.359999,344.09155,18.36,3.0910213,736.7,685.0418,1787061.4,1349976.6,110.899994,110.899994,266.0,582.49,106.16531,45
2025-02-15 16:00:00+00:00,43.0,24.3925,14.4925,19.019583,25.890635,12.966518,19.046553,41116.957,37969.605,0.0,0.0,0.0,21.145977,37.44,351.48804,20.13,3.4658122,755.7196,704.0884,1828178.4,1387946.2,110.899994,110.899994,266.0,602.62,109.63113,46
2025-02-16 16:00:00+00:00,43.0,23.536499,16.2365,19.574001,25.551605,17.62229,21.173716,41192.227,33633.69,0.0,0.0,0.0,14.118243,24.48,282.6258,14.36,2.610457,775.2936,725.2621,1869370.6,1421580.0,110.899994,110.899994,266.0,616.98,112.241585,47
2025-02-17 16:00:00+00:00,43.0,23.686499,15.3365,18.359415,23.950445,15.531054,18.479204,41265.395,35151.477,0.1,0.0,1.0,16.676977,29.519999,336.38657,16.26,3.0282593,793.653,743.7413,1910636.0,1456731.5,110.99999,110.899994,267.0,633.24,115.269844,48
2025-02-18 16:00:00+00:00,43.0,23.286499,14.0865,18.1865,24.716509,14.389515,18.36923,41339.387,36203.26,0.0,0.0,0.0,15.175612,26.64,320.19443,17.02,3.1748178,811.83954,762.1105,1951975.4,1492934.8,110.99999,110.899994,267.0,650.26,118.444664,49
2025-02-19 16:00:00+00:00,43.0,23.3865,14.8865,18.382334,24.539125,15.21858,18.691483,41414.133,33436.1,0.0,0.0,0.0,15.379206,26.64,340.686,17.29,3.1120245,830.22186,780.80194,1993389.5,1526370.9,110.99999,110.899994,267.0,667.55,121.55669,50
2025-02-20 16:00:00+00:00,43.0,24.286499,15.0365,18.296915,24.825039,14.515381,18.139309,41489.566,34551.93,0.0,0.0,0.0,23.110205,40.68,344.55847,19.88,3.5238845,848.5188,798.9412,2034879.1,1560922.8,110.99999,110.899994,267.0,687.43,125.080574,51
2025-02-21 16:00:00+00:00,43.0,24.536499,13.436501,17.942749,25.71893,13.426926,18.15785,41565.62,35922.375,0.0,0.0,0.0,14.255272,24.84,330.87338,17.66,3.2935295,866.46155,817.09906,2076444.8,1596845.1,110.99999,110.899994,267.0,705.08997,128.3741,52
2025-02-22 16:00:00+00:00,43.0,21.2365,14.6365,16.8615,21.160332,13.481735,16.010874,41642.223,26452.408,0.0,0.0,0.0,23.664352,42.48,347.7377,13.97,2.4575503,883.32306,833.1099,2118087.0,1623297.5,110.99999,110.899994,267.0,719.05994,130.83165,53
2025-02-23 16:00:00+00:00,43.0,22.286499,13.5365,16.838583,22.67152,12.391632,16.109478,41719.312,32514.113,0.0,0.0,0.0,14.81259,27.0,338.72205,17.45,3.180482,900.1616,849.2194,2159806.2,1655811.6,110.99999,110.899994,267.0,736.50995,134.01213,54
2025-02-24 16:00:00+00:00,43.0,23.0865,10.736501,16.534418,23.255217,10.388666,16.41216,41796.82,37064.49,0.0,0.0,0.0,15.629971,28.08,329.74365,18.55,3.3537178,916.69604,865.6316,2201603.0,1692876.1,110.99999,110.899994,267.0,755.05994,137.36584,55
2025-02-25 16:00:00+00:00,43.0,23.9865,13.0365,17.80525,25.220217,13.473585,18.14181,41874.684,36569.492,0.0,0.0,0.0,17.673029,32.399998,323.24866,17.45,3.213188,934.5013,883.7734,2243477.8,1729445.6,110.99999,110.899994,267.0,772.50995,140.57903,56
2025-02-26 16:00:00+00:00,43.0,26.036499,15.8865,19.838583,26.366877,16.18428,20.337168,41952.84,36168.863,0.0,0.0,0.0,19.486609,33.12,339.88474,17.17,3.464496,954.33984,904.11053,2285430.5,1765614.5,110.99999,110.899994,267.0,789.67993,144.04352,57
2025-02-27 16:00:00+00:00,43.0,28.036499,16.1365,21.251081,29.419708,17.537043,22.424562,42031.22,38974.883,0.0,0.0,0.0,15.876775,27.72,340.6962,18.98,3.9380167,975.59094,926.5351,2327461.8,1804589.4,110.99999,110.899994,267.0,808.6599,147.98154,58
2025-02-28 16:00:00+00:00,43.0,27.1365,16.8865,21.340666,28.451347,18.36451,23.040504,42109.766,37702.535,0.0,0.0,0.0,12.72283,24.119999,310.51526,15.83,3.2086027,996.9316,949.5756,2369571.5,1842291.9,110.99999,110.899994,267.0,824.4899,151.19014,59
2025-03-01 16:00:00+00:00,43.0,29.5325,17.9865,23.394417,30.586716,20.157923,25.426643,42188.414,34822.88,0.0,0.0,0.0,17.447933,10.799999,260.3218,19.68,4.1768465,1020.326,975.00226,2411760.0,1877114.8,110.99999,110.899994,267.0,844.1699,155.36699,60
2025-03-02 16:00:00+00:00,43.0,30.8825,21.432499,25.545004,32.710884,23.302452,27.160025,42267.105,39629.92,0.0,0.0,0.0,21.273533,27.0,205.1498,22.76,5.165919,1045.871,1002.1623,2454027.0,1916744.6,110.99999,110.899994,267.0,866.92993,160.53291,61
2025-03-03 16:00:00+00:00,43.0,31.8825,22.582499,26.388748,31.936684,25.004679,27.977995,42345.777,39711.223,0.3,0.0,3.0,23.469128,25.919998,204.5836,20.82,5.179131,1072.2598,1030.1403,2496372.8,1956455.9,111.299995,110.899994,270.0,887.74994,165.71205,62
2025-03-04 16:00:00+00:00,43.0,31.3825,21.9825,26.013754,32.80256,23.733355,27.772943,42424.37,39792.32,2.1,0.0,12.0,21.261345,14.4,325.88547,22.59,5.2063875,1098.2736,1057.9132,2538797.0,1996248.2,113.399994,110.899994,282.0,910.33997,170.91844,63
2025-03-05 16:00:00+00:00,43.0,22.7325,17.4825,20.14917,23.85542,16.845533,20.75226,42502.824,21474.945,0.3,0.0,3.0,15.042659,18.0,344.41275,8.11,1.9386388,1118.4227,1078.6655,2581299.8,2017723.2,113.7,110.899994,285.0,918.44995,172.85709,64
2025-03-06 16:00:00+00:00,43.0,20.2825,16.2825,18.7325,19.665588,14.227692,17.775764,42581.08,3915.5947,0.0,0.0,0.0,21.068459,21.599998,250.94989,4.1,1.9332526,1137.1553,1096.4413,2623880.8,2021638.9,113.7,110.899994,285.0,922.5499,174.79034,65
2025-03-07 16:00:00+00:00,43.0,21.4825,14.8325,17.605417,21.441011,12.3132515,15.98313,42659.09,37353.707,1.2,1.2,3.0,25.729298,27.72,340.31607,17.1,3.7363293,1154.7607,1112.4244,2666539.8,2058992.6,114.899994,112.09999,288.0,939.6499,178.52667,66
2025-03-08 16:00:00+00:00,43.0,25.182499,15.0825,18.840834,24.631546,14.193171,18.131418,42737.34,40113.7,0.9000001,0.9000001,6.0,23.491207,27.0,348.0257,23.78,4.440044,1173.6016,1130.5559,2709277.0,2099106.2,115.799995,112.99999,294.0,963.42993,182.96672,67
2025-03-09 16:00:00+00:00,43.0,25.182499,16.682499,,26.202927,16.846804,,42816.09,,,,0.0,20.674158,18.0,,,,,,2752093.0,,,,294.0,,,68
