date,elevation,temperature_2m_max,temperature_2m_min,temperature_2m_mean,apparent_temperature_max,apparent_temperature_min,apparent_temperature_mean,daylight_duration,sunshine_duration,precipitation_sum,rain_sum,precipitation_hours,wind_speed_10m_max,wind_gusts_10m_max,wind_direction_10m_dominant,shortwave_radiation_sum,et0_fao_evapotranspiration,cumulative_temperature_2m_mean,cumulative_apparent_temperature_mean,cumulative_daylight_duration,cumulative_sunshine_duration,cumulative_precipitation_sum,cumulative_rain_sum,cumulative_precipitation_hours,cumulative_shortwave_radiation_sum,cumulative_et0_fao_evapotranspiration,day
2025-01-01 16:00:00+00:00,4.0,20.4275,17.977499,18.894163,20.619093,17.422121,18.90838,38843.625,0.0,4.2,4.2,18.0,20.060919,35.28,352.755,2.04,0.7962698,18.894163,18.90838,38843.625,0.0,4.2,4.2,18.0,2.04,0.7962698,1
2025-01-02 16:00:00+00:00,4.0,19.477499,16.977499,18.179583,18.690506,16.981356,17.840427,38865.49,2599.0588,2.8999999,2.8999999,12.0,21.791153,37.8,352.10507,3.46,0.91015637,37.073746,36.74881,77709.11,2599.0588,7.0999994,7.0999994,30.0,5.5,1.7064261,2
2025-01-03 16:00:00+00:00,4.0,22.4275,14.377501,18.215002,23.514837,14.812708,18.817793,38888.957,35830.676,0.7,0.7,5.0,9.361731,20.519999,330.31482,13.73,2.4717867,55.28875,55.566605,116598.06,38429.734,7.799999,7.799999,35.0,19.23,4.178213,3
2025-01-04 16:00:00+00:00,4.0,21.627499,16.377499,18.679583,21.742884,15.751942,18.621223,38914.016,34082.367,2.6999996,2.6999996,10.0,18.268892,31.68,353.09387,10.04,2.0426095,73.96833,74.18783,155512.08,72512.1,10.499999,10.499999,45.0,29.27,6.2208223,4
2025-01-05 16:00:00+00:00,4.0,22.2775,16.1775,18.856667,22.97268,15.275255,18.741938,38940.633,35806.926,0.0,0.0,0.0,18.775301,36.0,354.04855,15.9,2.8205996,92.825,92.92976,194452.72,108319.03,10.499999,10.499999,45.0,45.17,9.041422,5
2025-01-06 16:00:00+00:00,4.0,20.727499,15.5275,17.979586,19.917479,15.518171,17.944145,38968.793,33888.38,0.4,0.4,4.0,15.8502245,27.359999,351.48608,11.66,2.2087307,110.80458,110.87391,233421.52,142207.4,10.899999,10.899999,49.0,56.829998,11.250153,6
2025-01-07 16:00:00+00:00,4.0,21.6775,15.127501,18.135834,22.151981,15.03685,18.108156,38998.785,35790.18,0.0,0.0,0.0,14.584445,24.48,358.511,15.29,2.7470787,128.94041,128.98207,272420.3,177997.6,10.899999,10.899999,49.0,72.119995,13.9972315,7
2025-01-08 16:00:00+00:00,4.0,21.1775,15.3275,18.3025,20.962017,15.063421,17.904585,39030.707,24983.875,0.0,0.0,0.0,19.023027,31.319998,355.59637,9.17,2.0578935,147.24292,146.88666,311451.03,202981.47,10.899999,10.899999,49.0,81.28999,16.055124,8
2025-01-09 16:00:00+00:00,4.0,18.3275,15.0775,16.539999,16.322357,13.226946,14.398431,39064.49,7200.0,0.5,0.5,5.0,22.571884,37.8,353.92337,4.22,1.8040019,163.78291,161.2851,350515.53,210181.47,11.399999,11.399999,54.0,85.509995,17.859127,9
2025-01-10 16:00:00+00:00,4.0,17.5275,14.627501,15.758751,15.671701,12.408953,14.174071,39100.07,10326.006,1.4000001,1.4000001,10.0,21.188072,33.839996,350.133,5.82,1.6204873,179.54166,175.45917,389615.6,220507.47,12.799999,12.799999,64.0,91.329994,19.479614,10
2025-01-11 16:00:00+00:00,4.0,19.627499,13.177501,15.931667,18.47565,10.585401,14.00233,39137.37,35772.664,0.2,0.2,2.0,21.978434,37.8,355.6585,15.48,2.8021388,195.47333,189.4615,428752.97,256280.12,12.999999,12.999999,66.0,106.81,22.281754,11
2025-01-12 16:00:00+00:00,4.0,20.127499,12.2275,15.958751,19.934982,11.112023,15.326365,39176.33,35771.516,0.0,0.0,0.0,9.432412,22.68,345.564,16.09,2.7659173,211.43208,204.78787,467929.3,292051.62,12.999999,12.999999,66.0,122.899994,25.04767,12
2025-01-13 16:00:00+00:00,4.0,21.377499,14.0275,17.637917,20.779367,13.512865,17.25847,39216.87,31493.998,0.6,0.6,5.0,15.547875,24.119999,346.523,11.67,2.407326,229.07,222.04634,507146.2,323545.62,13.599999,13.599999,71.0,134.56999,27.454996,13
2025-01-14 16:00:00+00:00,4.0,17.9275,15.8275,17.171247,16.812782,14.451063,16.044695,39258.92,0.0,1.4000001,1.4000001,12.0,22.228361,39.239998,352.1965,1.95,0.94627494,246.24126,238.09103,546405.1,323545.62,15.0,15.0,83.0,136.51999,28.401272,14
2025-01-15 16:00:00+00:00,4.0,19.127499,14.9775,16.348333,18.19992,13.584255,15.03238,39302.42,32400.0,0.1,0.1,1.0,20.359901,34.92,350.73856,12.55,2.423558,262.5896,253.12341,585707.56,355945.62,15.1,15.1,84.0,149.06999,30.82483,15
2025-01-16 16:00:00+00:00,4.0,19.5775,12.8275,16.225416,19.173056,11.339757,14.959652,39347.297,34690.547,0.1,0.1,1.0,15.224637,27.72,351.5536,14.11,2.7010648,278.815,268.08307,625054.9,390636.2,15.200001,15.200001,85.0,163.18,33.525894,16
2025-01-17 16:00:00+00:00,4.0,18.877499,15.2775,16.835833,18.01406,13.877699,16.06819,39393.477,1728.3867,0.8000001,0.8000001,7.0,13.870515,24.119999,354.92245,4.82,1.4811653,295.65085,284.15125,664448.4,392364.56,16.0,16.0,92.0,168.0,35.00706,17
2025-01-18 16:00:00+00:00,4.0,21.227499,16.377499,18.12125,20.158817,15.185156,17.270733,39440.902,26006.969,1.0000001,1.0000001,7.0,19.94754,37.8,352.94507,10.21,2.2026181,313.7721,301.42197,703889.25,418371.53,17.0,17.0,99.0,178.21,37.20968,18
2025-01-19 16:00:00+00:00,4.0,22.377499,14.927501,18.233751,22.80731,15.451288,18.560808,39489.5,35801.555,0.0,0.0,0.0,15.94601,28.44,348.36298,15.09,2.6776855,332.00586,319.9828,743378.75,454173.1,17.0,17.0,99.0,193.3,39.887363,19
2025-01-20 16:00:00+00:00,4.0,22.377499,15.3275,18.5525,22.79874,15.458193,18.782125,39539.2,35957.92,0.1,0.1,1.0,14.637663,28.08,337.2941,16.06,2.9615884,350.55835,338.76492,782917.94,490131.0,17.1,17.1,100.0,209.36,42.848953,20
2025-01-21 16:00:00+00:00,4.0,22.0775,17.127499,19.221249,21.98904,17.432669,19.612085,39589.945,27251.209,2.3,2.3,11.0,14.967083,24.84,348.19864,8.83,1.9993826,369.7796,358.377,822507.9,517382.22,19.4,19.4,111.0,218.19,44.848335,21
2025-01-22 16:00:00+00:00,4.0,23.477499,16.727499,19.492086,23.021635,16.167673,19.331274,39641.664,36140.258,0.4,0.4,4.0,19.758228,35.28,354.1973,15.83,3.0120468,389.2717,377.70828,862149.56,553522.5,19.8,19.8,115.0,234.02,47.860382,22
2025-01-23 16:00:00+00:00,4.0,23.377499,16.4275,19.662916,24.738087,16.814022,20.590548,39694.3,36071.492,0.0,0.0,0.0,12.841963,24.119999,344.65073,13.96,2.5819616,408.9346,398.29883,901843.9,589594.0,19.8,19.8,115.0,247.98001,50.442345,23
2025-01-24 16:00:00+00:00,4.0,23.4275,16.0775,19.467081,25.505522,16.89149,20.31234,39747.785,36085.273,0.0,0.0,0.0,16.90563,29.16,348.81873,16.67,2.9741411,428.40167,418.61118,941591.7,625679.25,19.8,19.8,115.0,264.65002,53.416485,24
2025-01-25 16:00:00+00:00,4.0,21.877499,16.0775,18.473335,23.053295,13.057211,17.954435,39802.06,35877.094,0.90000004,0.90000004,4.0,30.556026,50.76,351.25003,14.91,2.7994812,446.875,436.5656,981393.75,661556.4,20.699999,20.699999,119.0,279.56003,56.215965,25
2025-01-26 16:00:00+00:00,4.0,15.8275,14.2775,14.892083,13.056252,10.053926,11.534068,39857.07,1837.5292,0.5,0.5,4.0,34.964966,58.679996,354.13574,3.96,1.5281925,461.7671,448.09967,1021250.8,663393.9,21.199999,21.199999,123.0,283.52002,57.744156,26
2025-01-27 16:00:00+00:00,4.0,19.0275,13.4775,15.756664,17.33288,10.58913,13.739899,39913.3,32102.98,0.3,0.3,3.0,20.738312,34.56,354.43646,12.37,2.768297,477.52374,461.83957,1061164.1,695496.9,21.499998,21.499998,126.0,295.89,60.51245,27
2025-01-28 16:00:00+00:00,4.0,19.727499,14.8275,16.729582,18.685692,13.797424,15.89629,39970.977,29919.023,0.0,0.0,0.0,12.033103,24.84,343.16345,13.66,2.6051888,494.25333,477.73587,1101135.1,725415.9,21.499998,21.499998,126.0,309.55002,63.11764,28
2025-01-29 16:00:00+00:00,4.0,21.6775,14.2775,17.717081,21.702065,13.384615,17.325132,40030.0,36168.355,0.0,0.0,0.0,12.703715,24.119999,347.21912,16.8,3.1364853,511.9704,495.061,1141165.1,761584.25,21.499998,21.499998,126.0,326.35,66.25413,29
2025-01-30 16:00:00+00:00,4.0,20.127499,16.5775,18.185831,20.363995,16.485699,18.586962,40090.3,1097.7777,1.3000001,1.3000001,8.0,12.039833,28.8,334.91534,3.43,1.0612737,530.15625,513.64795,1181255.4,762682.0,22.799997,22.799997,134.0,329.78,67.3154,30
2025-01-31 16:00:00+00:00,4.0,24.7775,17.977499,20.806665,25.955418,18.005875,21.705606,40151.797,33055.254,2.3,2.3,10.0,18.051228,33.48,345.45612,13.01,2.6138165,550.9629,535.3536,1221407.1,795737.25,25.099997,25.099997,144.0,342.79,69.929214,31
2025-02-01 16:00:00+00:00,4.0,23.3275,18.4275,20.379583,25.998213,18.883297,21.496809,40214.4,36198.09,0.2,0.2,2.0,17.750774,29.519999,346.67038,14.91,2.6676593,571.34247,556.8504,1261621.5,831935.3,25.299997,25.299997,146.0,357.7,72.59687,32
2025-02-02 16:00:00+00:00,4.0,21.5275,15.2775,18.325417,21.117844,12.749691,17.283676,40278.03,36296.652,1.9000001,1.9000001,9.0,29.85722,51.12,352.13257,15.03,2.665616,589.6679,574.1341,1301899.5,868231.94,27.199997,27.199997,155.0,372.73,75.26249,33
2025-02-03 16:00:00+00:00,4.0,17.5275,14.627501,15.7775,15.821886,12.357782,13.961795,40342.613,12308.984,0.6,0.6,5.0,23.695824,38.16,354.5187,6.03,1.7065697,605.44543,588.0959,1342242.1,880540.94,27.799997,27.799997,160.0,378.76,76.969055,34
2025-02-04 16:00:00+00:00,4.0,19.1775,13.3275,16.394167,18.165512,12.54698,15.935426,40408.07,35579.777,0.1,0.1,1.0,10.783487,25.919998,326.57516,13.74,2.4134579,621.8396,604.0313,1382650.2,916120.7,27.899998,27.899998,161.0,392.5,79.382515,35
2025-02-05 16:00:00+00:00,4.0,22.127499,15.7275,18.535835,21.4136,16.29798,18.527168,40474.33,35275.004,0.2,0.2,2.0,18.183563,32.039997,351.56497,11.79,2.4632616,640.3754,622.5585,1423124.6,951395.7,28.099998,28.099998,163.0,404.29,81.84578,36
2025-02-06 16:00:00+00:00,4.0,22.627499,15.5775,18.583752,22.272718,13.271503,17.044884,40541.305,36000.0,0.70000005,0.70000005,2.0,29.59235,47.16,351.30484,17.09,3.3543782,658.95917,639.60333,1463665.9,987395.7,28.8,28.8,165.0,421.38,85.20016,37
2025-02-07 16:00:00+00:00,4.0,17.727499,14.127501,15.72125,15.880325,11.3323965,13.524063,40608.938,29841.658,0.2,0.2,1.0,21.129885,39.6,351.36798,9.77,2.3465662,674.6804,653.1274,1504274.8,1017237.4,29.0,29.0,166.0,431.15,87.54672,38
2025-02-08 16:00:00+00:00,4.0,17.977499,13.2275,15.32125,17.122864,11.334894,13.819939,40677.14,28904.033,0.1,0.1,1.0,15.763107,25.56,341.90488,11.93,2.407793,690.00165,666.9473,1544951.9,1046141.44,29.1,29.1,167.0,443.08,89.95451,39
2025-02-09 16:00:00+00:00,4.0,20.7775,12.677501,16.456667,20.432888,11.618628,15.868918,40745.848,37402.938,0.1,0.1,1.0,10.316686,21.24,350.30722,17.65,3.1106384,706.4583,682.8162,1585697.8,1083544.4,29.2,29.2,168.0,460.72998,93.065155,40
2025-02-10 16:00:00+00:00,4.0,23.4275,14.2275,18.819168,24.808239,13.699438,19.258057,40814.992,36256.19,0.1,0.1,1.0,11.952054,24.119999,344.06995,15.42,2.8961265,725.27747,702.0743,1626512.8,1119800.6,29.300001,29.300001,169.0,476.15,95.96128,41
2025-02-11 16:00:00+00:00,4.0,20.9275,18.3275,19.606668,22.90298,18.736118,20.902113,40884.5,0.0,23.300001,23.300001,24.0,17.337091,35.28,347.2516,2.62,0.72211033,744.88416,722.9764,1667397.2,1119800.6,52.600002,52.600002,193.0,478.77,96.68339,42
2025-02-12 16:00:00+00:00,4.0,19.977499,17.227499,18.73375,19.910183,17.267305,18.648762,40954.31,225.45456,27.199999,27.199999,24.0,28.329279,41.760002,347.68286,4.02,0.9342543,763.6179,741.6251,1708351.5,1120026.1,79.8,79.8,217.0,482.78998,97.617645,43
2025-02-13 16:00:00+00:00,4.0,20.627499,16.7775,18.4275,20.937107,17.213964,19.065619,41024.34,429.2855,4.1,4.1,15.0,14.039999,25.199999,345.9328,4.72,1.1286831,782.0454,760.69073,1749375.9,1120455.4,83.9,83.9,232.0,487.50998,98.74633,44
2025-02-14 16:00:00+00:00,4.0,26.663,16.063,21.094252,30.1502,16.859402,22.92975,41094.535,37070.17,0.0,0.0,0.0,13.584932,22.68,317.3264,19.47,3.6136274,803.13965,783.6205,1790470.4,1157525.5,83.9,83.9,232.0,506.97998,102.359955,45
2025-02-15 16:00:00+00:00,4.0,26.513,16.263,20.860918,29.470139,17.360645,22.818033,41164.836,36828.664,0.0,0.0,0.0,9.957108,16.919998,296.23895,20.02,3.659794,824.00055,806.43854,1831635.2,1194354.1,83.9,83.9,232.0,527.0,106.01975,46
2025-02-16 16:00:00+00:00,4.0,25.563,18.013,21.279667,26.74966,19.860363,22.889685,41235.773,35692.844,0.2,0.0,2.0,15.844089,29.519999,244.30867,17.05,3.2313933,845.2802,829.32825,1872871.0,1230047.0,84.1,83.9,234.0,544.05,109.251144,47
2025-02-17 16:00:00+00:00,4.0,24.463001,17.163,20.433836,25.347418,18.05868,20.820202,41307.586,34832.066,0.2,0.0,2.0,13.849477,23.039999,299.38217,16.16,3.2883103,865.71405,850.14844,1914178.6,1264879.1,84.299995,83.9,236.0,560.20996,112.53945,48
2025-02-18 16:00:00+00:00,4.0,22.913,15.763,19.3255,24.007156,16.379662,19.695585,41380.22,34035.375,0.0,0.0,0.0,16.267857,28.44,291.31796,17.22,3.198908,885.03955,869.844,1955558.9,1298914.5,84.299995,83.9,236.0,577.42993,115.73836,49
2025-02-19 16:00:00+00:00,4.0,24.213001,15.313,19.700502,24.930641,15.948521,20.403818,41453.586,34482.336,0.0,0.0,0.0,13.363711,21.96,307.9304,16.41,3.1467009,904.74005,890.2478,1997012.5,1333396.9,84.299995,83.9,236.0,593.8399,118.885056,50
2025-02-20 16:00:00+00:00,4.0,24.563,17.163,20.290083,25.623781,17.568089,21.25567,41527.63,33607.195,0.0,0.0,0.0,15.273505,25.56,308.23386,16.19,3.0898786,925.03015,911.5035,2038540.1,1367004.1,84.299995,83.9,236.0,610.0299,121.97494,51
2025-02-21 16:00:00+00:00,4.0,22.663,14.263,18.535917,23.56667,14.255077,18.839071,41602.285,35916.85,0.0,0.0,0.0,16.965895,28.44,290.3348,17.4,3.0930357,943.56604,930.3425,2080142.4,1402921.0,84.299995,83.9,236.0,627.42993,125.06797,52
2025-02-22 16:00:00+00:00,4.0,24.263,15.462999,19.142166,24.725882,15.8225765,19.441317,41677.477,27987.225,0.0,0.0,0.0,14.003028,22.68,330.90622,12.9,2.7352822,962.7082,949.7839,2121819.8,1430908.2,84.299995,83.9,236.0,640.32996,127.80325,53
2025-02-23 16:00:00+00:00,4.0,23.013,14.763,18.51925,23.85563,14.231932,18.675434,41753.15,38216.867,0.0,0.0,0.0,13.202726,21.24,294.65997,16.94,3.0902462,981.2274,968.4593,2163573.0,1469125.1,84.299995,83.9,236.0,657.26996,130.8935,54
2025-02-24 16:00:00+00:00,4.0,23.313,14.013,18.56925,24.219368,13.563063,18.648611,41829.23,39184.324,0.0,0.0,0.0,13.75558,22.68,296.32947,20.53,3.7166615,999.7967,987.1079,2205402.2,1508309.5,84.299995,83.9,236.0,677.8,134.61015,55
2025-02-25 16:00:00+00:00,4.0,25.913,14.863,19.965082,26.816174,15.2691,20.367342,41905.668,38735.254,0.0,0.0,0.0,19.134262,30.599998,312.5848,19.85,3.9488678,1019.7618,1007.4753,2247308.0,1547044.8,84.299995,83.9,236.0,697.64996,138.55902,56
2025-02-26 16:00:00+00:00,4.0,26.413,17.763,21.398417,27.558823,18.593073,22.636621,41982.383,38792.695,0.0,0.0,0.0,13.797912,24.119999,288.88937,18.39,3.6118407,1041.1602,1030.1119,2289290.5,1585837.5,84.299995,83.9,236.0,716.04,142.17087,57
2025-02-27 16:00:00+00:00,4.0,28.302,18.663,23.835295,28.618359,19.952759,24.680285,42059.33,37044.305,0.0,0.0,0.0,17.731598,18.0,282.36713,19.87,4.4076843,1064.9955,1054.7922,2331349.8,1622881.8,84.299995,83.9,236.0,735.91,146.57855,58
2025-02-28 16:00:00+00:00,4.0,26.702,23.852,25.197836,28.107563,24.590506,26.420807,42136.434,36400.28,0.0,0.0,0.0,13.202726,19.08,247.76082,11.61,3.0790071,1090.1934,1081.213,2373486.2,1659282.0,84.299995,83.9,236.0,747.51996,149.65756,59
2025-03-01 16:00:00+00:00,4.0,28.852,23.002,25.708252,30.617352,24.675495,27.827219,42213.637,39579.094,0.0,0.0,0.0,27.153164,29.519999,194.14072,22.49,4.5568805,1115.9016,1109.0403,2415700.0,1698861.1,84.299995,83.9,236.0,770.00995,154.21445,60
2025-03-02 16:00:00+00:00,4.0,28.902,23.652,25.647835,31.400352,25.699299,27.986954,42290.887,39659.152,0.90000004,0.90000004,3.0,14.186923,15.84,255.58635,20.89,4.5366464,1141.5494,1137.0272,2457991.0,1738520.2,85.2,84.8,239.0,790.89996,158.7511,61
2025-03-03 16:00:00+00:00,4.0,28.452,22.952,25.010332,30.738033,25.152422,26.81637,42368.12,39739.082,0.0,0.0,0.0,14.759999,9.36,260.14978,22.95,4.865379,1166.5598,1163.8436,2500359.0,1778259.4,85.2,84.8,239.0,813.85,163.61647,62
2025-03-04 16:00:00+00:00,4.0,25.102,17.902,22.095749,25.652718,17.162136,21.958197,42445.277,23577.023,0.0,0.0,0.0,16.071491,18.0,318.4812,11.25,3.2327118,1188.6555,1185.8019,2542804.2,1801836.4,85.2,84.8,239.0,825.1,166.84918,63
2025-03-05 16:00:00+00:00,4.0,18.002,16.502,17.339502,17.218142,15.188065,16.208761,42522.293,11548.115,0.0,0.0,0.0,12.979984,9.0,230.30875,5.91,1.7533705,1205.995,1202.0106,2585326.5,1813384.5,85.2,84.8,239.0,831.00995,168.60255,64
2025-03-06 16:00:00+00:00,4.0,21.402,16.202,18.3395,20.264503,14.13932,16.383944,42599.117,36446.043,0.0,0.0,0.0,16.923828,11.159999,295.71518,19.48,4.2637672,1224.3345,1218.3945,2627925.5,1849830.5,85.2,84.8,239.0,850.4899,172.86632,65
2025-03-07 16:00:00+00:00,4.0,23.552,16.152,19.52075,21.971878,14.420763,17.883728,42675.695,40056.137,0.0,0.0,0.0,19.296133,13.32,287.03116,23.93,4.9961753,1243.8552,1236.2783,2670601.2,1889886.6,85.2,84.8,239.0,874.4199,177.86249,66
