date,elevation,temperature_2m_max,temperature_2m_min,temperature_2m_mean,apparent_temperature_max,apparent_temperature_min,apparent_temperature_mean,daylight_duration,sunshine_duration,precipitation_sum,rain_sum,precipitation_hours,wind_speed_10m_max,wind_gusts_10m_max,wind_direction_10m_dominant,shortwave_radiation_sum,et0_fao_evapotranspiration,cumulative_temperature_2m_mean,cumulative_apparent_temperature_mean,cumulative_daylight_duration,cumulative_sunshine_duration,cumulative_precipitation_sum,cumulative_rain_sum,cumulative_precipitation_hours,cumulative_shortwave_radiation_sum,cumulative_et0_fao_evapotranspiration,day
2025-01-01 16:00:00+00:00,1761.0,13.4855,11.785501,12.635501,13.792788,12.054125,13.023605,38748.566,333.96103,9.2,9.2,24.0,3.3092597,18.0,86.63364,2.73,0.5874625,12.635501,13.023605,38748.566,333.96103,9.2,9.2,24.0,2.73,0.5874625,1
2025-01-02 16:00:00+00:00,1761.0,12.5855,9.5855,11.502168,13.077518,8.637268,11.492902,38770.88,9601.702,5.8999996,5.8999996,24.0,4.503598,25.56,87.005806,3.85,0.74953103,24.137669,24.516506,77519.445,9935.663,15.099999,15.099999,48.0,6.58,1.3369935,2
2025-01-03 16:00:00+00:00,1761.0,13.6855,7.5355,10.127168,12.663658,6.053918,8.962957,38794.832,35874.24,0.5,0.5,5.0,5.4029994,26.64,89.780495,12.81,1.9591653,34.264835,33.47946,116314.28,45809.902,15.599999,15.599999,53.0,19.39,3.2961588,3
2025-01-04 16:00:00+00:00,1761.0,13.4355,8.5855,10.550084,12.211601,7.666319,9.755949,38820.406,35861.758,1.2,1.2,10.0,4.514377,30.599998,232.77902,11.27,1.7796905,44.81492,43.235413,155134.69,81671.66,16.8,16.8,63.0,30.66,5.0758495,4
2025-01-05 16:00:00+00:00,1761.0,14.8355,6.8855,10.368833,14.254536,5.6881056,9.52274,38847.57,35851.047,0.5,0.5,5.0,3.0652895,34.2,55.840214,12.29,1.9883275,55.18375,52.758152,193982.25,117522.7,17.3,17.3,68.0,42.95,7.064177,5
2025-01-06 16:00:00+00:00,1761.0,12.7355,6.6855,9.5250845,11.929514,5.2109785,8.502493,38876.312,28920.344,1.5000002,1.5000002,12.0,3.536439,33.839996,87.98342,8.76,1.4192499,64.70883,61.260643,232858.56,146443.05,18.8,18.8,80.0,51.71,8.483427,6
2025-01-07 16:00:00+00:00,1761.0,13.5855,6.3355002,9.623,12.785168,5.119466,8.616521,38906.92,35834.938,1.6000001,1.6000001,8.0,2.36753,35.28,333.43503,12.86,2.007009,74.33183,69.87717,271765.5,182277.98,20.4,20.4,88.0,64.57,10.490437,7
2025-01-08 16:00:00+00:00,1761.0,13.035501,5.6855,9.160501,12.044382,3.9473705,8.062083,38939.5,28949.492,3.6999998,3.6999998,10.0,3.438895,36.36,58.799583,8.5,1.421375,83.49233,77.93925,310705.0,211227.47,24.099998,24.099998,98.0,73.07,11.911812,8
2025-01-09 16:00:00+00:00,1761.0,9.3355,6.4355,7.4271665,8.390058,4.8137856,6.09652,38973.977,18878.121,9.899999,9.899999,24.0,4.3349743,27.0,92.98421,5.46,0.86258554,90.9195,84.03577,349678.97,230105.6,33.999996,33.999996,122.0,78.53,12.774397,9
2025-01-10 16:00:00+00:00,1761.0,9.0855,5.9855003,7.19175,8.007407,4.5556765,6.0253386,39010.293,24807.594,10.000001,10.000001,22.0,2.8174455,30.599998,134.67264,6.79,1.046779,98.11125,90.061104,388689.25,254913.19,43.999996,43.999996,144.0,85.32,13.821176,10
2025-01-11 16:00:00+00:00,1761.0,11.4855,4.0355,7.570917,10.252195,2.0171323,6.091072,39048.36,35818.92,1.5000001,1.5000001,11.0,3.6179552,32.399998,88.07253,12.02,1.8056136,105.68217,96.152176,427737.62,290732.12,45.499996,45.499996,155.0,97.34,15.626789,11
2025-01-12 16:00:00+00:00,1761.0,13.285501,3.9854999,8.42925,13.037254,2.0881548,7.1616178,39088.117,35818.19,0.5,0.5,5.0,3.964089,28.8,80.42381,15.27,2.3096583,114.11142,103.3138,466825.75,326550.3,45.999996,45.999996,160.0,112.61,17.936447,12
2025-01-13 16:00:00+00:00,1761.0,15.1855,5.1355,10.2750845,15.135681,3.631599,9.5568695,39129.49,35818.785,0.8,0.8,6.0,2.9301877,31.319998,17.878775,15.85,2.5002599,124.386505,112.87067,505955.25,362369.1,46.799995,46.799995,166.0,128.46,20.436707,13
2025-01-14 16:00:00+00:00,1761.0,11.785501,7.9855003,10.566751,12.0505085,6.7690954,10.257925,39172.402,0.0,15.0,15.0,24.0,3.7971036,28.08,66.037476,2.12,0.4896523,134.95326,123.12859,545127.6,362369.1,61.799995,61.799995,190.0,130.58,20.92636,14
2025-01-15 16:00:00+00:00,1761.0,9.9855,6.6855,7.900085,9.120833,5.500429,6.791218,39216.793,24062.799,4.599999,4.599999,22.0,3.4199998,32.760002,100.304794,7.79,1.2072402,142.85335,129.91982,584344.44,386431.9,66.399994,66.399994,212.0,138.37,22.1336,15
2025-01-16 16:00:00+00:00,1761.0,11.9355,4.1355,8.287583,11.000203,2.2989597,6.931152,39262.586,31989.158,1.2000002,1.2000002,11.0,4.5322843,24.84,88.90728,11.08,1.7027746,151.14093,136.85097,623607.0,418421.06,67.59999,67.59999,223.0,149.45,23.836374,16
2025-01-17 16:00:00+00:00,1761.0,10.4855,6.1855,8.668834,10.023723,4.7034626,7.654654,39309.715,24954.22,2.3999999,2.3999999,9.0,2.7943513,28.08,85.77785,7.57,1.2182925,159.80977,144.50562,662916.7,443375.28,69.99999,69.99999,232.0,157.02,25.054667,17
2025-01-18 16:00:00+00:00,1761.0,14.7355,8.5855,11.054252,14.026827,7.6293344,10.515754,39358.11,35841.637,4.1,4.1,17.0,4.3536186,33.48,251.01222,11.49,1.8544966,170.86401,155.02136,702274.8,479216.9,74.09999,74.09999,249.0,168.51001,26.909163,18
2025-01-19 16:00:00+00:00,1761.0,14.535501,6.5355,10.048001,14.202597,5.3830585,9.134675,39407.7,35850.234,2.1000004,2.1000004,13.0,3.143565,38.519997,226.50737,13.87,2.19217,180.91202,164.15604,741682.5,515067.12,76.19999,76.19999,262.0,182.38,29.101332,19
2025-01-20 16:00:00+00:00,1761.0,13.0855,6.7855,9.543835,12.503838,5.3706455,8.466004,39458.414,35753.266,0.9000001,0.9000001,6.0,3.8141315,26.64,102.24783,12.84,1.9948994,190.45586,172.62204,781140.94,550820.4,77.09999,77.09999,268.0,195.22,31.096231,20
2025-01-21 16:00:00+00:00,1761.0,12.4855,7.7355003,9.539667,11.649593,6.473216,8.6279745,39510.195,32654.344,1.2,1.2,7.0,3.9640884,30.960001,187.23674,8.4,1.3386257,199.99553,181.25002,820651.1,583474.75,78.29999,78.29999,275.0,203.62,32.434856,21
2025-01-22 16:00:00+00:00,1761.0,16.085499,7.5355,11.445918,15.738661,6.2339535,10.866494,39562.977,35886.11,6.2000003,6.2000003,10.0,4.5820518,35.64,285.9032,14.24,2.3035436,211.44145,192.11652,860214.1,619360.9,84.499985,84.499985,285.0,217.86,34.7384,22
2025-01-23 16:00:00+00:00,1761.0,16.2355,9.1855,12.060501,16.365515,8.657081,11.770068,39616.684,35898.22,2.4999995,2.4999995,12.0,3.9518096,36.36,220.97159,13.32,2.2068286,223.50195,203.88658,899830.8,655259.1,86.999985,86.999985,297.0,231.18,36.94523,23
2025-01-24 16:00:00+00:00,1761.0,15.3355,8.8855,11.420918,15.019577,8.371162,10.93209,39671.26,35318.97,3.3,3.3,14.0,2.6758924,37.8,233.36577,13.46,2.2132459,234.92287,214.81866,939502.06,690578.1,90.29999,90.29999,311.0,244.64,39.158474,24
2025-01-25 16:00:00+00:00,1761.0,13.4855,8.1855,10.258417,12.318764,7.489134,9.53238,39726.637,27642.771,5.6,5.6,21.0,2.907989,30.599998,230.64824,9.55,1.5875963,245.18129,224.35104,979228.7,718220.9,95.89999,95.89999,332.0,254.19,40.74607,25
2025-01-26 16:00:00+00:00,1761.0,9.1355,5.2855,7.3021674,8.482036,3.6554298,6.2151284,39782.77,2679.285,13.500002,13.500002,24.0,3.2599385,29.519999,108.88615,3.26,0.6210816,252.48346,230.56618,1019011.44,720900.2,109.39999,109.39999,356.0,257.45,41.367153,26
2025-01-27 16:00:00+00:00,1761.0,8.7355,4.8355002,6.435501,7.5219917,2.9373064,4.83791,39840.145,34732.5,2.0000002,2.0000002,11.0,3.964089,33.48,98.28363,9.53,1.4110566,258.91895,235.40408,1058851.6,755632.7,111.39999,111.39999,367.0,266.98,42.77821,27
2025-01-28 16:00:00+00:00,1761.0,9.2355,5.2855,6.8125834,8.118794,3.4819674,5.3160977,39898.99,27435.266,3.3,3.3,21.0,4.143911,31.319998,97.04908,9.07,1.3793281,265.73154,240.72018,1098750.6,783067.94,114.69999,114.69999,388.0,276.05002,44.15754,28
2025-01-29 16:00:00+00:00,1761.0,12.4855,3.7354999,8.2021675,11.260857,1.8479991,6.7883325,39959.215,36130.305,1.6000003,1.6000003,13.0,3.244996,30.599998,88.025116,14.36,2.1661363,273.93372,247.50851,1138709.9,819198.25,116.29999,116.29999,401.0,290.41,46.323677,29
2025-01-30 16:00:00+00:00,1761.0,13.1355,7.8855,10.158417,13.102396,6.7865334,9.580262,40020.746,16194.549,21.6,21.6,22.0,4.4274144,28.44,94.11812,4.74,0.8454068,284.09213,257.08878,1178730.6,835392.8,137.9,137.9,423.0,295.15,47.169083,30
2025-01-31 16:00:00+00:00,1761.0,16.6355,11.0855,13.450082,17.485054,11.022613,13.938674,40083.48,32942.66,11.300001,11.300001,22.0,3.710795,32.760002,153.68196,10.21,1.7455493,297.5422,271.02744,1218814.1,868335.5,149.2,149.2,445.0,305.36,48.91463,31
2025-02-01 16:00:00+00:00,1761.0,17.2855,11.3355,13.606334,17.220432,11.186358,13.768153,40147.35,36000.0,4.3,4.3,19.0,4.6730714,51.48,246.0228,12.7,2.155149,311.14853,284.7956,1258961.5,904335.5,153.5,153.5,464.0,318.06,51.06978,32
2025-02-02 16:00:00+00:00,1761.0,14.285501,7.9355,11.0855,13.466141,6.938651,10.563987,40212.273,31912.525,5.4000006,5.4000006,24.0,3.8939953,39.239998,218.0657,10.4,1.7177609,322.23404,295.3596,1299173.8,936248.0,158.9,158.9,488.0,328.46,52.78754,33
2025-02-03 16:00:00+00:00,1761.0,8.1855,5.9855003,7.1271667,7.140298,4.2917633,5.799398,40278.164,4305.867,7.1,7.1,23.0,3.7064266,26.64,110.26151,4.89,0.82341886,329.3612,301.159,1339451.9,940553.9,166.0,166.0,511.0,333.35,53.61096,34
2025-02-04 16:00:00+00:00,1761.0,9.7355,4.9855003,7.2896667,8.390898,3.3263216,5.8649917,40344.95,35200.68,4.2000003,4.2000003,16.0,3.550155,38.88,196.20909,11.15,1.6155921,336.65088,307.024,1379796.9,975754.56,170.2,170.2,527.0,344.5,55.22655,35
2025-02-05 16:00:00+00:00,1761.0,13.4855,7.1855,9.7230015,12.396225,6.1308355,8.907663,40412.54,31172.156,3.8000007,3.8000007,15.0,3.710795,32.760002,170.07382,10.74,1.7111603,346.37387,315.93164,1420209.4,1006926.75,174.0,174.0,542.0,355.24,56.93771,36
2025-02-06 16:00:00+00:00,1761.0,15.285501,7.3355002,10.7355,15.128468,6.042222,10.041079,40480.875,36082.816,3.7,3.7,12.0,4.143911,38.519997,104.42083,13.96,2.2914255,357.10938,325.97272,1460690.2,1043009.56,177.7,177.7,554.0,369.19998,59.229134,37
2025-02-07 16:00:00+00:00,1761.0,9.5855,5.7855,7.4021683,9.052175,4.12939,6.1423535,40549.867,35138.45,6.1999993,6.1999993,24.0,4.1556225,34.56,94.02581,9.6,1.4748812,364.51154,332.11508,1501240.1,1078148.0,183.9,183.9,578.0,378.8,60.704014,38
2025-02-08 16:00:00+00:00,1761.0,9.9355,5.7855,7.4917502,9.163023,4.3509245,6.152327,40619.45,28077.674,3.3999999,3.3999999,22.0,4.6730714,30.960001,97.9695,9.93,1.5189514,372.0033,338.2674,1541859.6,1106225.6,187.29999,187.29999,600.0,388.72998,62.222965,39
2025-02-09 16:00:00+00:00,1761.0,14.2355,4.5855002,9.239667,14.074072,2.83982,8.218444,40689.543,36278.89,0.9000001,0.9000001,9.0,4.060985,36.0,61.882214,15.65,2.4468257,381.24295,346.48584,1582549.1,1142504.5,188.19998,188.19998,609.0,404.37997,64.66979,40
2025-02-10 16:00:00+00:00,1761.0,15.5855,6.8355002,11.314667,15.920677,5.5359364,10.823764,40760.082,36163.07,0.7,0.7,6.0,3.9966483,27.72,108.81199,14.46,2.3612382,392.55762,357.3096,1623309.2,1178667.6,188.89998,188.89998,615.0,418.83997,67.03103,41
2025-02-11 16:00:00+00:00,1761.0,13.7355,11.8355,12.956333,14.456396,12.01713,13.496278,40830.99,0.0,37.000004,37.000004,24.0,3.9966483,35.28,118.37268,1.85,0.47822115,405.51395,370.80588,1664140.2,1178667.6,225.89998,225.89998,639.0,420.68997,67.50925,42
2025-02-12 16:00:00+00:00,1761.0,14.6855,11.5855,12.960499,15.622627,11.552194,13.310715,40902.195,0.0,52.699997,52.699997,24.0,4.6834598,37.079998,84.92581,2.89,0.62429076,418.47446,384.11658,1705042.5,1178667.6,278.59998,278.59998,663.0,423.58,68.13354,43
2025-02-13 16:00:00+00:00,1761.0,14.3355,10.6855,12.352166,14.889853,10.434969,12.573798,40973.637,14291.9375,4.2999997,4.2999997,18.0,3.189608,25.56,73.65911,6.53,1.1741067,430.82663,396.69037,1746016.1,1192959.5,282.89996,282.89996,681.0,430.11,69.30765,44
2025-02-14 16:00:00+00:00,1761.0,18.409,11.409,14.4173355,18.965368,10.222554,14.014506,41032.88,36629.246,0.0,0.0,0.0,8.557102,54.36,278.09998,17.34,2.983898,445.24396,410.70486,1787049.0,1229588.8,282.89996,282.89996,681.0,447.44998,72.29154,45
2025-02-15 16:00:00+00:00,1761.0,19.309,10.709001,14.417333,19.718424,7.695483,12.441846,41104.945,37080.52,0.0,0.0,0.0,10.144082,54.36,275.10208,19.86,3.897308,459.6613,423.1467,1828154.0,1266669.2,282.89996,282.89996,681.0,467.31,76.18885,46
2025-02-16 16:00:00+00:00,1761.0,15.009001,8.909,11.281918,15.327209,5.670537,9.542783,41177.66,36735.31,0.0,0.0,0.0,8.473393,56.519997,281.75665,17.75,2.9989185,470.9432,432.68948,1869331.6,1303404.5,282.89996,282.89996,681.0,485.06,79.18777,47
2025-02-17 16:00:00+00:00,1761.0,12.109,7.3589997,9.440249,11.666365,4.5214157,7.8419933,41251.28,31281.367,0.0,0.0,0.0,8.217153,58.32,5.079507,13.81,2.2147028,480.38345,440.53146,1910582.9,1334685.9,282.89996,282.89996,681.0,498.87,81.40247,48
2025-02-18 16:00:00+00:00,1761.0,10.609,6.959,8.242333,9.803887,6.0236616,7.208275,41325.73,28088.973,0.1,0.0,1.0,5.8048253,55.8,85.36464,7.98,1.1845326,488.6258,447.73975,1951908.6,1362774.9,282.99997,282.89996,682.0,506.85,82.587006,49
2025-02-19 16:00:00+00:00,1761.0,11.359,7.259,9.263166,10.586583,6.2611294,8.498317,41400.938,27880.094,0.2,0.0,2.0,5.8048253,48.96,143.13005,8.24,1.2784222,497.88895,456.23807,1993309.5,1390655.0,283.19998,282.89996,684.0,515.09,83.865425,50
2025-02-20 16:00:00+00:00,1761.0,11.559,7.309,9.819417,11.102686,6.2147846,8.586154,41476.836,18081.246,0.0,0.0,0.0,8.759178,51.12,90.000084,7.18,1.1576475,507.70837,464.82422,2034786.4,1408736.2,283.19998,282.89996,684.0,522.27,85.02307,51
2025-02-21 16:00:00+00:00,1761.0,10.009001,6.6089997,8.209,8.907127,5.396515,7.125918,41553.355,26459.875,0.0,0.0,0.0,7.6367526,59.399998,84.833145,8.37,1.1450102,515.91736,471.95013,2076339.8,1435196.1,283.19998,282.89996,684.0,530.64,86.16808,52
2025-02-22 16:00:00+00:00,1761.0,12.759001,7.8589997,10.248583,12.594074,6.311681,9.578257,41630.434,33584.004,0.3,0.0,3.0,5.0142193,52.56,276.58176,11.15,1.7785816,526.16595,481.52838,2117970.2,1468780.1,283.49997,282.89996,687.0,541.79004,87.94666,53
2025-02-23 16:00:00+00:00,1761.0,10.009001,4.6089997,7.69025,9.106569,2.4064808,6.4684815,41707.996,25968.955,0.0,0.0,0.0,6.792466,57.6,59.376503,7.43,1.094357,533.8562,487.99686,2159678.2,1494749.1,283.49997,282.89996,687.0,549.22003,89.04102,54
2025-02-24 16:00:00+00:00,1761.0,11.309,4.709,8.42775,11.154375,2.3893027,7.3008637,41785.98,36449.67,0.0,0.0,0.0,7.754637,39.6,310.60135,14.56,2.0593898,542.28394,495.29773,2201464.2,1531198.8,283.49997,282.89996,687.0,563.78,91.10041,55
2025-02-25 16:00:00+00:00,1761.0,13.459001,7.8589997,10.694417,13.609886,6.3999414,9.872411,41864.32,35654.066,0.0,0.0,0.0,5.2416787,36.36,138.01323,13.46,2.132592,552.97833,505.17014,2243328.5,1566852.9,283.49997,282.89996,687.0,577.24005,93.233,56
2025-02-26 16:00:00+00:00,1761.0,12.309,9.259001,10.761085,11.910965,8.719546,10.343223,41942.953,20241.406,0.3,0.0,3.0,5.8603754,39.6,98.09545,7.95,1.2284942,563.73944,515.51337,2285271.5,1587094.2,283.79996,282.89996,690.0,585.19006,94.461494,57
2025-02-27 16:00:00+00:00,1761.0,19.1945,10.159,13.910355,19.403791,9.745589,13.521576,42021.816,35584.438,0.3,0.0,3.0,9.726665,34.92,213.38853,19.14,3.2179666,577.6498,529.0349,2327293.2,1622678.8,284.09995,282.89996,693.0,604.3301,97.67946,58
2025-02-28 16:00:00+00:00,1761.0,18.7445,12.2445,14.244499,17.933699,11.058194,13.427302,42100.844,38909.266,0.90000004,0.6,3.0,9.178235,5.04,92.9137,11.91,2.0901482,591.8943,542.4622,2369394.0,1661588.0,284.99994,283.49997,696.0,616.24005,99.76961,59
2025-03-01 16:00:00+00:00,1761.0,20.4445,10.1945,14.319501,20.87368,8.185511,13.743066,42179.977,39527.94,1.8,0.0,9.0,11.570515,14.04,242.83519,23.14,3.8277402,606.2138,556.20526,2411574.0,1701116.0,286.79993,283.49997,705.0,639.38007,103.59735,60
2025-03-02 16:00:00+00:00,1761.0,18.5945,10.0945,13.881999,19.931402,9.243197,13.817902,42259.156,39610.305,3.2999995,0.0,15.0,11.212135,12.24,255.20337,23.72,3.6824005,620.0958,570.0232,2453833.2,1740726.2,290.0999,283.49997,720.0,663.10004,107.279755,61
2025-03-03 16:00:00+00:00,1761.0,19.2445,9.2445,13.746582,20.177479,7.593113,13.281761,42338.31,39692.527,0.6,0.0,6.0,11.901798,11.879999,262.87518,24.38,3.8821378,633.8424,583.30493,2496171.5,1780418.8,290.69992,283.49997,726.0,687.48004,111.161896,62
2025-03-04 16:00:00+00:00,1761.0,14.2945,9.3445,11.932,13.88283,8.1784725,11.344635,42417.383,25281.502,2.9999998,0.6,18.0,11.252519,11.159999,269.0089,7.02,1.1254885,645.7744,594.64954,2538589.0,1805700.2,293.69992,284.09998,744.0,694.50006,112.287384,63
2025-03-05 16:00:00+00:00,1761.0,8.9945,4.6445,7.482001,7.8397245,3.181734,5.9511857,42496.316,24755.318,0.3,0.3,3.0,9.0645685,7.5599995,260.39487,7.66,1.0487714,653.2564,600.6007,2581085.2,1830455.6,293.9999,284.39996,747.0,702.16003,113.33616,64
2025-03-06 16:00:00+00:00,1761.0,11.7445,4.5445,6.9861665,10.810466,2.9346185,5.3063436,42575.05,36901.703,0.0,0.0,0.0,11.165805,6.8399997,251.66676,18.99,2.4550214,660.24255,605.90704,2623660.2,1867357.4,293.9999,284.39996,747.0,721.15,115.79118,65
2025-03-07 16:00:00+00:00,1761.0,13.8445,4.2445,8.638249,13.297228,1.5926275,6.9430046,42653.53,40018.703,0.0,0.0,0.0,10.446206,6.8399997,249.02654,21.27,3.038409,668.8808,612.85004,2666313.8,1907376.1,293.9999,284.39996,747.0,742.42004,118.82959,66
