date,elevation,temperature_2m_max,temperature_2m_min,temperature_2m_mean,apparent_temperature_max,apparent_temperature_min,apparent_temperature_mean,daylight_duration,sunshine_duration,precipitation_sum,rain_sum,precipitation_hours,wind_speed_10m_max,wind_gusts_10m_max,wind_direction_10m_dominant,shortwave_radiation_sum,et0_fao_evapotranspiration,cumulative_temperature_2m_mean,cumulative_apparent_temperature_mean,cumulative_daylight_duration,cumulative_sunshine_duration,cumulative_precipitation_sum,cumulative_rain_sum,cumulative_precipitation_hours,cumulative_shortwave_radiation_sum,cumulative_et0_fao_evapotranspiration,day
2025-01-01 16:00:00+00:00,372.0,16.6845,14.6345,15.603251,16.619907,14.0947075,15.200105,38386.67,0.0,8.1,8.1,12.0,17.137852,32.760002,10.715998,2.2,0.657454,15.603251,15.200105,38386.67,0.0,8.1,8.1,12.0,2.2,0.657454,1
2025-01-02 16:00:00+00:00,372.0,16.3845,14.0345,15.024083,14.067148,11.524435,12.661794,38410.707,31866.064,0.2,0.2,2.0,21.72638,49.32,17.555817,8.79,2.0367057,30.627335,27.861898,76797.375,31866.064,8.3,8.3,14.0,10.99,2.6941597,2
2025-01-03 16:00:00+00:00,372.0,19.484499,12.584499,15.659497,19.23928,10.972251,14.79913,38436.51,35516.71,0.0,0.0,0.0,12.886039,32.760002,23.01617,13.5,2.444679,46.28683,42.66103,115233.89,67382.77,8.3,8.3,14.0,24.49,5.138839,3
2025-01-04 16:00:00+00:00,372.0,17.3845,13.1845,14.874081,17.744669,12.895767,14.797875,38464.06,27351.84,1.8000002,1.8000002,12.0,12.972494,29.88,357.44,8.12,1.3446552,61.16091,57.458904,153697.95,94734.61,10.1,10.1,26.0,32.61,6.483494,4
2025-01-05 16:00:00+00:00,372.0,17.3345,12.584499,14.77617,15.064007,10.451577,12.926974,38493.316,35579.094,0.1,0.1,1.0,18.72346,45.36,17.184404,15.83,2.700936,75.93708,70.38588,192191.27,130313.7,10.200001,10.200001,27.0,48.440002,9.18443,5
2025-01-06 16:00:00+00:00,372.0,16.5345,11.084499,13.405334,14.972221,8.975606,11.819946,38524.27,34848.062,0.0,0.0,0.0,10.823973,31.319998,14.18878,11.52,2.0145125,89.342415,82.205826,230715.53,165161.77,10.200001,10.200001,27.0,59.960003,11.198942,6
2025-01-07 16:00:00+00:00,372.0,17.484499,11.9345,14.461585,17.03055,10.663181,13.465045,38557.234,35614.992,0.0,0.0,0.0,11.688918,30.239998,8.750351,14.01,2.2423384,103.804,95.67087,269272.75,200776.75,10.200001,10.200001,27.0,73.97,13.44128,7
2025-01-08 16:00:00+00:00,372.0,15.6345005,11.7345,13.324082,13.523539,8.441069,11.070853,38592.32,35610.36,0.0,0.0,0.0,18.158602,41.399998,16.170355,10.67,2.040917,117.12808,106.74172,307865.06,236387.11,10.200001,10.200001,27.0,84.64,15.482197,8
2025-01-09 16:00:00+00:00,372.0,13.1345,10.4345,11.599083,8.990021,6.6299763,7.7828293,38629.453,35607.1,1.1000001,1.1000001,11.0,21.38897,47.88,14.458176,10.62,2.3104546,128.72717,114.52455,346494.5,271994.22,11.300001,11.300001,38.0,95.26,17.792652,9
2025-01-10 16:00:00+00:00,372.0,14.334499,10.7345,11.871999,11.915964,7.9743614,9.160663,38668.555,35605.22,1.9000002,1.9000002,12.0,19.800817,43.199997,7.2592254,12.34,2.07649,140.59917,123.68521,385163.06,307599.44,13.200002,13.200002,50.0,107.600006,19.869143,10
2025-01-11 16:00:00+00:00,372.0,14.6345,10.084499,11.942836,11.32645,6.7336044,8.751152,38709.555,35604.727,0.0,0.0,0.0,18.900856,44.28,10.528235,14.95,2.6702344,152.542,132.43637,423872.62,343204.16,13.200002,13.200002,50.0,122.55,22.539377,11
2025-01-12 16:00:00+00:00,372.0,17.4345,7.9344997,12.955334,16.015171,5.880863,11.450854,38752.363,35605.61,0.0,0.0,0.0,9.761578,27.359999,4.189875,15.66,2.504059,165.49734,143.88722,462625.0,378809.75,13.200002,13.200002,50.0,138.21,25.043436,12
2025-01-13 16:00:00+00:00,372.0,18.1345,10.2845,14.538666,17.864069,9.310852,14.199699,38796.914,35607.875,0.1,0.1,1.0,7.9036193,25.56,337.2152,15.67,2.4541194,180.03601,158.08691,501421.9,414417.62,13.300002,13.300002,51.0,153.88,27.497555,13
2025-01-14 16:00:00+00:00,372.0,13.9345,11.1345,12.919915,13.666183,7.3008327,10.873321,38843.12,13091.781,3.3,3.3,14.0,20.73753,45.0,13.9757595,4.56,1.0367911,192.95593,168.96024,540265.0,427509.4,16.600002,16.600002,65.0,158.44,28.534346,14
2025-01-15 16:00:00+00:00,372.0,15.1845,10.334499,11.903249,12.6335335,7.2755594,8.85828,38890.914,35616.555,0.0,0.0,0.0,20.523155,49.32,11.97782,14.72,2.5183063,204.85918,177.81851,579155.94,463125.97,16.600002,16.600002,65.0,173.16,31.052652,15
2025-01-16 16:00:00+00:00,372.0,15.6345005,10.4845,12.419915,13.364677,7.554186,9.914438,38940.215,35622.97,0.3,0.3,3.0,15.564537,39.6,10.805992,14.81,2.5141823,217.2791,187.73296,618096.1,498748.94,16.900002,16.900002,68.0,187.97,33.566833,16
2025-01-17 16:00:00+00:00,372.0,17.0845,10.334499,13.742833,15.889088,8.790057,12.777303,38990.95,35117.38,3.0,3.0,12.0,10.215693,28.8,359.8642,10.27,1.7791796,231.02193,200.51025,657087.06,533866.3,19.900002,19.900002,80.0,198.24,35.346012,17
2025-01-18 16:00:00+00:00,372.0,16.0345,13.1845,14.038667,14.822092,11.659745,13.250468,39043.047,31542.496,4.5999994,4.5999994,15.0,14.410121,36.36,7.8486843,10.45,1.5727513,245.0606,213.76073,696130.1,565408.8,24.5,24.5,95.0,208.69,36.918762,18
2025-01-19 16:00:00+00:00,372.0,17.7845,10.9345,14.063667,17.10666,9.461184,12.5407295,39096.43,35650.57,0.0,0.0,0.0,14.597767,37.44,14.248557,14.54,2.4732294,259.12427,226.30145,735226.56,601059.4,24.5,24.5,95.0,223.23,39.39199,19
2025-01-20 16:00:00+00:00,372.0,18.8845,10.0345,14.469914,18.515305,8.467506,13.616288,39151.023,35662.555,0.0,0.0,0.0,9.255571,27.72,19.078785,14.57,2.4150891,273.59418,239.91774,774377.56,636721.94,24.5,24.5,95.0,237.79999,41.80708,20
2025-01-21 16:00:00+00:00,372.0,17.8345,11.9345,14.67825,17.832178,11.343944,14.648998,39206.76,35675.945,0.1,0.1,1.0,7.42159,25.199999,340.95538,12.56,2.004012,288.27243,254.56674,813584.3,672397.9,24.6,24.6,96.0,250.35999,43.811092,21
2025-01-22 16:00:00+00:00,372.0,17.984499,12.6345,14.849083,17.712564,11.967796,14.230641,39263.562,33519.63,0.1,0.1,1.0,12.882267,30.599998,10.938634,14.56,2.2580717,303.12152,268.7974,852847.9,705917.5,24.7,24.7,97.0,264.91998,46.069164,22
2025-01-23 16:00:00+00:00,372.0,19.2845,12.7845,15.5928335,18.430273,10.975795,14.472756,39321.37,35722.055,0.0,0.0,0.0,14.769874,36.36,14.232302,15.03,2.552174,318.71436,283.27014,892169.25,741639.56,24.7,24.7,97.0,279.94998,48.621338,23
2025-01-24 16:00:00+00:00,372.0,18.9345,13.584499,15.59908,18.151382,12.458708,14.47229,39380.105,35734.24,0.0,0.0,0.0,16.920958,40.68,12.094753,15.69,2.5605996,334.31345,297.74243,931549.4,777373.8,24.7,24.7,97.0,295.63998,51.18194,24
2025-01-25 16:00:00+00:00,372.0,17.2845,11.1345,14.1345,15.714294,8.128355,12.247945,39439.695,35743.63,0.3,0.3,3.0,21.2522,47.88,6.697811,14.62,2.263208,348.44794,309.9904,970989.06,813117.44,25.0,25.0,100.0,310.25998,53.445145,25
2025-01-26 16:00:00+00:00,372.0,10.7845,7.9344997,9.138667,7.5912304,3.8889399,5.1857853,39500.098,15599.614,5.4,5.4,12.0,22.637817,48.239998,11.2305975,5.77,1.2823689,357.5866,315.17618,1010489.2,828717.06,30.4,30.4,112.0,316.02997,54.727512,26
2025-01-27 16:00:00+00:00,372.0,15.0345,7.3345003,10.840749,11.693747,3.1049585,7.0508676,39561.836,35855.56,0.0,0.0,0.0,19.627428,47.16,14.715128,16.41,3.150032,368.42737,322.22705,1050051.0,864572.6,30.4,30.4,112.0,332.43997,57.877544,27
2025-01-28 16:00:00+00:00,372.0,16.234499,8.4345,12.032416,14.317568,5.3702965,9.656386,39625.152,36037.055,0.0,0.0,0.0,12.145665,34.56,13.315513,15.85,2.7185197,380.45978,331.88342,1089676.1,900609.7,30.4,30.4,112.0,348.28998,60.596066,28
2025-01-29 16:00:00+00:00,372.0,17.7845,11.2845,14.355332,17.805927,10.234116,13.685641,39689.95,36062.082,0.0,0.0,0.0,8.534353,25.199999,343.0993,16.52,2.6054742,394.81512,345.56906,1129366.1,936671.75,30.4,30.4,112.0,364.80997,63.201538,29
2025-01-30 16:00:00+00:00,372.0,17.234499,10.584499,14.174083,17.348848,9.770299,13.995688,39756.145,11541.953,3.3000002,3.3000002,12.0,6.552099,16.199999,16.990906,5.75,1.1041518,408.9892,359.56476,1169122.2,948213.7,33.7,33.7,124.0,370.55997,64.30569,30
2025-01-31 16:00:00+00:00,372.0,19.1345,14.6845,16.842834,20.02161,14.923948,17.204319,39823.637,29699.262,13.2,13.2,20.0,14.539945,28.8,16.23106,9.19,1.5940453,425.83203,376.76907,1208945.9,977912.94,46.9,46.9,144.0,379.74997,65.899734,31
2025-02-01 16:00:00+00:00,372.0,17.7845,14.4845,15.582417,17.17182,13.331598,14.974292,39892.348,26769.334,6.9999995,6.9999995,14.0,15.506141,36.36,7.7650824,11.87,1.8792372,441.41446,391.74338,1248838.2,1004682.25,53.9,53.9,158.0,391.61996,67.77897,32
2025-02-02 16:00:00+00:00,372.0,14.1845,10.6345,12.336583,13.311308,7.041216,9.802156,39962.18,34401.65,6.6,6.6,18.0,22.621351,47.88,11.072342,8.71,1.424387,453.75104,401.54553,1288800.4,1039083.9,60.5,60.5,176.0,400.32996,69.203354,33
2025-02-03 16:00:00+00:00,372.0,14.0345,9.6845,11.359501,10.503136,5.7801456,7.782891,40033.05,31348.613,2.2,2.2,22.0,19.562946,46.44,11.428714,10.16,2.2882779,465.11053,409.32843,1328833.4,1070432.5,62.7,62.7,198.0,410.48996,71.49163,34
2025-02-04 16:00:00+00:00,372.0,16.0845,9.9845,13.040751,15.561016,8.4470625,11.893676,40104.88,36406.44,1.5000001,1.5000001,13.0,9.354806,31.319998,0.60128003,14.75,2.3521254,478.15128,421.2221,1368938.2,1106839.0,64.200005,64.200005,211.0,425.23996,73.84376,35
2025-02-05 16:00:00+00:00,372.0,16.9345,12.8845,14.528249,16.241009,12.503244,14.237256,40177.58,27730.701,2.0,2.0,12.0,7.596341,25.919998,3.230124,9.54,1.6427157,492.67953,435.45935,1409115.9,1134569.8,66.200005,66.200005,223.0,434.77997,75.48647,36
2025-02-06 16:00:00+00:00,372.0,15.2345,10.7345,13.209502,13.303463,7.0357685,10.737212,40251.066,34740.305,0.4,0.4,4.0,23.755226,51.48,11.172473,14.07,2.276516,505.88904,446.19656,1449367.0,1169310.0,66.600006,66.600006,227.0,448.84998,77.762985,37
2025-02-07 16:00:00+00:00,372.0,11.5345,9.3845,10.34075,7.0923805,5.1538076,6.271042,40325.258,32447.426,0.6,0.6,6.0,22.96182,51.12,10.917583,9.87,2.1367087,516.2298,452.4676,1489692.2,1201757.4,67.200005,67.200005,233.0,458.71997,79.8997,38
2025-02-08 16:00:00+00:00,372.0,14.5345,9.1845,11.330334,11.480808,6.3287134,8.436149,40400.086,35424.496,1.1000001,1.1000001,11.0,18.941954,44.639996,4.085537,14.78,2.4592774,527.5601,460.90375,1530092.4,1237181.9,68.3,68.3,244.0,473.49997,82.35897,39
2025-02-09 16:00:00+00:00,372.0,17.234499,10.1845,13.422,16.582308,8.733177,12.255851,40475.457,36823.25,0.4,0.4,4.0,12.182955,30.960001,0.6932964,17.33,2.671314,540.9821,473.1596,1570567.9,1274005.1,68.700005,68.700005,248.0,490.82996,85.03028,40
2025-02-10 16:00:00+00:00,372.0,19.3345,10.5345,15.11575,19.594421,9.498221,14.912656,40551.3,36826.957,0.0,0.0,0.0,10.63372,27.359999,352.37756,18.39,2.950357,556.09784,488.07227,1611119.1,1310832.1,68.700005,68.700005,248.0,509.21997,87.98064,41
2025-02-11 16:00:00+00:00,372.0,17.2845,14.0345,15.824084,19.134726,14.239754,16.499409,40627.535,0.0,35.8,35.8,22.0,13.896187,30.599998,14.9451275,2.05,0.51995885,571.92194,504.5717,1651746.6,1310832.1,104.5,104.5,270.0,511.26996,88.500595,42
2025-02-12 16:00:00+00:00,372.0,15.7845,13.9345,14.844916,15.46489,12.053467,13.905185,40704.09,0.0,35.399994,35.399994,17.0,18.35647,36.719997,13.565128,3.33,0.74818414,586.76685,518.47687,1692450.8,1310832.1,139.9,139.9,287.0,514.6,89.24878,43
2025-02-13 16:00:00+00:00,372.0,18.1345,14.584499,16.205332,18.61058,14.218584,16.406816,40780.895,20222.037,1.3000001,1.3000001,7.0,9.82279,24.48,359.6419,6.78,1.2736123,602.97217,534.88367,1733231.6,1331054.1,141.2,141.2,294.0,521.38,90.52239,44
2025-02-14 16:00:00+00:00,372.0,20.3845,13.6345,17.1095,22.680962,13.3997,18.04019,40857.87,37062.38,0.0,0.0,0.0,8.55142,28.08,352.4645,18.43,2.97073,620.08167,552.9238,1774089.5,1368116.5,141.2,141.2,294.0,539.81,93.493126,45
2025-02-15 16:00:00+00:00,372.0,20.1345,12.084499,16.315752,20.876717,11.49459,15.868562,40934.965,37409.883,0.0,0.0,0.0,15.85329,34.92,11.899696,18.61,3.0742443,636.3974,568.7924,1815024.5,1405526.4,141.2,141.2,294.0,558.42,96.56737,46
2025-02-16 16:00:00+00:00,372.0,21.7185,13.9185,17.341415,21.46107,12.886242,16.856455,41000.832,36031.01,0.2,0.0,2.0,13.450708,30.960001,29.618694,19.38,3.3587716,653.73883,585.64886,1856025.4,1441557.4,141.4,141.2,296.0,577.8,99.92614,47
2025-02-17 16:00:00+00:00,372.0,17.7185,13.518499,15.0185,16.962612,13.166849,14.702643,41079.94,32364.756,0.1,0.0,1.0,12.7279215,32.039997,16.036783,12.15,1.9107107,668.7573,600.3515,1897105.4,1473922.1,141.5,141.2,297.0,589.95,101.83685,48
2025-02-18 16:00:00+00:00,372.0,19.2185,12.8185,15.853917,20.594313,12.669834,16.237715,41159.94,31878.56,0.0,0.0,0.0,10.00256,24.119999,340.0168,13.74,2.2810872,684.61127,616.58923,1938265.4,1505800.6,141.5,141.2,297.0,603.69,104.11794,49
2025-02-19 16:00:00+00:00,372.0,18.5685,13.3185,15.678917,19.386526,13.695604,16.444384,41240.758,33928.867,0.0,0.0,0.0,7.10031,16.919998,287.2659,10.68,1.7669338,700.29016,633.0336,1979506.1,1539729.5,141.5,141.2,297.0,614.37,105.88488,50
2025-02-20 16:00:00+00:00,372.0,17.518501,13.1185,14.783082,16.86102,12.462559,14.135591,41322.305,28800.0,0.0,0.0,0.0,18.35647,41.760002,17.500957,13.38,1.9956948,715.07324,647.16925,2020828.4,1568529.5,141.5,141.2,297.0,627.75,107.88058,51
2025-02-21 16:00:00+00:00,372.0,20.0685,11.018499,15.335168,21.420198,10.7742405,15.8011465,41404.523,36000.0,0.0,0.0,0.0,10.105681,25.56,6.3160853,15.59,2.5135067,730.4084,662.9704,2062232.9,1604529.5,141.5,141.2,297.0,643.34,110.39408,52
2025-02-22 16:00:00+00:00,372.0,14.718499,12.4185,13.6185,13.904215,10.464116,12.688697,41487.332,6772.4556,3.3000002,3.3000002,7.0,17.026896,40.32,19.763853,4.0,0.8049996,744.02686,675.6591,2103720.2,1611302.0,144.8,144.5,304.0,647.34,111.19908,53
2025-02-23 16:00:00+00:00,372.0,14.8685,10.6185,12.541417,12.849728,9.5998535,10.941728,41570.656,31736.748,0.2,0.0,2.0,15.39184,36.0,20.893402,11.48,1.8050343,756.5683,686.6008,2145291.0,1643038.8,145.0,144.5,306.0,658.82,113.00411,54
2025-02-24 16:00:00+00:00,372.0,18.3685,11.968499,14.451833,19.156857,11.302284,14.594056,41654.438,35304.676,0.0,0.0,0.0,8.404285,20.880001,317.90195,16.61,2.5966887,771.02014,701.1949,2186945.5,1678343.4,145.0,144.5,306.0,675.43,115.6008,55
2025-02-25 16:00:00+00:00,372.0,17.3685,12.3685,14.710167,18.005806,12.309736,15.164605,41738.594,7853.7295,0.0,0.0,0.0,7.5685663,20.880001,13.930066,9.04,1.4761288,785.7303,716.3595,2228684.0,1686197.1,145.0,144.5,306.0,684.47,117.07693,56
2025-02-26 16:00:00+00:00,372.0,18.4185,13.968499,16.039333,20.015356,14.708696,17.115252,41823.062,15102.643,0.0,0.0,0.0,4.802999,13.679999,54.210884,7.24,1.297982,801.7696,733.47473,2270507.0,1701299.8,145.0,144.5,306.0,691.70996,118.37491,57
2025-02-27 16:00:00+00:00,372.0,22.1685,15.1185,18.310167,25.271175,15.314596,19.741554,41907.773,38874.695,0.0,0.0,0.0,7.7043357,19.44,6.0822196,19.12,3.1947906,820.0798,753.2163,2312414.8,1740174.5,145.0,144.5,306.0,710.82996,121.5697,58
2025-02-28 16:00:00+00:00,372.0,22.1685,15.268499,18.483084,24.96108,15.249403,20.1305,41992.656,26322.56,0.0,0.0,0.0,5.95906,16.199999,81.40411,13.42,2.3914516,838.56287,773.3468,2354407.5,1766497.0,145.0,144.5,306.0,724.24994,123.96115,59
2025-03-01 16:00:00+00:00,372.0,24.2005,18.018501,20.021835,24.997295,19.28848,21.538717,42077.652,27720.373,0.0,0.0,0.0,7.7879906,18.359999,101.41095,8.88,1.8138112,858.5847,794.8855,2396485.2,1794217.4,145.0,144.5,306.0,733.12994,125.77496,60
2025-03-02 16:00:00+00:00,372.0,27.6505,17.6505,21.781752,30.094738,17.86857,22.965744,42162.69,38934.062,0.0,0.0,0.0,11.435313,8.64,9.811189,21.43,4.1937647,880.36646,817.85126,2438648.0,1833151.5,145.0,144.5,306.0,754.55994,129.96873,61
2025-03-03 16:00:00+00:00,372.0,25.8005,19.0005,21.442167,27.342129,20.582336,22.965849,42247.703,26660.791,0.6,0.0,3.0,10.163227,17.28,205.84431,11.37,2.4539845,901.8086,840.8171,2480895.8,1859812.2,145.6,144.5,309.0,765.92993,132.42271,62
2025-03-04 16:00:00+00:00,372.0,24.1005,17.1505,19.64425,26.287506,18.433558,21.692087,42332.625,38876.75,13.199998,7.2000003,21.0,11.966953,14.4,7.8719616,17.11,2.8797953,921.4528,862.50916,2523228.5,1898689.0,158.8,151.7,330.0,783.0399,135.3025,63
2025-03-05 16:00:00+00:00,372.0,17.1505,10.6005,13.123417,18.822338,7.8999023,11.572196,42417.4,5.5517826,7.2,5.6999993,15.0,21.129883,32.039997,17.983059,2.02,0.5923836,934.57623,874.08136,2565646.0,1898694.5,166.0,157.4,345.0,785.05994,135.89488,64
2025-03-06 16:00:00+00:00,372.0,12.2005005,9.7005005,10.902584,10.479405,7.824769,8.847888,42501.953,13591.22,0.0,0.0,0.0,15.496736,21.599998,3.2518713,5.07,0.9855255,945.4788,882.92926,2608148.0,1912285.8,166.0,157.4,345.0,790.12994,136.8804,65
2025-03-07 16:00:00+00:00,372.0,14.2005005,9.8005,11.046333,12.433668,7.7845287,9.212205,42586.234,27326.455,5.4,5.4,12.0,14.973576,21.599998,11.56167,10.8,1.4905615,956.52515,892.1415,2650734.2,1939612.2,171.4,162.79999,357.0,800.92993,138.37096,66
2025-03-08 16:00:00+00:00,372.0,17.4005,10.0505,12.265083,17.57996,8.43142,11.1352005,42670.785,24828.041,2.1,2.1,6.0,14.05845,19.08,9.276317,13.34,1.9233947,968.7902,903.2767,2693405.0,1964440.2,173.5,164.9,363.0,814.26996,140.29436,67
2025-03-09 16:00:00+00:00,372.0,22.5005,10.6505,,24.11387,8.739003,,42755.863,,,,0.0,9.531505,16.199999,,,,,,2736160.8,,,,363.0,,,68
