date,elevation,temperature_2m_max,temperature_2m_min,temperature_2m_mean,apparent_temperature_max,apparent_temperature_min,apparent_temperature_mean,daylight_duration,sunshine_duration,precipitation_sum,rain_sum,precipitation_hours,wind_speed_10m_max,wind_gusts_10m_max,wind_direction_10m_dominant,shortwave_radiation_sum,et0_fao_evapotranspiration,cumulative_temperature_2m_mean,cumulative_apparent_temperature_mean,cumulative_daylight_duration,cumulative_sunshine_duration,cumulative_precipitation_sum,cumulative_rain_sum,cumulative_precipitation_hours,cumulative_shortwave_radiation_sum,cumulative_et0_fao_evapotranspiration,day
2025-01-01 16:00:00+00:00,42.0,22.1725,20.7225,21.357916,24.21381,21.877892,23.127272,38914.54,0.0,3.8999999,3.8999999,16.0,13.767352,24.119999,345.6997,3.3,1.0726376,21.357916,23.127272,38914.54,0.0,3.8999999,3.8999999,16.0,3.3,1.0726376,1
2025-01-02 16:00:00+00:00,42.0,21.0725,19.5725,20.370417,22.991302,20.762918,22.104643,38936.07,0.0,5.1999993,5.1999993,21.0,10.966713,20.519999,344.0451,2.64,0.7946861,41.728333,45.231915,77850.61,0.0,9.099999,9.099999,37.0,5.94,1.8673236,2
2025-01-03 16:00:00+00:00,42.0,21.7225,19.022501,20.064165,22.96272,19.23751,20.870703,38959.18,35917.734,0.2,0.2,2.0,8.731391,18.359999,62.934063,14.42,2.6778831,61.792496,66.102615,116809.79,35917.734,9.299999,9.299999,39.0,20.36,4.545207,3
2025-01-04 16:00:00+00:00,42.0,21.772501,19.3725,20.518333,23.357801,20.024384,21.451963,38983.848,34818.277,0.8000001,0.8000001,6.0,10.931203,22.68,355.33054,9.5,2.0670981,82.31083,87.55458,155793.64,70736.016,10.099999,10.099999,45.0,29.86,6.612305,4
2025-01-05 16:00:00+00:00,42.0,21.8725,18.9225,20.1725,25.0707,18.242014,21.349127,39010.06,35893.562,0.3,0.3,2.0,12.358542,21.599998,35.683464,14.94,2.837264,102.48333,108.90371,194803.7,106629.58,10.4,10.4,47.0,44.8,9.44957,5
2025-01-06 16:00:00+00:00,42.0,20.4225,18.1225,19.089167,20.591845,17.119392,18.57421,39037.79,32284.178,0.1,0.1,1.0,12.522619,21.24,59.225994,10.79,2.5087564,121.572495,127.47792,233841.5,138913.75,10.5,10.5,48.0,55.59,11.958326,6
2025-01-07 16:00:00+00:00,42.0,22.0725,18.3725,20.053751,22.919092,18.386833,20.806494,39067.316,35876.35,0.0,0.0,0.0,9.504273,19.44,14.659516,14.79,2.7915604,141.62625,148.28441,272908.8,174790.1,10.5,10.5,48.0,70.38,14.7498865,7
2025-01-08 16:00:00+00:00,42.0,21.3225,18.6725,19.837082,22.644083,19.017563,20.935448,39098.746,25069.79,0.3,0.3,3.0,10.172787,19.8,30.197268,9.42,1.9016249,161.46333,169.21985,312007.56,199859.88,10.8,10.8,51.0,79.799995,16.651512,8
2025-01-09 16:00:00+00:00,42.0,18.772501,16.8725,17.918337,18.822044,16.77594,17.781975,39132.016,8637.953,0.5,0.5,5.0,9.139322,19.08,17.197178,4.77,1.3228408,179.38167,187.00183,351139.56,208497.83,11.3,11.3,56.0,84.56999,17.974354,9
2025-01-10 16:00:00+00:00,42.0,18.3725,16.6725,17.349583,17.853188,16.22786,16.956488,39167.05,643.2623,0.9000001,0.9000001,9.0,11.165805,21.24,350.5098,4.29,1.3191808,196.73125,203.95831,390306.62,209141.1,12.200001,12.200001,65.0,88.85999,19.293535,10
2025-01-11 16:00:00+00:00,42.0,19.522501,16.4725,17.770418,20.625216,15.683521,17.589296,39203.785,35857.723,0.0,0.0,0.0,12.841963,23.039999,5.182916,14.79,2.7267652,214.50166,221.5476,429510.4,244998.81,12.200001,12.200001,65.0,103.649994,22.0203,11
2025-01-12 16:00:00+00:00,42.0,20.0725,16.5725,18.139166,20.83025,15.237129,17.578089,39242.14,35856.258,0.0,0.0,0.0,11.749741,19.8,60.4414,16.22,3.1313493,232.64082,239.1257,468752.56,280855.06,12.200001,12.200001,65.0,119.869995,25.15165,12
2025-01-13 16:00:00+00:00,42.0,21.8725,17.9725,19.889166,22.590052,16.814648,19.862188,39282.062,33962.508,0.8,0.8,5.0,13.6242285,20.519999,24.806145,11.12,2.6022198,252.52998,258.98788,508034.62,314817.56,13.000001,13.000001,70.0,130.98999,27.75387,13
2025-01-14 16:00:00+00:00,42.0,20.1225,18.0725,19.347502,21.221022,19.08973,20.238695,39323.473,0.0,2.9999995,2.9999995,16.0,15.14783,26.64,345.29507,2.29,0.8726182,271.87747,279.2266,547358.1,314817.56,16.0,16.0,86.0,133.27998,28.626488,14
2025-01-15 16:00:00+00:00,42.0,18.8225,16.8725,17.705833,18.907494,16.402454,17.663677,39366.305,32969.656,0.4,0.4,4.0,8.891343,18.359999,15.014098,11.37,2.1592371,289.5833,296.89026,586724.44,347787.22,16.4,16.4,90.0,144.64998,30.785725,15
2025-01-16 16:00:00+00:00,42.0,19.8225,16.8725,18.062086,20.767384,16.086746,17.86158,39410.496,35318.582,0.0,0.0,0.0,11.362834,19.8,19.559248,14.42,2.7607625,307.6454,314.75183,626134.94,383105.8,16.4,16.4,90.0,159.06998,33.546486,16
2025-01-17 16:00:00+00:00,42.0,19.6725,17.4725,18.512083,19.670153,16.408487,18.301928,39455.973,4103.048,0.2,0.2,2.0,11.837651,19.8,18.832926,5.62,1.6256031,326.15747,333.05377,665590.94,387208.88,16.6,16.6,92.0,164.68997,35.17209,17
2025-01-18 16:00:00+00:00,42.0,22.3225,18.8725,20.210001,22.964132,18.663568,20.889933,39502.67,33215.85,0.2,0.2,2.0,16.024044,27.359999,344.334,10.69,2.2692287,346.36746,353.9437,705093.6,420424.72,16.800001,16.800001,94.0,175.37997,37.44132,18
2025-01-19 16:00:00+00:00,42.0,22.022501,18.4225,19.937082,22.4913,18.59624,20.488369,39550.527,35882.41,0.2,0.2,2.0,15.176678,27.359999,30.84653,15.81,2.9468467,366.30453,374.43207,744644.1,456307.12,17.000002,17.000002,96.0,191.18997,40.388165,19
2025-01-20 16:00:00+00:00,42.0,21.9725,18.5725,20.09125,22.606472,18.586243,20.266031,39599.473,35963.81,0.0,0.0,0.0,10.801499,20.880001,71.737015,16.42,3.202578,386.39578,394.6981,784243.6,492270.94,17.000002,17.000002,96.0,207.60997,43.590744,20
2025-01-21 16:00:00+00:00,42.0,22.2225,19.5725,20.655832,23.584158,19.382578,21.287539,39649.445,27152.447,0.6,0.6,3.0,11.7,19.08,52.695976,9.1,2.2048633,407.0516,415.98563,823893.06,519423.38,17.600002,17.600002,99.0,216.70998,45.79561,21
2025-01-22 16:00:00+00:00,42.0,23.8725,19.6225,21.535002,25.318394,20.054907,22.669937,39700.38,36138.77,0.1,0.1,1.0,16.208996,28.08,348.96228,16.15,3.1441052,428.5866,438.65558,863593.44,555562.1,17.700003,17.700003,100.0,232.85997,48.939713,22
2025-01-23 16:00:00+00:00,42.0,23.6225,20.4225,21.680834,25.601923,22.457527,23.854225,39752.215,35393.55,0.0,0.0,0.0,10.028439,22.68,356.0711,13.74,2.5718668,450.26746,462.5098,903345.6,590955.7,17.700003,17.700003,100.0,246.59998,51.511578,23
2025-01-24 16:00:00+00:00,42.0,23.0725,19.9725,21.301668,25.491493,21.866856,23.22709,39804.887,35994.05,0.8000001,0.8000001,6.0,10.98,25.199999,335.8617,16.37,2.9216332,471.56912,485.73688,943150.5,626949.75,18.500002,18.500002,106.0,262.96997,54.433212,24
2025-01-25 16:00:00+00:00,42.0,22.1225,18.4225,20.351667,23.83772,18.033546,21.297487,39858.336,35956.83,1.9000002,1.9000002,9.0,16.90563,30.239998,331.751,14.43,2.7697241,491.92078,507.03436,983008.8,662906.56,20.400002,20.400002,115.0,277.39996,57.202938,25
2025-01-26 16:00:00+00:00,42.0,18.3725,16.2225,17.322504,18.616125,15.708214,16.774334,39912.508,12985.629,0.9000001,0.9000001,9.0,19.070658,33.12,344.29764,5.57,1.3936795,509.2433,523.8087,1022921.3,675892.2,21.300001,21.300001,124.0,282.96997,58.59662,26
2025-01-27 16:00:00+00:00,42.0,18.3725,16.0725,16.832916,17.657846,14.814268,16.095371,39967.89,27941.934,1.1000001,1.1000001,6.0,11.196231,20.880001,22.826263,10.01,2.073198,526.0762,539.9041,1062889.2,703834.1,22.400002,22.400002,130.0,292.97998,60.669815,27
2025-01-28 16:00:00+00:00,42.0,18.9225,16.3225,17.345419,18.680216,15.020859,16.47372,40024.69,30549.855,0.0,0.0,0.0,13.1412325,21.599998,69.277466,12.82,2.659816,543.4216,556.3778,1102914.0,734384.0,22.400002,22.400002,130.0,305.8,63.32963,28
2025-01-29 16:00:00+00:00,42.0,21.4725,17.0225,19.241253,22.050348,15.489071,18.719553,40082.824,36307.574,0.0,0.0,0.0,13.737904,21.24,70.621155,16.87,3.4437,562.66284,575.09735,1142996.9,770691.56,22.400002,22.400002,130.0,322.66998,66.77333,29
2025-01-30 16:00:00+00:00,42.0,21.2225,19.1225,20.122498,23.253433,19.646147,21.615332,40142.215,2674.3198,3.3000002,3.3000002,18.0,7.0843205,17.28,48.576485,4.14,1.0593251,582.78534,596.7127,1183139.1,773365.9,25.7,25.7,148.0,326.81,67.83266,30
2025-01-31 16:00:00+00:00,42.0,24.1725,20.6225,22.259996,27.48851,22.367878,24.959208,40202.773,30959.18,2.5,2.5,7.0,10.310403,20.880001,5.7551765,12.56,2.4107306,605.04535,621.67194,1223341.9,804325.06,28.2,28.2,155.0,339.37,70.243385,31
2025-02-01 16:00:00+00:00,42.0,23.1225,20.5725,21.82875,25.637524,23.259779,24.34382,40264.434,34387.855,1.3000001,1.3000001,6.0,9.9,22.68,310.59125,12.48,2.3342345,626.8741,646.01575,1263606.2,838712.94,29.5,29.5,161.0,351.85,72.57762,32
2025-02-02 16:00:00+00:00,42.0,21.9225,17.522501,20.057917,23.888304,18.04457,21.28971,40327.098,36091.426,1.9000003,1.9000003,13.0,13.437455,28.08,336.7318,14.94,2.6326032,646.932,667.3055,1303933.4,874804.4,31.4,31.4,174.0,366.79,75.21023,33
2025-02-03 16:00:00+00:00,42.0,18.3725,16.6725,17.387085,18.029152,15.5432415,17.10816,40390.71,26121.703,1.8,1.8,6.0,9.499158,21.599998,13.884672,7.69,1.710228,664.3191,684.41364,1344324.1,900926.06,33.2,33.2,180.0,374.48,76.920456,34
2025-02-04 16:00:00+00:00,42.0,18.3725,16.1225,17.199583,18.372713,14.887953,16.433363,40455.18,31536.514,0.6,0.6,6.0,10.739832,23.039999,69.76082,11.43,2.4032543,681.5187,700.847,1384779.2,932462.56,33.8,33.8,186.0,385.91,79.32371,35
2025-02-05 16:00:00+00:00,42.0,21.9725,17.6225,19.741251,23.654524,17.101894,20.389763,40520.438,31288.76,0.0,0.0,0.0,9.741642,21.24,51.38872,10.75,2.2465122,701.25995,721.23676,1425299.8,963751.3,33.8,33.8,186.0,396.66,81.57022,36
2025-02-06 16:00:00+00:00,42.0,22.0725,17.5725,20.057919,24.227503,17.892464,21.120737,40586.406,34699.88,0.5,0.5,3.0,12.638512,23.759998,348.16132,15.6,2.8749926,721.3179,742.3575,1465886.1,998451.2,34.3,34.3,189.0,412.26,84.44521,37
2025-02-07 16:00:00+00:00,42.0,17.772501,15.672501,16.839167,17.80805,14.622812,16.43176,40653.02,25114.809,1.3000002,1.3000002,10.0,8.187527,23.759998,31.003857,9.47,1.9089924,738.15704,758.78925,1506539.1,1023566.0,35.6,35.6,199.0,421.73,86.3542,38
2025-02-08 16:00:00+00:00,42.0,18.272501,15.3725,16.732916,18.568918,14.488972,16.337614,40720.195,29400.502,0.1,0.1,1.0,8.64,17.64,6.0347223,12.05,2.2496824,754.88995,775.12683,1547259.4,1052966.5,35.699997,35.699997,200.0,433.78,88.60388,39
2025-02-09 16:00:00+00:00,42.0,20.7225,16.4725,18.449581,20.93512,15.748726,18.313786,40787.87,37055.41,0.0,0.0,0.0,8.65873,15.4800005,28.63997,16.03,2.976226,773.33954,793.4406,1588047.2,1090021.9,35.699997,35.699997,200.0,449.81,91.58011,40
2025-02-10 16:00:00+00:00,42.0,22.8225,18.7225,20.826668,24.281864,18.594206,21.75341,40855.973,33074.176,0.5,0.5,4.0,13.004921,22.68,79.2416,13.52,2.7883966,794.1662,815.19403,1628903.2,1123096.0,36.199997,36.199997,204.0,463.33,94.36851,41
2025-02-11 16:00:00+00:00,42.0,22.8225,21.5725,22.032919,26.261549,23.39434,24.922676,40924.44,671.2857,20.1,20.1,24.0,10.6261,22.68,49.879345,3.57,0.9326553,816.1991,840.1167,1669827.8,1123767.2,56.299995,56.299995,228.0,466.9,95.30116,42
2025-02-12 16:00:00+00:00,42.0,21.8725,19.6225,20.81833,24.994675,21.436184,22.966644,40993.2,3852.0225,23.1,23.1,24.0,14.101021,30.239998,354.55402,5.4,1.1735673,837.01746,863.0834,1710821.0,1127619.2,79.399994,79.399994,252.0,472.3,96.47473,43
2025-02-13 16:00:00+00:00,42.0,21.9725,19.8225,20.774584,23.724297,21.264446,22.517565,41062.184,9117.964,2.6999996,2.6999996,14.0,9.044888,18.0,354.6679,6.5,1.4148164,857.79205,885.60095,1751883.1,1136737.2,82.09999,82.09999,266.0,478.8,97.88955,44
2025-02-14 16:00:00+00:00,42.0,24.4225,21.1725,22.507917,27.510336,23.04677,24.952662,41131.324,37660.523,0.0,0.0,0.0,13.543131,26.64,330.33893,17.04,3.1249483,880.3,910.5536,1793014.5,1174397.8,82.09999,82.09999,266.0,495.84,101.014496,45
2025-02-15 16:00:00+00:00,42.0,24.772501,20.6725,22.435,28.998241,22.63553,25.404144,41200.574,37546.52,0.0,0.0,0.0,11.431063,23.759998,332.46887,19.22,3.4491615,902.735,935.95776,1834215.1,1211944.2,82.09999,82.09999,266.0,515.06,104.46365,46
2025-02-16 16:00:00+00:00,42.0,21.4645,19.3145,20.424917,21.275803,15.965366,17.964876,41264.68,36347.32,0.0,0.0,0.0,35.647274,68.76,40.327255,19.1,4.143895,923.1599,953.92267,1875479.8,1248291.6,82.09999,82.09999,266.0,534.16,108.60755,47
2025-02-17 16:00:00+00:00,42.0,21.7645,19.4145,20.127,20.564777,17.625017,18.675844,41335.598,27454.52,0.0,0.0,0.0,29.05983,54.36,39.512608,13.03,3.1024323,943.2869,972.5985,1916815.4,1275746.1,82.09999,82.09999,266.0,547.19,111.709984,48
2025-02-18 16:00:00+00:00,42.0,21.2645,19.2145,19.906162,19.865042,17.00309,18.497887,41407.324,31636.434,0.0,0.0,0.0,29.96662,56.16,43.46413,13.64,2.980097,963.1931,991.0964,1958222.8,1307382.5,82.09999,82.09999,266.0,560.83,114.69008,49
2025-02-19 16:00:00+00:00,42.0,22.0645,19.5145,20.810337,23.096657,19.845682,21.72936,41479.777,35149.938,0.6,0.0,3.0,17.208603,37.8,55.715836,13.59,2.5801783,984.0035,1012.82574,1999702.5,1342532.5,82.69999,82.09999,269.0,574.42004,117.270256,50
2025-02-20 16:00:00+00:00,42.0,23.0145,19.7145,20.999918,24.260366,17.460783,21.186523,41552.902,29459.873,0.0,0.0,0.0,32.90408,62.279995,41.355637,9.98,2.2268107,1005.0034,1034.0122,2041255.4,1371992.4,82.69999,82.09999,269.0,584.4,119.49707,51
2025-02-21 16:00:00+00:00,42.0,22.0645,19.4645,20.697838,21.517786,17.122292,19.260891,41626.625,36194.273,0.0,0.0,0.0,33.233284,66.24,40.033325,16.02,3.4457157,1025.7013,1053.2731,2082882.0,1408186.6,82.69999,82.09999,269.0,600.42004,122.94279,52
2025-02-22 16:00:00+00:00,42.0,22.5145,19.7645,20.856167,21.842417,17.123562,20.267561,41700.883,30244.096,0.0,0.0,0.0,29.5551,57.239998,37.987617,12.48,2.8647094,1046.5575,1073.5406,2124583.0,1438430.8,82.69999,82.09999,269.0,612.9,125.807495,53
2025-02-23 16:00:00+00:00,42.0,19.5645,17.6145,18.697834,16.725683,14.259729,15.393219,41775.617,35568.87,0.0,0.0,0.0,36.659946,73.799995,35.86064,14.12,3.281506,1065.2554,1088.9338,2166358.5,1473999.6,82.69999,82.09999,269.0,627.02,129.089,54
2025-02-24 16:00:00+00:00,42.0,20.3145,17.6145,19.102,19.950691,14.195595,17.585417,41850.75,27027.143,0.2,0.0,2.0,32.169178,63.0,41.787086,11.43,2.7858965,1084.3574,1106.5193,2208209.2,1501026.8,82.89999,82.09999,271.0,638.45,131.87491,55
2025-02-25 16:00:00+00:00,42.0,22.1145,19.3145,20.826998,21.240326,19.602137,20.410475,41926.234,37130.992,0.3,0.0,3.0,21.566973,41.760002,55.812263,13.86,3.1304512,1105.1844,1126.9298,2250135.5,1538157.8,83.19999,82.09999,274.0,652.31,135.00536,56
2025-02-26 16:00:00+00:00,42.0,22.8145,21.3145,22.112417,24.083118,21.081837,23.038872,42002.004,10140.889,0.9,0.0,6.0,18.671474,35.28,86.51681,5.75,1.9633336,1127.2969,1149.9686,2292137.5,1548298.6,84.09999,82.09999,280.0,658.06,136.96869,57
2025-02-27 16:00:00+00:00,42.0,24.4645,21.8145,22.991587,25.531458,22.51259,24.108267,42077.992,34607.652,0.0,0.0,0.0,17.447933,35.64,57.574863,12.23,2.8675275,1150.2885,1174.0769,2334215.5,1582906.2,84.09999,82.09999,280.0,670.29,139.83621,58
2025-02-28 16:00:00+00:00,42.0,24.6645,22.3145,23.195753,25.717567,23.796669,24.679314,42154.14,30854.984,0.3,0.0,3.0,19.386593,38.88,55.457504,12.9,2.7624114,1173.4843,1198.7562,2376369.8,1613761.2,84.399994,82.09999,283.0,683.19,142.59862,59
2025-03-01 16:00:00+00:00,42.0,26.77,22.3645,24.10127,29.3499,24.957312,26.39076,42230.39,38714.367,0.0,0.0,0.0,16.454008,27.0,71.30788,19.8,3.902575,1197.5856,1225.147,2418600.2,1652475.6,84.399994,82.09999,283.0,702.99,146.50119,60
2025-03-02 16:00:00+00:00,42.0,27.17,22.57,24.378334,30.03706,24.944292,26.721777,42306.684,39697.76,0.3,0.0,3.0,17.581125,24.119999,82.14896,20.98,4.106634,1221.9639,1251.8688,2460907.0,1692173.4,84.7,82.09999,286.0,723.97,150.60782,61
2025-03-03 16:00:00+00:00,42.0,27.82,21.27,24.49917,31.067684,23.52213,27.396185,42382.96,39749.316,0.0,0.0,0.0,13.75558,29.16,85.50494,19.87,3.911503,1246.463,1279.265,2503290.0,1731922.8,84.7,82.09999,286.0,743.83997,154.51932,62
2025-03-04 16:00:00+00:00,42.0,28.52,20.42,24.544998,32.343876,18.440252,27.111143,42459.156,39853.766,0.3,0.0,3.0,32.682762,14.04,34.56524,18.38,3.776711,1271.008,1306.3761,2545749.2,1771776.5,85.0,82.09999,289.0,762.22,158.29604,63
2025-03-05 16:00:00+00:00,42.0,20.27,15.42,18.442919,18.18285,9.745501,14.602997,42535.223,38324.312,0.0,0.0,0.0,45.178204,11.5199995,41.131744,13.25,2.924584,1289.4509,1320.9791,2588284.5,1810100.8,85.0,82.09999,289.0,775.47,161.22063,64
2025-03-06 16:00:00+00:00,42.0,19.52,14.87,16.822084,16.9355,9.835684,13.165137,42611.094,40008.75,0.0,0.0,0.0,40.762745,13.679999,38.970043,16.75,3.4306164,1306.2731,1334.1443,2630895.5,1850109.5,85.0,82.09999,289.0,792.22,164.65125,65
2025-03-07 16:00:00+00:00,42.0,20.92,15.62,17.984583,19.000692,12.954184,15.481545,42686.734,37568.395,0.0,0.0,0.0,27.887802,12.24,37.336536,17.01,3.5414126,1324.2577,1349.6259,2673582.2,1887677.9,85.0,82.09999,289.0,809.23,168.19266,66
2025-03-08 16:00:00+00:00,42.0,21.62,15.97,18.563751,22.06336,14.315365,17.513239,42762.6,38799.98,0.6,0.6,6.0,24.485292,17.28,37.11092,17.38,3.3396313,1342.8214,1367.139,2716344.8,1926477.9,85.6,82.69999,295.0,826.61,171.53229,67
2025-03-09 16:00:00+00:00,42.0,23.42,16.77,,24.372917,14.89097,,42838.957,,,,0.0,25.872456,12.959999,,,,,,2759183.8,,,,295.0,,,68
