date,elevation,temperature_2m_max,temperature_2m_min,temperature_2m_mean,apparent_temperature_max,apparent_temperature_min,apparent_temperature_mean,daylight_duration,sunshine_duration,precipitation_sum,rain_sum,precipitation_hours,wind_speed_10m_max,wind_gusts_10m_max,wind_direction_10m_dominant,shortwave_radiation_sum,et0_fao_evapotranspiration,cumulative_temperature_2m_mean,cumulative_apparent_temperature_mean,cumulative_daylight_duration,cumulative_sunshine_duration,cumulative_precipitation_sum,cumulative_rain_sum,cumulative_precipitation_hours,cumulative_shortwave_radiation_sum,cumulative_et0_fao_evapotranspiration,day
2025-01-01 16:00:00+00:00,1731.0,13.181,11.431,12.201835,11.514266,9.981161,10.938127,38819.914,958.9847,10.4,10.4,24.0,13.432632,28.44,44.646,2.95,0.6459162,12.201835,10.938127,38819.914,958.9847,10.4,10.4,24.0,2.95,0.6459162,1
2025-01-02 16:00:00+00:00,1731.0,12.031,9.730999,11.11225,9.997718,6.7014446,8.999124,38841.89,0.0,12.699998,12.699998,24.0,18.589739,42.839996,42.915203,2.15,0.49195904,23.314085,19.93725,77661.805,958.9847,23.099998,23.099998,48.0,5.1000004,1.1378753,2
2025-01-03 16:00:00+00:00,1731.0,13.031,7.881,10.028916,9.769821,4.6100464,6.9662266,38865.484,35889.61,4.3999996,4.3999996,19.0,17.356705,45.36,45.97686,12.87,1.869302,33.343002,26.903477,116527.29,36848.594,27.499998,27.499998,67.0,17.970001,3.0071774,3
2025-01-04 16:00:00+00:00,1731.0,12.931,8.080999,10.214333,11.668663,5.590909,8.713634,38890.668,35690.562,2.4,2.4,15.0,11.212135,34.56,52.648727,9.9,1.5540315,43.557335,35.61711,155417.95,72539.16,29.899998,29.899998,82.0,27.87,4.5612087,4
2025-01-05 16:00:00+00:00,1731.0,13.830999,7.7309995,10.168499,12.570324,5.2440796,7.9011226,38917.42,33168.01,4.799999,4.799999,20.0,15.531193,37.44,50.914936,13.01,1.9026551,53.725834,43.518234,194335.38,105707.17,34.699997,34.699997,102.0,40.88,6.463864,5
2025-01-06 16:00:00+00:00,1731.0,11.730999,6.331,9.0060005,9.517753,3.0982084,6.243633,38945.727,26085.695,2.6000004,2.6000004,19.0,15.156384,36.719997,54.028423,9.42,1.4705409,62.731834,49.761868,233281.1,131792.88,37.299995,37.299995,121.0,50.300003,7.934405,6
2025-01-07 16:00:00+00:00,1731.0,13.181,7.0309997,9.691417,12.093424,4.597643,7.787388,38975.87,35849.414,1.8000003,1.8000003,15.0,11.328566,25.199999,49.61503,14.81,2.127378,72.42325,57.549255,272256.97,167642.28,39.099995,39.099995,136.0,65.11,10.061783,7
2025-01-08 16:00:00+00:00,1731.0,12.830999,6.881,9.591416,10.017257,3.751892,6.766233,39007.957,25043.19,4.6000004,4.6000004,11.0,17.31746,37.44,42.854618,11.23,1.6890844,82.01466,64.31549,311264.94,192685.47,43.699997,43.699997,147.0,76.34,11.750867,8
2025-01-09 16:00:00+00:00,1731.0,9.531,6.831,7.9268336,6.0279493,3.1257467,4.371101,39041.914,7853.4854,7.2000003,7.2000003,24.0,17.23964,40.32,46.52206,4.23,0.90523773,89.9415,68.68659,350306.84,200538.95,50.899998,50.899998,171.0,80.57,12.656105,9
2025-01-10 16:00:00+00:00,1731.0,8.8810005,6.581,7.3664165,6.588732,3.0887203,4.387096,39077.676,1980.0469,7.199999,7.199999,24.0,14.892213,36.36,48.94955,4.65,0.81738216,97.307915,73.073685,389384.53,202519.0,58.1,58.1,195.0,85.22,13.473487,10
2025-01-11 16:00:00+00:00,1731.0,10.830999,5.2309995,7.5934997,7.6547003,1.7560968,4.4090877,39115.17,33231.016,3.7999995,3.7999995,23.0,15.072783,37.8,48.863354,12.77,1.7228706,104.90141,77.48277,428499.7,235750.02,61.899998,61.899998,218.0,97.990005,15.196358,11
2025-01-12 16:00:00+00:00,1731.0,12.1310005,4.0309997,7.9705834,9.320385,0.46114063,4.839445,39154.324,31352.385,1.1000001,1.1000001,11.0,15.476859,37.8,54.044598,14.54,1.9972619,112.871994,82.32222,467654.0,267102.4,62.999996,62.999996,229.0,112.53001,17.193619,12
2025-01-13 16:00:00+00:00,1731.0,13.431,6.2309995,9.885167,12.040085,3.5287604,8.010704,39195.074,35831.49,1.3,1.3,6.0,12.483748,27.0,46.88432,13.44,1.9914615,122.757164,90.332924,506849.06,302933.9,64.299995,64.299995,235.0,125.97001,19.18508,13
2025-01-14 16:00:00+00:00,1731.0,11.181,8.031,9.9435,9.73001,4.830576,8.01904,39237.34,0.0,20.399998,20.399998,24.0,17.220835,39.239998,46.759544,1.86,0.43062714,132.70067,98.35197,546086.4,302933.9,84.7,84.7,259.0,127.83001,19.615707,14
2025-01-15 16:00:00+00:00,1731.0,9.580999,6.7309995,7.776833,6.8655634,3.425489,4.7117686,39281.062,24514.678,4.6,4.6,24.0,16.616642,33.48,55.02689,7.34,1.1267092,140.47751,103.063736,585367.44,327448.6,89.299995,89.299995,283.0,135.17001,20.742416,15
2025-01-16 16:00:00+00:00,1731.0,11.031,4.831,7.9059987,7.9606915,1.5691762,4.760086,39326.164,31463.07,1.8000002,1.8000002,11.0,15.426535,39.239998,53.934387,12.39,1.7130843,148.38351,107.82382,624693.6,358911.66,91.1,91.1,294.0,147.56001,22.455502,16
2025-01-17 16:00:00+00:00,1731.0,10.730999,6.581,8.628916,8.345136,3.2759418,5.974495,39372.582,13585.071,3.3,3.3,18.0,14.000713,34.92,49.653442,6.14,1.0674095,157.01244,113.79832,664066.2,372496.72,94.4,94.4,312.0,153.70001,23.522911,17
2025-01-18 16:00:00+00:00,1731.0,14.380999,8.830999,10.862248,13.162634,7.648464,9.575879,39420.25,35852.53,5.600001,5.600001,19.0,10.626099,25.919998,58.21473,11.98,1.8476756,167.87468,123.3742,703486.44,408349.25,100.0,100.0,331.0,165.68001,25.370586,18
2025-01-19 16:00:00+00:00,1731.0,14.031,6.931,9.908084,13.29463,4.2687597,7.770142,39469.09,35860.734,2.9,2.9,16.0,13.5012,28.8,52.04162,15.53,2.2504694,177.78276,131.14435,742955.5,444210.0,102.9,102.9,347.0,181.21,27.621056,19
2025-01-20 16:00:00+00:00,1731.0,12.880999,6.681,9.526833,10.276763,3.8728933,6.9377046,39519.047,35870.28,1.9000003,1.9000003,19.0,13.896187,38.519997,51.572887,14.12,2.0213706,187.3096,138.08205,782474.56,480080.28,104.8,104.8,366.0,195.33,29.642426,20
2025-01-21 16:00:00+00:00,1731.0,12.830999,8.031,9.970584,11.635293,5.3353643,8.128289,39570.05,15263.326,2.9999998,2.9999998,19.0,12.708815,30.599998,48.270588,6.06,1.1089966,197.28018,146.21034,822044.6,495343.6,107.8,107.8,385.0,201.39,30.751423,21
2025-01-22 16:00:00+00:00,1731.0,15.980999,7.7809997,11.308084,14.45854,6.192539,10.056008,39622.04,35883.555,1.9000001,1.9000001,6.0,11.782784,31.68,147.68753,15.65,2.419332,208.58827,156.26636,861666.7,531227.1,109.700005,109.700005,391.0,217.04,33.170753,22
2025-01-23 16:00:00+00:00,1731.0,15.630999,9.3810005,11.853915,15.354702,7.558304,10.49871,39674.94,33402.68,3.0000002,3.0000002,16.0,10.583326,26.28,56.872433,12.95,2.040625,220.44218,166.76506,901341.6,564629.8,112.700005,112.700005,407.0,229.98999,35.21138,23
2025-01-24 16:00:00+00:00,1731.0,14.931,8.830999,11.32475,14.044418,6.937664,9.61164,39728.7,35922.074,3.2,3.2,20.0,11.246759,28.08,47.561985,15.18,2.2732024,231.76694,176.3767,941070.3,600551.9,115.9,115.9,427.0,245.16998,37.48458,24
2025-01-25 16:00:00+00:00,1731.0,13.230999,8.1310005,10.268499,11.640075,5.9082174,8.320504,39783.246,32533.371,8.500001,8.500001,24.0,11.480557,27.359999,45.560658,12.11,1.8240064,242.03543,184.6972,980853.56,633085.25,124.4,124.4,451.0,257.27997,39.308586,25
2025-01-26 16:00:00+00:00,1731.0,9.031,5.881,7.3185005,5.6965446,2.409822,4.2454624,39838.535,5185.0547,13.200001,13.200001,24.0,16.341381,36.0,52.279102,4.59,0.7649807,249.35393,188.94267,1020692.1,638270.3,137.6,137.6,475.0,261.86996,40.073566,26
2025-01-27 16:00:00+00:00,1731.0,8.830999,5.4809995,6.7185,5.568865,1.593214,3.0264785,39895.05,15048.071,2.7000003,2.7000003,15.0,16.560978,37.079998,54.195026,7.37,1.2328078,256.07242,191.96915,1060587.1,653318.4,140.3,140.3,490.0,269.23996,41.306374,27
2025-01-28 16:00:00+00:00,1731.0,9.330999,5.4809995,7.0330834,6.120962,1.9497509,3.4267979,39953.023,14952.5,3.3000004,3.3000004,23.0,15.683774,37.8,57.272095,7.82,1.3540695,263.1055,195.39595,1100540.1,668270.9,143.6,143.6,513.0,277.05997,42.660442,28
2025-01-29 16:00:00+00:00,1731.0,12.330999,4.831,8.531,9.58575,1.537353,5.5275216,40012.348,36124.29,0.70000005,0.70000005,6.0,13.752047,36.0,53.333275,14.71,2.1444895,271.6365,200.92348,1140552.5,704395.2,144.3,144.3,519.0,291.76996,44.80493,29
2025-01-30 16:00:00+00:00,1731.0,12.681,8.531,10.301833,11.14886,5.7169228,8.294709,40072.953,15014.573,32.800003,32.800003,24.0,12.768586,33.48,43.559875,5.3,0.98011196,281.93832,209.21819,1180625.5,719409.75,177.1,177.1,543.0,297.06995,45.78504,30
2025-01-31 16:00:00+00:00,1731.0,16.480999,10.730999,13.1414175,16.33142,9.540091,12.55795,40134.758,25320.158,21.300003,21.300003,24.0,10.739832,29.519999,62.108646,9.66,1.5669363,295.07974,221.77614,1220760.2,744729.94,198.40001,198.40001,567.0,306.72995,47.35198,31
2025-02-01 16:00:00+00:00,1731.0,16.230999,10.781,12.912251,16.047209,9.704339,12.177239,40197.67,30579.277,5.8999996,5.8999996,21.0,9.178235,37.079998,59.271236,12.52,2.0015666,307.992,233.95338,1260957.9,775309.2,204.3,204.3,588.0,319.24994,49.353546,32
2025-02-02 16:00:00+00:00,1731.0,13.980999,7.7809997,10.799748,12.486147,4.7853336,9.1061945,40261.63,33880.4,13.400001,13.400001,24.0,15.631007,33.839996,50.86386,12.48,1.8494401,318.79175,243.05959,1301219.5,809189.56,217.7,217.7,612.0,331.72995,51.202988,33
2025-02-03 16:00:00+00:00,1731.0,8.730999,6.381,7.5414157,5.705641,2.8553853,4.313685,40326.535,11177.966,7.1999993,7.1999993,23.0,16.204998,40.32,51.349514,5.38,0.91483396,326.33316,247.37328,1341546.0,820367.5,224.9,224.9,635.0,337.10995,52.11782,34
2025-02-04 16:00:00+00:00,1731.0,9.431,5.131,7.3268332,6.6335278,1.5697489,4.238073,40392.324,18801.447,3.1000004,3.1000004,22.0,15.146761,35.64,59.664806,8.63,1.292021,333.66,251.61134,1381938.4,839168.94,228.0,228.0,657.0,345.73996,53.409843,35
2025-02-05 16:00:00+00:00,1731.0,13.130999,7.5309997,9.680999,11.552597,5.0977974,7.816292,40458.914,24620.441,3.5000005,3.5000005,24.0,9.446141,25.919998,72.96599,9.66,1.5104517,343.341,259.42764,1422397.2,863789.4,231.5,231.5,681.0,355.39996,54.920296,36
2025-02-06 16:00:00+00:00,1731.0,14.830999,7.7809997,10.670582,12.955734,4.1642513,8.373738,40526.23,29143.115,4.2000003,4.2000003,17.0,18.372349,41.039997,47.41542,13.96,2.1325028,354.0116,267.8014,1462923.5,892932.5,235.7,235.7,698.0,369.35995,57.0528,37
2025-02-07 16:00:00+00:00,1731.0,9.1310005,5.881,7.34975,5.336912,1.8843241,3.4761121,40594.2,10825.105,7.4,7.4,24.0,18.59845,41.399998,51.20984,7.12,1.200279,361.36136,271.2775,1503517.8,903757.6,243.09999,243.09999,722.0,376.47995,58.25308,38
2025-02-08 16:00:00+00:00,1731.0,8.980999,5.4809995,6.9205832,5.5647078,1.9556074,3.3627186,40662.75,20804.3,4.8999996,4.8999996,22.0,16.08761,41.399998,51.942894,8.91,1.3032256,368.28195,274.64023,1544180.5,924561.94,247.99998,247.99998,744.0,385.38995,59.556305,39
2025-02-09 16:00:00+00:00,1731.0,12.531,4.631,8.422666,10.185516,1.1705413,5.6425242,40731.8,36000.0,1.3000002,1.3000002,11.0,15.053425,37.44,54.528873,14.27,1.9943573,376.70462,280.28275,1584912.2,960561.94,249.29999,249.29999,755.0,399.65994,61.550663,40
2025-02-10 16:00:00+00:00,1731.0,14.980999,6.9809995,11.091416,13.5988655,4.3444853,9.243767,40801.293,30834.336,6.1000004,6.1000004,21.0,12.768586,34.92,59.02114,11.35,1.8077695,387.79605,289.52652,1625713.5,991396.25,255.4,255.4,776.0,411.00995,63.358433,41
2025-02-11 16:00:00+00:00,1731.0,13.781,11.3810005,12.668499,13.753267,10.522875,12.399044,40871.152,0.0,43.199997,43.199997,24.0,8.431228,24.48,78.32007,2.49,0.5500656,400.46454,301.92557,1666584.6,991396.25,298.59998,298.59998,800.0,413.49994,63.908497,42
2025-02-12 16:00:00+00:00,1731.0,13.230999,10.980999,12.474748,12.466913,8.929244,10.879929,40941.305,0.0,59.499992,59.499992,24.0,17.441433,44.28,47.962124,3.38,0.65046024,412.9393,312.80548,1707525.9,991396.25,358.09998,358.09998,824.0,416.87994,64.55896,43
2025-02-13 16:00:00+00:00,1731.0,14.181,10.480999,12.022667,13.002201,8.258562,10.332276,41011.69,12147.6045,7.5999985,7.5999985,24.0,14.896563,34.92,45.63509,6.86,1.1893252,424.96198,323.13776,1748537.6,1003543.9,365.69998,365.69998,848.0,423.73993,65.74828,44
2025-02-14 16:00:00+00:00,1731.0,17.480999,10.3810005,13.574752,17.72494,8.776583,13.008981,41082.24,36338.9,1.1000001,1.1000001,9.0,11.35285,26.28,43.421795,15.03,2.4264648,438.5367,336.14673,1789619.9,1039882.75,366.8,366.8,857.0,438.76993,68.17475,45
2025-02-15 16:00:00+00:00,1731.0,17.6635,9.6135,13.173916,18.57766,8.095346,12.164928,41149.902,36000.0,0.0,0.0,0.0,8.350138,63.0,323.47104,19.91,3.3046281,451.71063,348.31165,1830769.8,1075882.8,366.8,366.8,857.0,458.67993,71.47938,46
2025-02-16 16:00:00+00:00,1731.0,14.763499,6.0134993,9.773917,14.597927,4.378722,8.512387,41221.28,36708.11,0.0,0.0,0.0,8.28,56.16,106.6145,17.75,2.654051,461.48456,356.82404,1871991.0,1112590.9,366.8,366.8,857.0,476.42993,74.13343,47
2025-02-17 16:00:00+00:00,1731.0,12.8635,5.7634993,8.836416,11.796476,3.3731565,7.1900654,41293.547,34988.906,0.0,0.0,0.0,8.209263,56.88,101.309875,14.57,2.2038212,470.32098,364.0141,1913284.5,1147579.8,366.8,366.8,857.0,490.99994,76.33725,48
2025-02-18 16:00:00+00:00,1731.0,13.263499,6.5134993,8.817667,11.738587,3.9064445,6.892822,41366.63,35381.83,0.0,0.0,0.0,10.440001,51.12,105.5546,13.64,2.009366,479.13864,370.90692,1954651.1,1182961.6,366.8,366.8,857.0,504.63995,78.34662,49
2025-02-19 16:00:00+00:00,1731.0,13.0635,7.7634993,9.801002,11.872877,5.819603,8.373116,41440.457,30226.053,0.0,0.0,0.0,7.92,52.56,119.59478,12.21,1.8917243,488.93964,379.28003,1996091.6,1213187.6,366.8,366.8,857.0,516.85,80.23834,50
2025-02-20 16:00:00+00:00,1731.0,14.1135,7.9635,9.965583,12.786741,5.5072403,8.57359,41514.965,22535.139,0.5,0.0,2.0,11.525623,60.120003,99.82521,10.3,1.6435757,498.9052,387.8536,2037606.6,1235722.8,367.3,366.8,859.0,527.14996,81.88192,51
2025-02-21 16:00:00+00:00,1731.0,13.263499,6.8134995,9.571833,12.26569,4.2715015,7.516562,41590.082,36000.0,0.0,0.0,0.0,12.074766,52.92,100.20203,16.81,2.445782,508.47705,395.37018,2079196.8,1271722.8,367.3,366.8,859.0,543.95996,84.327705,52
2025-02-22 16:00:00+00:00,1731.0,13.5635,7.2634993,9.911417,12.218243,5.1215725,8.472756,41665.746,32672.25,0.1,0.0,1.0,9.0,55.8,91.36384,11.95,1.8776511,518.3885,403.84293,2120862.5,1304395.0,367.4,366.8,860.0,555.91,86.20535,53
2025-02-23 16:00:00+00:00,1731.0,11.3635,4.9135,7.45725,9.594814,1.3572783,4.8573813,41741.89,36559.176,0.0,0.0,0.0,14.044615,65.159996,98.79516,14.64,2.0507774,525.84576,408.70032,2162604.5,1340954.1,367.4,366.8,860.0,570.55,88.256134,54
2025-02-24 16:00:00+00:00,1731.0,11.563499,4.1635,7.705168,11.0499,1.3452673,5.6725497,41818.445,37697.953,0.0,0.0,0.0,12.245294,56.519997,95.782326,16.47,2.3665717,533.5509,414.37286,2204423.0,1378652.1,367.4,366.8,860.0,587.01996,90.6227,55
2025-02-25 16:00:00+00:00,1731.0,12.563499,5.9135,9.032249,11.438762,3.7603292,7.3345737,41895.355,37332.996,0.0,0.0,0.0,8.209263,45.36,110.278915,13.51,2.0509148,542.5831,421.70743,2246318.2,1415985.1,367.4,366.8,860.0,600.52997,92.673615,56
2025-02-26 16:00:00+00:00,1731.0,13.8635,7.2634993,10.478084,11.978035,5.6217604,8.967011,41972.55,39331.41,0.0,0.0,0.0,12.768586,71.28,352.48798,15.9,2.302774,553.0612,430.67444,2288290.8,1455316.5,367.4,366.8,860.0,616.43,94.97639,57
2025-02-27 16:00:00+00:00,1731.0,15.5635,8.4135,11.632249,14.868849,6.7577076,9.988109,42049.973,39349.816,0.0,0.0,0.0,12.429127,48.239998,105.18154,16.98,2.7146904,564.6935,440.66254,2330340.8,1494666.4,367.4,366.8,860.0,633.41,97.69108,58
2025-02-28 16:00:00+00:00,1731.0,18.365002,9.4135,12.770687,18.277111,7.0145836,11.3842745,42127.56,39473.43,0.0,0.0,0.0,12.849528,45.719997,104.30027,15.92,2.6695037,577.4642,452.0468,2372468.2,1534139.8,367.4,366.8,860.0,649.32996,100.36058,59
2025-03-01 16:00:00+00:00,1731.0,20.314999,10.865,14.742085,21.814198,9.530031,14.43946,42205.246,39568.918,0.0,0.0,0.0,9.028754,11.159999,124.84945,20.97,3.5759623,592.20624,466.48627,2414673.5,1573708.6,367.4,366.8,860.0,670.2999,103.93655,60
2025-03-02 16:00:00+00:00,1731.0,20.115002,10.165,14.1587515,21.604176,8.657713,13.8917265,42282.977,38482.81,1.2,0.0,6.0,9.885262,9.36,355.55884,16.72,2.9475741,606.365,480.378,2456956.5,1612191.4,368.6,366.8,866.0,687.0199,106.88412,61
2025-03-03 16:00:00+00:00,1731.0,16.215,8.415,11.269166,16.912502,6.2388067,9.936617,42360.688,39586.195,0.0,0.0,0.0,10.514218,11.159999,83.270966,20.17,3.103169,617.63416,490.3146,2499317.2,1651777.6,368.6,366.8,866.0,707.1899,109.98729,62
2025-03-04 16:00:00+00:00,1731.0,16.415,6.865,11.279584,17.035439,4.4848604,10.131542,42438.32,39810.0,0.0,0.0,0.0,10.308831,11.5199995,105.01188,20.74,3.2416935,628.91376,500.44614,2541755.5,1691587.6,368.6,366.8,866.0,727.9299,113.22898,63
2025-03-05 16:00:00+00:00,1731.0,15.515,8.915,11.458752,16.024895,7.4369535,10.843831,42515.812,36290.773,0.0,0.0,0.0,6.830519,9.0,140.1945,15.79,2.5689747,640.3725,511.28998,2584271.2,1727878.4,368.6,366.8,866.0,743.71985,115.79796,64
2025-03-06 16:00:00+00:00,1731.0,12.915,6.5150003,9.629582,12.173834,4.357873,8.533792,42593.117,25293.887,0.0,0.0,0.0,8.049845,11.879999,133.21011,10.75,1.7174379,650.0021,519.8238,2626864.2,1753172.2,368.6,366.8,866.0,754.46985,117.515396,65
2025-03-07 16:00:00+00:00,1731.0,12.015,5.665,8.1275015,10.967084,3.335773,6.2851014,42670.168,29559.225,0.0,0.0,0.0,8.350138,8.28,106.22027,13.47,1.9657459,658.1296,526.1089,2669534.5,1782731.5,368.6,366.8,866.0,767.9398,119.48114,66
2025-03-08 16:00:00+00:00,1731.0,16.615002,5.215,10.425416,16.993664,2.8699827,,42747.47,40127.742,0.0,0.0,0.0,9.114471,8.64,,22.16,,668.555,,2712282.0,1822859.2,368.6,366.8,866.0,790.0998,,67
