date,elevation,temperature_2m_max,temperature_2m_min,temperature_2m_mean,apparent_temperature_max,apparent_temperature_min,apparent_temperature_mean,daylight_duration,sunshine_duration,precipitation_sum,rain_sum,precipitation_hours,wind_speed_10m_max,wind_gusts_10m_max,wind_direction_10m_dominant,shortwave_radiation_sum,et0_fao_evapotranspiration,cumulative_temperature_2m_mean,cumulative_apparent_temperature_mean,cumulative_daylight_duration,cumulative_sunshine_duration,cumulative_precipitation_sum,cumulative_rain_sum,cumulative_precipitation_hours,cumulative_shortwave_radiation_sum,cumulative_et0_fao_evapotranspiration,day
2025-01-01 16:00:00+00:00,71.0,18.845,16.645,17.545,20.391989,17.047825,18.47349,38748.566,0.0,3.8999999,3.8999999,16.0,13.767352,24.119999,345.6997,3.3,0.71518743,17.545,18.47349,38748.566,0.0,3.8999999,3.8999999,16.0,3.3,0.71518743,1
2025-01-02 16:00:00+00:00,71.0,18.494999,16.195,17.05125,19.349352,16.896551,17.96363,38770.88,0.0,5.1999993,5.1999993,21.0,10.966713,20.519999,344.0451,2.64,0.6553478,34.596252,36.43712,77519.445,0.0,9.099999,9.099999,37.0,5.94,1.3705353,2
2025-01-03 16:00:00+00:00,71.0,21.795,12.344999,17.145,23.051813,11.7103405,17.776176,38794.832,35778.234,0.2,0.2,2.0,8.731391,18.359999,62.934063,14.42,2.4146628,51.741253,54.213295,116314.28,35778.234,9.299999,9.299999,39.0,20.36,3.7851982,3
2025-01-04 16:00:00+00:00,71.0,20.545,14.695,17.028332,21.62338,14.708893,17.46353,38820.406,34831.883,0.8000001,0.8000001,6.0,10.931203,22.68,355.33054,9.5,1.7234803,68.769585,71.67683,155134.69,70610.12,10.099999,10.099999,45.0,29.86,5.5086784,4
2025-01-05 16:00:00+00:00,71.0,21.395,12.745,16.828333,23.711657,12.083422,17.024824,38847.57,35755.047,0.3,0.3,2.0,12.358542,21.599998,35.683464,14.94,2.5600278,85.597916,88.70165,193982.25,106365.164,10.4,10.4,47.0,44.8,8.0687065,5
2025-01-06 16:00:00+00:00,71.0,19.645,12.844999,16.297083,19.302393,11.575348,15.913391,38876.312,32146.191,0.1,0.1,1.0,12.522619,21.24,59.225994,10.79,1.8911271,101.895,104.61504,232858.56,138511.36,10.5,10.5,48.0,55.59,9.959833,6
2025-01-07 16:00:00+00:00,71.0,20.545,10.8949995,15.8075,21.588589,9.674839,15.767411,38906.92,35738.938,0.0,0.0,0.0,9.504273,19.44,14.659516,14.79,2.480805,117.7025,120.382454,271765.5,174250.3,10.5,10.5,48.0,70.38,12.440638,7
2025-01-08 16:00:00+00:00,71.0,20.095,11.995,16.115831,20.88308,11.510733,16.152643,38939.5,24932.973,0.3,0.3,3.0,10.172787,19.8,30.197268,9.42,1.7273962,133.81833,136.5351,310705.0,199183.27,10.8,10.8,51.0,79.799995,14.168034,8
2025-01-09 16:00:00+00:00,71.0,16.895,13.094999,14.707501,16.838972,13.006451,14.444355,38973.977,8726.968,0.5,0.5,5.0,9.139322,19.08,17.197178,4.77,0.9512832,148.52583,150.97945,349678.97,207910.23,11.3,11.3,56.0,84.56999,15.119317,9
2025-01-10 16:00:00+00:00,71.0,16.145,12.344999,14.065833,15.800055,11.272662,13.479228,39010.293,671.64777,0.9000001,0.9000001,9.0,11.165805,21.24,350.5098,4.29,0.94110173,162.59166,164.45868,388689.25,208581.88,12.200001,12.200001,65.0,88.85999,16.06042,10
2025-01-11 16:00:00+00:00,71.0,18.945,9.445,13.886668,19.350153,7.379018,12.880662,39048.36,35722.92,0.0,0.0,0.0,12.841963,23.039999,5.182916,14.79,2.3700256,176.47833,177.33934,427737.62,244304.8,12.200001,12.200001,65.0,103.649994,18.430445,11
2025-01-12 16:00:00+00:00,71.0,19.345,7.8450003,13.77,20.141188,5.585759,12.905206,39088.117,35722.19,0.0,0.0,0.0,11.749741,19.8,60.4414,16.22,2.5659409,190.24834,190.24455,466825.75,280027.0,12.200001,12.200001,65.0,119.869995,20.996386,12
2025-01-13 16:00:00+00:00,71.0,19.945,9.344999,14.911668,20.296904,7.3796616,14.134032,39129.49,33986.375,0.8,0.8,5.0,13.6242285,20.519999,24.806145,11.12,2.0301797,205.16,204.37859,505955.25,314013.38,13.000001,13.000001,70.0,130.98999,23.026566,13
2025-01-14 16:00:00+00:00,71.0,16.744999,14.1449995,15.784581,17.429161,14.623413,15.927128,39172.402,0.0,2.9999995,2.9999995,16.0,15.14783,26.64,345.29507,2.29,0.58289474,220.94458,220.30571,545127.6,314013.38,16.0,16.0,86.0,133.27998,23.60946,14
2025-01-15 16:00:00+00:00,71.0,17.295,12.945,14.501251,17.828836,12.491354,14.450897,39216.793,33006.18,0.4,0.4,4.0,8.891343,18.359999,15.014098,11.37,1.850123,235.44583,234.7566,584344.44,347019.56,16.4,16.4,90.0,144.64998,25.459583,15
2025-01-16 16:00:00+00:00,71.0,18.494999,9.495,14.12,19.32066,8.027285,13.630447,39262.586,35255.152,0.0,0.0,0.0,11.362834,19.8,19.559248,14.42,2.299482,249.56583,248.38705,623607.0,382274.72,16.4,16.4,90.0,159.06998,27.759066,16
2025-01-17 16:00:00+00:00,71.0,17.195,11.745,14.476251,16.989168,10.384513,13.925507,39309.715,4270.785,0.2,0.2,2.0,11.837651,19.8,18.832926,5.62,1.1233897,264.04208,262.31256,662916.7,386545.5,16.6,16.6,92.0,164.68997,28.882456,17
2025-01-18 16:00:00+00:00,71.0,20.195,14.445,16.730417,20.47246,13.092594,16.706202,39358.11,33354.727,0.2,0.2,2.0,16.024044,27.359999,344.334,10.69,1.8729522,280.7725,279.01877,702274.8,419900.22,16.800001,16.800001,94.0,175.37997,30.755407,18
2025-01-19 16:00:00+00:00,71.0,20.895,11.844999,16.397085,22.280941,10.768814,16.46916,39407.7,35754.23,0.2,0.2,2.0,15.176678,27.359999,30.84653,15.81,2.6120255,297.1696,295.4879,741682.5,455654.44,17.000002,17.000002,96.0,191.18997,33.36743,19
2025-01-20 16:00:00+00:00,71.0,21.145,11.445,16.397085,22.363155,10.450577,16.37083,39458.414,35839.875,0.0,0.0,0.0,10.801499,20.880001,71.737015,16.42,2.722222,313.56668,311.85873,781140.94,491494.3,17.000002,17.000002,96.0,207.60997,36.089653,20
2025-01-21 16:00:00+00:00,71.0,20.345,13.745,16.59292,21.675577,13.00606,16.8319,39510.195,27258.959,0.6,0.6,3.0,11.7,19.08,52.695976,9.1,1.7114983,330.1596,328.69064,820651.1,518753.28,17.600002,17.600002,99.0,216.70998,37.80115,21
2025-01-22 16:00:00+00:00,71.0,22.095,13.3949995,17.22208,22.54027,12.080557,17.210207,39562.977,36014.406,0.1,0.1,1.0,16.208996,28.08,348.96228,16.15,2.7333248,347.38168,345.90085,860214.1,554767.7,17.700003,17.700003,100.0,232.85997,40.534477,22
2025-01-23 16:00:00+00:00,71.0,22.244999,13.094999,17.649168,23.765253,12.973024,18.480976,39616.684,35402.098,0.0,0.0,0.0,10.028439,22.68,356.0711,13.74,2.449166,365.03085,364.38184,899830.8,590169.8,17.700003,17.700003,100.0,246.59998,42.983643,23
2025-01-24 16:00:00+00:00,71.0,22.545,13.295,17.936668,24.32269,13.232037,18.969965,39671.26,35875.133,0.8000001,0.8000001,6.0,10.98,25.199999,335.8617,16.37,2.7940412,382.96753,383.3518,939502.06,626044.94,18.500002,18.500002,106.0,262.96997,45.777683,24
2025-01-25 16:00:00+00:00,71.0,20.744999,14.245,17.036669,21.872334,13.522968,17.16721,39726.637,35834.49,1.9000002,1.9000002,9.0,16.90563,30.239998,331.751,14.43,2.4881685,400.0042,400.519,979228.7,661879.44,20.400002,20.400002,115.0,277.39996,48.26585,25
2025-01-26 16:00:00+00:00,71.0,14.3949995,12.1449995,13.140832,13.609236,10.683451,11.676029,39782.77,13265.409,0.9000001,0.9000001,9.0,19.070658,33.12,344.29764,5.57,1.000299,413.14505,412.19504,1019011.44,675144.9,21.300001,21.300001,124.0,282.96997,49.266148,26
2025-01-27 16:00:00+00:00,71.0,17.695,11.094999,14.007501,17.308353,9.926128,13.046941,39840.145,28174.596,1.1000001,1.1000001,6.0,11.196231,20.880001,22.826263,10.01,1.7777463,427.15256,425.24197,1058851.6,703319.5,22.400002,22.400002,130.0,292.97998,51.043896,27
2025-01-28 16:00:00+00:00,71.0,17.994999,12.545,14.855414,18.234808,11.259014,14.010673,39898.99,30628.143,0.0,0.0,0.0,13.1412325,21.599998,69.277466,12.82,2.2202196,442.00797,439.25266,1098750.6,733947.6,22.400002,22.400002,130.0,305.8,53.264114,28
2025-01-29 16:00:00+00:00,71.0,20.395,10.045,15.174167,21.439123,8.016793,14.572414,39959.215,36226.97,0.0,0.0,0.0,13.737904,21.24,70.621155,16.87,2.8129663,457.18213,453.82507,1138709.9,770174.6,22.400002,22.400002,130.0,322.66998,56.07708,29
2025-01-30 16:00:00+00:00,71.0,19.145,13.1449995,16.474167,19.711277,12.992481,16.773619,40020.746,2733.4177,3.3000002,3.3000002,18.0,7.0843205,17.28,48.576485,4.14,0.97744894,473.6563,470.5987,1178730.6,772908.06,25.7,25.7,148.0,326.81,57.054527,30
2025-01-31 16:00:00+00:00,71.0,23.945,15.195,19.499166,26.281837,15.50355,20.885778,40083.48,30995.73,2.5,2.5,7.0,10.310403,20.880001,5.7551765,12.56,2.3829901,493.1555,491.48447,1218814.1,803903.8,28.2,28.2,155.0,339.37,59.43752,31
2025-02-01 16:00:00+00:00,71.0,23.195,15.995,19.095,25.254208,16.713402,20.662064,40147.35,34539.87,1.3000001,1.3000001,6.0,9.9,22.68,310.59125,12.48,2.261748,512.2505,512.14655,1258961.5,838443.7,29.5,29.5,161.0,351.85,61.69927,32
2025-02-02 16:00:00+00:00,71.0,20.195,13.6449995,16.790834,21.02724,13.223991,17.008036,40212.273,36095.953,1.9000003,1.9000003,13.0,13.437455,28.08,336.7318,14.94,2.4271014,529.0413,529.1546,1299173.8,874539.6,31.4,31.4,174.0,366.79,64.12637,33
2025-02-03 16:00:00+00:00,71.0,15.195,12.795,13.761668,15.005442,12.250408,13.387704,40278.164,26472.154,1.8,1.8,6.0,9.499158,21.599998,13.884672,7.69,1.2440851,542.803,542.5423,1339451.9,901011.75,33.2,33.2,180.0,374.48,65.37046,34
2025-02-04 16:00:00+00:00,71.0,18.494999,10.844999,14.9262495,18.529932,9.315235,14.311465,40344.95,31629.82,0.6,0.6,6.0,10.739832,23.039999,69.76082,11.43,1.955236,557.72925,556.85376,1379796.9,932641.56,33.8,33.8,186.0,385.91,67.3257,35
2025-02-05 16:00:00+00:00,71.0,20.295,14.6449995,16.845001,21.534027,14.4070015,16.949057,40412.54,31385.809,0.0,0.0,0.0,9.741642,21.24,51.38872,10.75,1.9608822,574.5742,573.8028,1420209.4,964027.4,33.8,33.8,186.0,396.66,69.28658,36
2025-02-06 16:00:00+00:00,71.0,21.595,12.3949995,16.6075,22.79969,11.265098,16.589575,40480.875,34770.492,0.5,0.5,3.0,12.638512,23.759998,348.16132,15.6,2.689619,591.1817,590.3924,1460690.2,998797.9,34.3,34.3,189.0,412.26,71.976204,37
2025-02-07 16:00:00+00:00,71.0,15.995,11.995,13.8949995,16.335726,11.007851,13.584132,40549.867,25453.213,1.3000002,1.3000002,10.0,8.187527,23.759998,31.003857,9.47,1.5329658,605.0767,603.9765,1501240.1,1024251.06,35.6,35.6,199.0,421.73,73.50917,38
2025-02-08 16:00:00+00:00,71.0,16.744999,11.344999,13.544999,17.016205,10.191114,13.164462,40619.45,29512.309,0.1,0.1,1.0,8.64,17.64,6.0347223,12.05,1.9362334,618.6217,617.141,1541859.6,1053763.4,35.699997,35.699997,200.0,433.78,75.445404,39
2025-02-09 16:00:00+00:00,71.0,19.595,9.344999,14.5824995,19.755144,7.6746387,14.206286,40689.543,37059.22,0.0,0.0,0.0,8.65873,15.4800005,28.63997,16.03,2.609301,633.2042,631.3473,1582549.1,1090822.6,35.699997,35.699997,200.0,449.81,78.0547,40
2025-02-10 16:00:00+00:00,71.0,22.395,10.094999,16.478333,23.060034,8.529888,16.150969,40760.082,33125.934,0.5,0.5,4.0,13.004921,22.68,79.2416,13.52,2.5433202,649.68256,647.4982,1623309.2,1123948.5,36.199997,36.199997,204.0,463.33,80.59802,41
2025-02-11 16:00:00+00:00,71.0,19.095,16.645,17.867916,21.549667,16.920708,19.232653,40830.99,705.5827,20.1,20.1,24.0,10.6261,22.68,49.879345,3.57,0.7724027,667.5505,666.7309,1664140.2,1124654.1,56.299995,56.299995,228.0,466.9,81.37042,42
2025-02-12 16:00:00+00:00,71.0,18.795,16.244999,17.828335,20.527925,17.225063,19.004488,40902.195,3925.541,23.1,23.1,24.0,14.101021,30.239998,354.55402,5.4,1.0429667,685.3788,685.7354,1705042.5,1128579.6,79.399994,79.399994,252.0,472.3,82.41339,43
2025-02-13 16:00:00+00:00,71.0,19.295,15.545,17.290834,20.240335,15.959049,18.41274,40973.637,9267.972,2.6999996,2.6999996,14.0,9.044888,18.0,354.6679,6.5,1.2005858,702.6696,704.14813,1746016.1,1137847.6,82.09999,82.09999,266.0,478.8,83.613976,44
2025-02-14 16:00:00+00:00,71.0,23.295,14.344999,18.826252,26.040537,14.005104,20.027857,41045.242,37667.055,0.0,0.0,0.0,13.543131,26.64,330.33893,17.04,2.9462302,721.49585,724.17596,1787061.4,1175514.6,82.09999,82.09999,266.0,495.84,86.5602,45
2025-02-15 16:00:00+00:00,71.0,26.983,15.833,20.897583,29.599884,16.389591,22.855759,41134.94,36000.0,0.0,0.0,0.0,8.669949,16.919998,306.95557,19.68,3.6632748,742.39343,747.03174,1828196.4,1211514.6,82.09999,82.09999,266.0,515.52,90.22348,46
2025-02-16 16:00:00+00:00,71.0,25.583,17.083,20.778835,26.56477,18.683907,22.374596,41206.77,36000.0,0.3,0.0,2.0,14.8257065,25.56,258.23172,15.34,2.9320335,763.17224,769.4063,1869403.1,1247514.6,82.399994,82.09999,268.0,530.86005,93.15552,47
2025-02-17 16:00:00+00:00,71.0,23.983,16.432999,19.478834,24.553888,17.986752,20.377138,41279.48,34098.55,0.0,0.0,0.0,12.661564,21.599998,302.39722,14.25,2.7743125,782.65106,789.78345,1910682.6,1281613.1,82.399994,82.09999,268.0,545.11005,95.92983,48
2025-02-18 16:00:00+00:00,71.0,24.833,13.683001,18.960081,24.820948,14.08647,19.450186,41353.016,35903.53,0.0,0.0,0.0,14.05845,24.84,284.1766,16.34,3.1779518,801.61115,809.23364,1952035.6,1317516.6,82.399994,82.09999,268.0,561.4501,99.10779,49
2025-02-19 16:00:00+00:00,71.0,23.883,15.183001,19.222586,24.783693,15.73056,20.13104,41427.305,34068.87,0.0,0.0,0.0,12.599998,21.96,305.8772,14.72,2.824259,820.83374,829.3647,1993462.9,1351585.5,82.399994,82.09999,268.0,576.17004,101.932045,50
2025-02-20 16:00:00+00:00,71.0,24.983,16.182999,19.753832,26.429964,17.233105,20.870823,41502.277,35441.53,0.0,0.0,0.0,13.392774,23.759998,309.12848,16.1,3.0835571,840.5876,850.23553,2034965.1,1387027.0,82.399994,82.09999,268.0,592.27,105.0156,51
2025-02-21 16:00:00+00:00,71.0,25.233,13.333,18.703833,26.254135,13.599129,19.279865,41577.863,35310.707,0.0,0.0,0.0,12.496719,21.96,278.09198,17.97,3.4114416,859.29144,869.5154,2076543.0,1422337.8,82.399994,82.09999,268.0,610.24,108.42704,52
2025-02-22 16:00:00+00:00,71.0,24.583,16.182999,19.074669,26.553682,16.152227,19.74911,41653.996,35708.94,0.0,0.0,0.0,13.755579,24.119999,316.9061,17.12,3.2220306,878.3661,889.26447,2118197.0,1458046.8,82.399994,82.09999,268.0,627.36,111.64907,53
2025-02-23 16:00:00+00:00,71.0,23.733,13.733001,17.785086,23.90565,13.674044,17.747902,41730.613,36176.375,0.0,0.0,0.0,14.081477,24.119999,266.60513,16.62,3.1473243,896.1512,907.0124,2159927.5,1494223.1,82.399994,82.09999,268.0,643.98,114.796394,54
2025-02-24 16:00:00+00:00,71.0,23.682999,10.533,17.197584,23.801508,10.161681,17.211962,41807.645,38218.008,0.0,0.0,0.0,11.090103,18.72,316.81635,18.79,3.4476244,913.34875,924.22437,2201735.2,1532441.1,82.399994,82.09999,268.0,662.76996,118.24402,55
2025-02-25 16:00:00+00:00,71.0,25.333,13.383,18.495499,25.916666,13.7284565,19.105415,41885.027,38459.78,0.0,0.0,0.0,15.7908325,32.399998,299.61044,16.9,3.2430005,931.84424,943.3298,2243620.2,1570900.9,82.399994,82.09999,268.0,679.67,121.48702,56
2025-02-26 16:00:00+00:00,71.0,26.782999,15.183001,19.991335,27.093485,15.7032585,20.954775,41962.703,39301.945,0.0,0.0,0.0,15.021105,27.72,325.4345,17.15,3.4458315,951.8356,964.28455,2285583.0,1610202.9,82.399994,82.09999,268.0,696.82,124.93285,57
2025-02-27 16:00:00+00:00,71.0,27.932999,15.433001,20.862165,29.05412,16.189945,21.802887,42040.6,39061.05,0.0,0.0,0.0,14.689589,23.759998,291.56747,17.92,3.7953296,972.69775,986.0874,2327623.5,1649263.9,82.399994,82.09999,268.0,714.74,128.72818,58
2025-02-28 16:00:00+00:00,71.0,27.6935,14.483001,22.166647,28.511688,15.135334,23.022615,42118.668,37936.113,0.0,0.0,0.0,9.255571,9.72,284.54703,14.33,3.157752,994.8644,1009.11005,2369742.2,1687200.0,82.399994,82.09999,268.0,729.07,131.88593,59
2025-03-01 16:00:00+00:00,71.0,32.0935,22.793499,26.689337,33.773605,24.061178,28.011887,42196.836,39558.72,0.0,0.0,0.0,21.096123,19.8,213.64986,21.43,5.3018727,1021.5537,1037.122,2411939.0,1726758.8,82.399994,82.09999,268.0,750.5,137.1878,60
2025-03-02 16:00:00+00:00,71.0,30.0935,23.6435,26.153913,31.577267,24.377274,27.77018,42275.047,32566.88,0.0,0.0,0.0,21.26744,11.879999,213.6626,14.79,4.029278,1047.7076,1064.8921,2454214.0,1759325.6,82.399994,82.09999,268.0,765.29,141.21709,61
2025-03-03 16:00:00+00:00,71.0,29.6435,21.793499,24.63725,30.831913,22.866724,25.636786,42353.234,39720.535,0.0,0.0,0.0,14.408997,11.5199995,270.8718,22.95,4.9475303,1072.3448,1090.5289,2496567.2,1799046.1,82.399994,82.09999,268.0,788.24,146.16461,62
2025-03-04 16:00:00+00:00,71.0,28.9935,20.9435,24.0435,30.149483,21.7231,24.616457,42431.348,39801.17,0.0,0.0,0.0,15.463246,10.08,310.2782,23.19,5.1927614,1096.3883,1115.1454,2538998.5,1838847.2,82.399994,82.09999,268.0,811.43,151.35738,63
2025-03-05 16:00:00+00:00,71.0,28.3435,19.4935,23.328917,30.024124,20.000555,23.62012,42509.324,36681.637,0.0,0.0,0.0,15.844089,11.5199995,236.62778,21.7,5.062454,1119.7172,1138.7655,2581507.8,1875528.9,82.399994,82.09999,268.0,833.13,156.41983,64
2025-03-06 16:00:00+00:00,71.0,27.2435,19.3935,22.54558,28.246735,18.549622,22.320381,42587.1,39816.77,0.0,0.0,0.0,15.546833,15.84,216.20953,20.68,4.727512,1142.2627,1161.0859,2624094.8,1915345.6,82.399994,82.09999,268.0,853.81,161.14734,65
2025-03-07 16:00:00+00:00,71.0,24.1435,19.4935,21.441416,24.727835,19.253532,21.193375,42664.63,31813.346,0.0,0.0,0.0,19.592731,14.4,249.23663,16.46,3.868769,1163.7041,1182.2793,2666759.5,1947159.0,82.399994,82.09999,268.0,870.27,165.01611,66
2025-03-08 16:00:00+00:00,71.0,26.9435,20.2435,22.633085,26.687284,20.10094,,42742.41,40120.73,0.0,0.0,0.0,20.211363,14.759999,,21.64,,1186.3372,,2709502.0,1987279.8,82.399994,82.09999,268.0,891.91003,,67
