date,elevation,temperature_2m_max,temperature_2m_min,temperature_2m_mean,apparent_temperature_max,apparent_temperature_min,apparent_temperature_mean,daylight_duration,sunshine_duration,precipitation_sum,rain_sum,precipitation_hours,wind_speed_10m_max,wind_gusts_10m_max,wind_direction_10m_dominant,shortwave_radiation_sum,et0_fao_evapotranspiration,cumulative_temperature_2m_mean,cumulative_apparent_temperature_mean,cumulative_daylight_duration,cumulative_sunshine_duration,cumulative_precipitation_sum,cumulative_rain_sum,cumulative_precipitation_hours,cumulative_shortwave_radiation_sum,cumulative_et0_fao_evapotranspiration,day
2025-01-01 16:00:00+00:00,91.0,17.7745,16.3245,17.101582,17.38659,15.351168,16.204535,38700.812,0.0,5.899999,5.899999,17.0,22.375818,36.719997,353.33496,2.11,0.78835714,17.101582,16.204535,38700.812,0.0,5.899999,5.899999,17.0,2.11,0.78835714,1
2025-01-02 16:00:00+00:00,91.0,18.1745,13.9745,16.564081,15.83997,12.975525,14.644489,38723.355,16056.587,0.5,0.5,4.0,26.354485,47.16,354.90265,5.31,1.475988,33.665665,30.849024,77424.17,16056.587,6.399999,6.399999,21.0,7.42,2.2643452,2
2025-01-03 16:00:00+00:00,91.0,20.9245,12.3745,16.507833,22.146933,11.738619,16.442675,38747.555,35727.86,0.0,0.0,0.0,12.10157,22.319998,342.95026,14.71,2.4217017,50.1735,47.2917,116171.73,51784.445,6.399999,6.399999,21.0,22.130001,4.6860466,3
2025-01-04 16:00:00+00:00,91.0,20.124498,14.4745,16.589083,19.055124,13.353672,15.605862,38773.387,35652.973,0.9000001,0.9000001,7.0,21.897945,38.88,355.25024,11.09,1.980521,66.76258,62.89756,154945.11,87437.42,7.299999,7.299999,28.0,33.22,6.666568,4
2025-01-05 16:00:00+00:00,91.0,20.5245,12.9745,16.466166,19.102663,10.473373,14.69614,38800.83,35704.953,0.2,0.2,1.0,23.678726,45.719997,357.49985,16.98,3.009516,83.228745,77.593704,193745.94,123142.375,7.499999,7.499999,29.0,50.2,9.676084,5
2025-01-06 16:00:00+00:00,91.0,19.1745,12.5245,15.311999,18.954365,11.292409,14.596465,38829.86,35696.25,0.2,0.2,2.0,15.3264475,27.72,352.6433,13.54,2.2629666,98.54074,92.19017,232575.8,158838.62,7.699999,7.699999,31.0,63.74,11.939051,6
2025-01-07 16:00:00+00:00,91.0,19.974499,10.2745,15.072417,19.402105,8.999113,13.921575,38860.773,35689.156,0.0,0.0,0.0,18.543495,30.599998,359.3147,15.92,2.6333258,113.61316,106.11175,271436.56,194527.78,7.699999,7.699999,31.0,79.66,14.572376,7
2025-01-08 16:00:00+00:00,91.0,19.3245,12.5245,15.632835,17.260868,10.476284,13.598782,38893.684,31654.916,0.0,0.0,0.0,23.770906,38.88,356.73438,10.97,2.2730808,129.246,119.710526,310330.25,226182.7,7.699999,7.699999,31.0,90.630005,16.845457,8
2025-01-09 16:00:00+00:00,91.0,16.374498,12.4745,14.109917,12.777811,9.528164,10.6140785,38928.516,30357.766,0.5,0.5,5.0,27.77838,45.719997,357.6081,9.12,2.1690733,143.35593,130.3246,349258.75,256540.47,8.199999,8.199999,36.0,99.75001,19.01453,9
2025-01-10 16:00:00+00:00,91.0,16.374498,12.1745,13.741166,13.843657,8.999801,11.25175,38965.19,34812.86,1.4000001,1.4000001,11.0,25.2924,44.639996,353.78314,11.73,1.9725939,157.09709,141.57635,388223.94,291353.3,9.599998,9.599998,47.0,111.48001,20.987123,10
2025-01-11 16:00:00+00:00,91.0,17.874498,10.4745,13.503667,15.03373,6.6710453,10.29371,39003.65,35673.895,0.2,0.2,2.0,26.295406,44.639996,0.20803876,16.82,2.8420365,170.60075,151.87007,427227.6,327027.22,9.799998,9.799998,49.0,128.30002,23.82916,11
2025-01-12 16:00:00+00:00,91.0,18.624498,7.1245003,13.0286665,18.181116,5.034298,11.492374,39043.81,35673.375,0.0,0.0,0.0,11.173057,21.599998,355.23642,17.03,2.7533782,183.62943,163.36244,466271.4,362700.6,9.799998,9.799998,49.0,145.33002,26.582539,12
2025-01-13 16:00:00+00:00,91.0,19.5245,8.6245,14.420334,18.580616,6.8347206,13.356705,39085.598,35548.094,1.1,1.1,4.0,15.710607,25.919998,340.50107,14.32,2.5044434,198.04976,176.71915,505357.0,398248.7,10.899999,10.899999,53.0,159.65002,29.086983,13
2025-01-14 16:00:00+00:00,91.0,16.5245,13.5245,15.44325,14.532368,10.647995,13.190839,39128.95,168.89236,1.2,1.2,8.0,26.02541,45.719997,356.7702,2.22,1.0708768,213.49301,189.90999,544485.94,398417.6,12.099998,12.099998,61.0,161.87003,30.15786,14
2025-01-15 16:00:00+00:00,91.0,16.974499,12.2245,13.81825,15.12948,9.581294,11.194942,39173.785,35679.797,0.0,0.0,0.0,25.562534,46.079998,355.78064,14.19,2.368276,227.31126,201.10493,583659.75,434097.38,12.099998,12.099998,61.0,176.06003,32.526134,15
2025-01-16 16:00:00+00:00,91.0,18.0245,10.0745,13.8099165,16.977383,7.1942606,11.592153,39220.043,35684.6,0.0,0.0,0.0,18.954777,33.48,356.86786,15.88,2.6400976,241.12119,212.69708,622879.8,469781.97,12.099998,12.099998,61.0,191.94003,35.166233,16
2025-01-17 16:00:00+00:00,91.0,17.0245,11.4745,14.191169,16.305656,9.213257,13.033104,39267.645,24549.92,3.1000004,3.1000004,9.0,14.275713,27.0,350.01288,7.17,1.3730631,255.31235,225.7302,662147.44,494331.88,15.199999,15.199999,70.0,199.11003,36.539295,17
2025-01-18 16:00:00+00:00,91.0,19.6745,12.8245,16.055748,18.090948,11.614132,14.572633,39316.523,35115.38,1.4000001,1.4000001,7.0,22.366402,42.12,356.28964,13.23,2.2039292,271.3681,240.30283,701463.94,529447.25,16.599998,16.599998,77.0,212.34003,38.743225,18
2025-01-19 16:00:00+00:00,91.0,20.0745,11.3745,15.420333,21.117105,10.028734,14.750798,39366.613,35786.277,0.0,0.0,0.0,16.575644,28.08,352.3962,15.93,2.6350014,286.78842,255.05362,740830.56,565233.5,16.599998,16.599998,77.0,228.27002,41.378227,19
2025-01-20 16:00:00+00:00,91.0,20.374498,10.7245,15.709916,21.314497,9.157755,15.289116,39417.844,35793.207,0.0,0.0,0.0,11.833546,23.759998,346.30453,16.37,2.7130475,302.49835,270.34274,780248.4,601026.7,16.599998,16.599998,77.0,244.64001,44.091274,20
2025-01-21 16:00:00+00:00,91.0,20.3245,13.0745,16.278667,20.60301,12.788233,16.117975,39470.145,35728.914,1.2,1.2,7.0,15.137133,25.919998,347.4042,12.87,2.1851761,318.777,286.46072,819718.5,636755.6,17.8,17.8,84.0,257.51,46.27645,21
2025-01-22 16:00:00+00:00,91.0,21.6745,13.6745,16.976583,20.274162,12.370129,15.8524065,39523.453,35149.754,0.9000001,0.9000001,7.0,23.226276,40.68,358.13574,16.02,2.720031,335.7536,302.31314,859241.94,671905.4,18.699999,18.699999,91.0,273.53,48.996483,22
2025-01-23 16:00:00+00:00,91.0,21.724499,12.3245,16.709917,22.468325,10.548579,16.072252,39577.703,35983.035,0.0,0.0,0.0,17.11515,28.8,353.26624,15.63,2.722385,352.46353,318.3854,898819.6,707888.44,18.699999,18.699999,91.0,289.16,51.71887,23
2025-01-24 16:00:00+00:00,91.0,21.8245,12.5245,16.884916,23.164593,11.91453,16.554344,39632.824,35998.273,0.0,0.0,0.0,19.281015,33.48,355.75723,16.87,2.8253093,369.34845,334.93976,938452.44,743886.7,18.699999,18.699999,91.0,306.03,54.544178,24
2025-01-25 16:00:00+00:00,91.0,20.0745,12.8745,15.953667,19.730867,10.239042,14.139709,39688.754,35789.055,0.0,0.0,0.0,30.960526,56.88,357.00003,15.19,2.643903,385.30212,349.07947,978141.2,779675.75,18.699999,18.699999,91.0,321.22,57.18808,25
2025-01-26 16:00:00+00:00,91.0,13.6745,11.4245,12.428666,9.831823,6.66411,7.8190746,39745.453,10876.682,1.4000001,1.4000001,7.0,36.568363,62.279995,0.49235222,4.94,1.6874392,397.7308,356.89853,1017886.6,790552.44,20.099998,20.099998,98.0,326.16,58.87552,26
2025-01-27 16:00:00+00:00,91.0,17.1745,11.0245,13.470333,14.349789,6.732106,9.939816,39803.402,35867.047,0.0,0.0,0.0,24.306,42.48,359.36072,15.51,3.1969495,411.20114,366.83835,1057690.0,826419.5,20.099998,20.099998,98.0,341.67,62.072468,27
2025-01-28 16:00:00+00:00,91.0,17.474499,11.4745,14.151586,17.120895,9.041847,12.623952,39862.836,35137.508,0.0,0.0,0.0,13.321216,22.319998,348.78198,15.41,2.6613505,425.35272,379.4623,1097552.9,861557.0,20.099998,20.099998,98.0,357.08002,64.73382,28
2025-01-29 16:00:00+00:00,91.0,19.8245,9.7245,14.901582,20.220531,8.496255,14.140571,39923.668,36278.44,0.0,0.0,0.0,11.879999,20.880001,335.49176,17.78,2.948541,440.2543,393.60287,1137476.5,897835.44,20.099998,20.099998,98.0,374.86002,67.68236,29
2025-01-30 16:00:00+00:00,91.0,18.5245,11.8745,15.701581,18.023891,10.751583,15.22417,39985.81,17828.678,3.6999998,3.6999998,11.0,13.523978,25.56,343.8107,6.21,1.3700137,455.95587,408.82706,1177462.2,915664.1,23.8,23.8,109.0,381.07,69.05237,30
2025-01-31 16:00:00+00:00,91.0,23.1745,15.0745,18.653666,23.511919,14.120235,18.36564,40049.176,35204.883,8.099999,8.099999,22.0,18.627172,37.079998,353.9567,13.05,2.5301306,474.60953,427.1927,1217511.4,950869.0,31.899998,31.899998,131.0,394.12,71.5825,31
2025-02-01 16:00:00+00:00,91.0,22.3245,15.2245,18.097414,23.852144,13.902391,17.765131,40113.684,36355.902,3.8999994,3.8999994,17.0,19.206936,34.56,349.54056,17.87,2.90886,492.70694,444.95782,1257625.0,987224.9,35.799995,35.799995,148.0,411.99,74.491356,32
2025-02-02 16:00:00+00:00,91.0,18.874498,12.5745,15.711998,16.387432,8.93089,13.360457,40179.25,36027.918,3.0,3.0,15.0,31.868137,57.239998,356.32712,15.14,2.3778615,508.41895,458.31827,1297804.2,1023252.8,38.799995,38.799995,163.0,427.13,76.86922,33
2025-02-03 16:00:00+00:00,91.0,15.3745,11.9745,13.257833,12.756359,8.247464,10.301837,40245.8,31687.28,1.1000001,1.1000001,7.0,27.790623,44.28,357.74097,9.53,1.8369939,521.67676,468.62012,1338050.0,1054940.1,39.899994,39.899994,170.0,436.66,78.70621,34
2025-02-04 16:00:00+00:00,91.0,17.9245,10.8245,14.591167,17.896042,9.09541,13.903469,40313.246,36081.363,0.1,0.1,1.0,10.674773,23.4,334.59067,15.33,2.4348304,536.26794,482.5236,1378363.2,1091021.5,39.999992,39.999992,171.0,451.99,81.14104,35
2025-02-05 16:00:00+00:00,91.0,19.8245,14.2745,16.509916,19.73933,13.762745,15.855359,40381.516,35730.434,0.0,0.0,0.0,17.508179,29.88,342.6168,14.67,2.6706445,552.77783,498.37894,1418744.8,1126751.9,39.999992,39.999992,171.0,466.66,83.81168,36
2025-02-06 16:00:00+00:00,91.0,20.5745,12.7745,16.111998,19.107538,8.97669,13.440362,40450.527,36502.273,0.2,0.2,2.0,31.631382,54.36,354.49637,18.44,3.1934314,568.88983,511.8193,1459195.2,1163254.1,40.199993,40.199993,173.0,485.1,87.00511,37
2025-02-07 16:00:00+00:00,91.0,15.6245,11.0245,13.234917,13.209698,7.4843645,9.769886,40520.203,36168.4,2.3999999,2.3999999,17.0,26.302181,48.96,355.64386,15.07,2.4769325,582.12476,521.5892,1499715.5,1199422.5,42.599995,42.599995,190.0,500.17,89.48204,38
2025-02-08 16:00:00+00:00,91.0,16.5745,11.0745,13.155751,15.304317,7.8776035,10.771008,40590.477,36049.535,1.3000002,1.3000002,10.0,18.595839,34.92,355.54056,15.44,2.5287778,595.2805,532.36017,1540306.0,1235472.0,43.899994,43.899994,200.0,515.61,92.01082,39
2025-02-09 16:00:00+00:00,91.0,19.124498,9.3745,14.1245,18.934242,7.38375,12.890873,40661.27,37288.594,0.2,0.2,2.0,13.934604,25.199999,352.14676,19.06,3.0440836,609.405,545.25104,1580967.2,1272760.6,44.099995,44.099995,202.0,534.67,95.0549,40
2025-02-10 16:00:00+00:00,91.0,21.874498,9.3745,16.014084,22.126297,7.278928,15.236526,40732.504,36606.195,0.0,0.0,0.0,15.151039,27.72,345.05542,18.45,3.2244089,625.4191,560.48755,1621699.8,1309366.9,44.099995,44.099995,202.0,553.12,98.27931,41
2025-02-11 16:00:00+00:00,91.0,18.5245,16.0245,17.222416,19.331114,15.323166,17.26605,40804.117,0.0,33.399998,33.399998,24.0,20.746902,28.8,350.72815,2.18,0.67336565,642.64154,577.7536,1662503.9,1309366.9,77.49999,77.49999,226.0,555.3,98.952675,42
2025-02-12 16:00:00+00:00,91.0,17.5745,15.6745,16.807833,17.126587,14.06978,15.629664,40876.03,0.0,28.9,28.9,24.0,28.783117,41.760002,353.49673,2.89,0.8208297,659.4494,593.38324,1703379.9,1309366.9,106.399994,106.399994,250.0,558.19,99.773506,43
2025-02-13 16:00:00+00:00,91.0,18.5245,15.3745,16.79325,18.57846,14.654999,16.569479,40948.18,2894.6047,4.3,4.3,15.0,15.3264475,27.359999,346.73056,5.94,1.1499,676.2427,609.9527,1744328.0,1312261.5,110.7,110.7,265.0,564.13,100.92341,44
2025-02-14 16:00:00+00:00,91.0,22.624498,14.7745,18.264082,24.401518,13.586832,18.590014,41020.496,37671.527,0.2,0.2,1.0,17.66753,27.359999,344.09155,18.36,3.0147066,694.5068,628.5427,1785348.5,1349933.0,110.899994,110.899994,266.0,582.49,103.93812,45
2025-02-15 16:00:00+00:00,91.0,23.5745,13.4745,17.989082,24.826582,11.6019745,17.613773,41092.918,37955.523,0.0,0.0,0.0,21.145977,37.44,351.48804,20.13,3.3947484,712.49585,646.1565,1826441.4,1387888.5,110.899994,110.899994,266.0,602.62,107.33286,46
2025-02-16 16:00:00+00:00,91.0,23.7145,16.914501,19.822832,25.561756,18.798864,21.707474,41163.074,33853.656,0.0,0.0,0.0,11.966953,21.599998,272.86227,14.08,2.584039,732.31866,667.86395,1867604.5,1421742.1,110.899994,110.899994,266.0,616.7,109.9169,47
2025-02-17 16:00:00+00:00,91.0,23.3645,15.6645,18.56242,24.162903,16.256718,19.218771,41237.137,35620.086,0.0,0.0,0.0,15.277749,27.359999,333.66464,16.73,2.9791894,750.8811,687.0827,1908841.6,1457362.2,110.899994,110.899994,266.0,633.43,112.89609,48
2025-02-18 16:00:00+00:00,91.0,23.6145,14.3645,18.53325,24.7472,15.034578,19.221724,41312.047,36000.0,0.0,0.0,0.0,13.783817,23.759998,310.68387,16.89,3.1069894,769.41437,706.30444,1950153.6,1493362.2,110.899994,110.899994,266.0,650.32,116.003075,49
2025-02-19 16:00:00+00:00,91.0,23.2145,14.9645,18.56867,24.11005,15.927801,19.415297,41387.715,36449.938,0.0,0.0,0.0,12.287555,21.96,339.5763,16.85,2.984111,787.98303,725.7197,1991541.4,1529812.2,110.899994,110.899994,266.0,667.17,118.98718,50
2025-02-20 16:00:00+00:00,91.0,23.914501,15.564501,18.724916,25.06885,15.912756,19.300684,41464.086,36792.805,0.0,0.0,0.0,18.899143,33.48,342.8571,19.44,3.3734155,806.70795,745.0204,2033005.5,1566605.0,110.899994,110.899994,266.0,686.61,122.360596,51
2025-02-21 16:00:00+00:00,91.0,24.5645,14.014501,18.337418,26.426281,14.49015,19.201056,41541.074,36000.0,0.0,0.0,0.0,13.246826,24.84,324.76657,18.1,3.315698,825.04535,764.22144,2074546.6,1602605.0,110.899994,110.899994,266.0,704.70996,125.67629,52
2025-02-22 16:00:00+00:00,91.0,21.0645,15.064501,17.129087,21.280262,14.903404,17.066965,41618.62,23869.385,0.0,0.0,0.0,18.0036,32.039997,346.26913,11.88,2.0866482,842.17444,781.2884,2116165.2,1626474.4,110.899994,110.899994,266.0,716.58997,127.76294,53
2025-02-23 16:00:00+00:00,91.0,22.1145,14.014501,17.091583,22.70101,13.763168,17.066002,41696.66,35310.438,0.0,0.0,0.0,11.91812,21.96,335.05338,17.91,3.060335,859.266,798.3544,2157862.0,1661784.8,110.899994,110.899994,266.0,734.49994,130.82327,54
2025-02-24 16:00:00+00:00,91.0,23.164501,12.014501,17.014502,23.805063,11.9487915,17.272053,41775.125,36937.72,0.0,0.0,0.0,14.529915,25.56,328.664,19.17,3.4194775,876.2805,815.6264,2199637.0,1698722.5,110.899994,110.899994,266.0,753.6699,134.24275,55
2025-02-25 16:00:00+00:00,91.0,23.7645,13.4145,17.920752,25.07757,14.012751,18.755766,41853.945,36414.71,0.0,0.0,0.0,14.88242,28.08,325.28003,16.22,2.981267,894.2013,834.38214,2241491.0,1735137.2,110.899994,110.899994,266.0,769.8899,137.22401,56
2025-02-26 16:00:00+00:00,91.0,25.6145,16.414501,20.027,26.039785,17.40326,20.888742,41933.055,37072.97,0.0,0.0,0.0,18.847641,32.399998,343.6245,17.52,3.4484825,914.2283,855.2709,2283424.0,1772210.2,110.899994,110.899994,266.0,787.4099,140.6725,57
2025-02-27 16:00:00+00:00,91.0,27.8145,16.3645,21.191584,29.720203,17.743893,22.649359,42012.402,39040.63,0.0,0.0,0.0,15.459054,26.28,357.99747,19.99,4.000323,935.41986,877.9202,2325436.5,1811250.9,110.899994,110.899994,266.0,807.3999,144.67282,58
2025-02-28 16:00:00+00:00,91.0,27.5145,17.4645,21.812416,29.625885,19.11369,23.893494,42091.914,35290.145,0.0,0.0,0.0,11.966953,21.599998,322.19342,16.97,3.4153836,957.2323,901.8137,2367528.5,1846541.0,110.899994,110.899994,266.0,824.3699,148.08821,59
2025-03-01 16:00:00+00:00,91.0,30.1165,19.0145,23.326166,30.805038,21.492592,24.986841,42171.527,34812.71,0.0,0.0,0.0,13.37825,12.24,302.42752,16.87,3.6259608,980.5585,926.80054,2409700.0,1881353.8,110.899994,110.899994,266.0,841.23987,151.71417,60
2025-03-02 16:00:00+00:00,91.0,31.066502,20.6165,25.18525,32.91665,21.740118,26.5119,42251.188,39610.305,0.0,0.0,0.0,21.437386,15.4800005,233.98622,22.61,5.1245356,1005.7437,953.31244,2451951.2,1920964.0,110.899994,110.899994,266.0,863.84985,156.83871,61
2025-03-03 16:00:00+00:00,91.0,32.1665,22.6665,26.22275,32.14783,24.964277,27.632027,42330.824,39692.527,0.90000004,0.0,3.0,23.740902,16.199999,219.25937,20.4,5.154079,1031.9664,980.94446,2494282.0,1960656.5,111.799995,110.899994,269.0,884.2499,161.9928,62
2025-03-04 16:00:00+00:00,91.0,30.216501,20.966501,25.251915,31.579151,22.527668,26.753622,42410.387,39774.54,1.2,0.0,6.0,22.322903,12.24,332.45093,22.5,5.1040473,1057.2184,1007.69806,2536692.5,2000431.0,112.99999,110.899994,275.0,906.7499,167.09685,63
2025-03-05 16:00:00+00:00,91.0,20.5165,16.1665,18.401917,22.687355,14.674034,17.954966,42489.8,21513.879,2.3999996,0.0,12.0,21.41319,10.08,344.61035,8.49,1.9188551,1075.6204,1025.6531,2579182.2,2021944.9,115.399994,110.899994,287.0,915.23987,169.0157,64
2025-03-06 16:00:00+00:00,91.0,20.1665,15.8665,17.368586,19.456793,13.170565,16.459143,42569.01,13437.71,0.0,0.0,0.0,21.077686,12.599999,346.4443,5.9,1.8292836,1092.9889,1042.1122,2621751.2,2035382.6,115.399994,110.899994,287.0,921.1399,170.84499,65
2025-03-07 16:00:00+00:00,91.0,21.2665,13.7664995,16.643583,20.950031,11.14024,14.671802,42647.973,38823.59,1.8,1.8,6.0,25.050413,17.64,348.61652,17.47,3.6194105,1109.6324,1056.7839,2664399.2,2074206.2,117.2,112.7,293.0,938.60986,174.4644,66
2025-03-08 16:00:00+00:00,91.0,23.8665,14.1665,17.828999,23.043232,13.073509,16.586554,42727.188,39085.33,0.90000004,0.90000004,3.0,27.210379,22.319998,348.28564,22.79,4.1954284,1127.4614,1073.3705,2707126.5,2113291.5,118.1,113.6,296.0,961.39984,178.65984,67
2025-03-09 16:00:00+00:00,91.0,24.716501,15.5665,,26.238123,15.177816,,42806.9,,,,0.0,20.674156,15.84,,,,,,2749933.5,,,,296.0,,,68
