date,elevation,temperature_2m_max,temperature_2m_min,temperature_2m_mean,apparent_temperature_max,apparent_temperature_min,apparent_temperature_mean,daylight_duration,sunshine_duration,precipitation_sum,rain_sum,precipitation_hours,wind_speed_10m_max,wind_gusts_10m_max,wind_direction_10m_dominant,shortwave_radiation_sum,et0_fao_evapotranspiration,cumulative_temperature_2m_mean,cumulative_apparent_temperature_mean,cumulative_daylight_duration,cumulative_sunshine_duration,cumulative_precipitation_sum,cumulative_rain_sum,cumulative_precipitation_hours,cumulative_shortwave_radiation_sum,cumulative_et0_fao_evapotranspiration,day
2025-01-01 16:00:00+00:00,19.0,22.331001,21.331001,21.989334,22.252567,19.96602,21.129816,38961.64,5319.01,1.3000002,1.3000002,9.0,31.836092,43.92,38.168427,5.58,2.3074212,21.989334,21.129816,38961.64,5319.01,1.3000002,1.3000002,9.0,5.58,2.3074212,1
2025-01-02 16:00:00+00:00,19.0,22.031,19.981,20.901833,21.52222,14.094978,18.307041,38982.94,0.0,6.4,6.4,22.0,53.085655,72.36,41.1227,2.71,2.1634903,42.891167,39.43686,77944.58,5319.01,7.7000003,7.7000003,31.0,8.29,4.4709115,2
2025-01-03 16:00:00+00:00,19.0,21.181002,19.631,20.297667,16.236622,13.8476715,15.012599,39005.816,35967.65,0.2,0.2,2.0,53.186573,72.0,53.172806,15.64,4.197626,63.188835,54.44946,116950.39,41286.656,7.9,7.9,33.0,23.93,8.668537,3
2025-01-04 16:00:00+00:00,19.0,21.731,20.331001,21.0935,21.661497,15.7526245,19.660582,39030.23,22400.379,2.0,2.0,8.0,44.402023,62.639996,47.550537,7.61,2.9353256,84.28233,74.11004,155980.62,63687.035,9.9,9.9,41.0,31.54,11.603863,4
2025-01-05 16:00:00+00:00,19.0,21.231,19.231,20.545584,20.84001,13.457907,17.659212,39056.168,35943.2,0.3,0.3,3.0,46.64536,67.32,50.522884,15.06,3.4970117,104.82792,91.76925,195036.8,99630.234,10.2,10.2,44.0,46.600002,15.100874,5
2025-01-06 16:00:00+00:00,19.0,20.081001,18.931002,19.385166,16.263485,13.056068,14.413941,39083.613,20993.088,0.0,0.0,0.0,47.827526,68.4,58.46489,11.11,4.1678615,124.21309,106.18319,234120.4,120623.32,10.2,10.2,44.0,57.710003,19.268736,6
2025-01-07 16:00:00+00:00,19.0,21.881,19.031,20.489334,20.633602,15.100065,18.403173,39112.836,33137.414,0.0,0.0,0.0,37.690125,52.92,55.773426,11.33,3.3468254,144.70242,124.586365,273233.25,153760.73,10.2,10.2,44.0,69.04,22.61556,7
2025-01-08 16:00:00+00:00,19.0,20.931002,18.731,20.168503,19.895437,13.163893,16.91675,39143.945,21091.23,0.3,0.3,3.0,47.664665,67.67999,47.898083,9.46,3.0300837,164.87093,141.50311,312377.2,174851.97,10.5,10.5,47.0,78.5,25.645645,8
2025-01-09 16:00:00+00:00,19.0,18.631,17.381,18.176832,13.4367695,11.213644,12.235607,39176.867,22678.32,0.6,0.6,6.0,49.841805,71.64,48.30012,8.76,3.3773432,183.04776,153.73872,351554.06,197530.28,11.1,11.1,53.0,87.26,29.022987,9
2025-01-10 16:00:00+00:00,19.0,18.631,17.181002,17.872667,15.971264,11.380771,13.634079,39211.54,1401.5458,1.0000001,1.0000001,10.0,46.132004,66.6,43.366924,4.8,2.6829987,200.92043,167.3728,390765.6,198931.83,12.1,12.1,63.0,92.060005,31.705986,10
2025-01-11 16:00:00+00:00,19.0,19.081001,17.881,18.364334,15.753321,11.847157,14.374822,39247.895,35906.31,0.3,0.3,3.0,46.39847,65.88,45.552036,14.85,3.4975924,219.28476,181.74762,430013.5,234838.14,12.400001,12.400001,66.0,106.91,35.20358,11
2025-01-12 16:00:00+00:00,19.0,19.481,17.681002,18.560165,14.288839,11.458027,12.736125,39285.855,35904.633,0.0,0.0,0.0,45.970535,65.88,59.07521,16.42,4.7500257,237.84492,194.48375,469299.34,270742.78,12.400001,12.400001,66.0,123.33,39.953606,12
2025-01-13 16:00:00+00:00,19.0,21.631,19.181002,20.545584,20.732426,13.623421,17.720043,39325.367,23046.52,1.4,1.4,5.0,43.09675,60.120003,54.055115,8.61,3.4874053,258.3905,212.2038,508624.72,293789.3,13.8,13.8,71.0,131.94,43.44101,13
2025-01-14 16:00:00+00:00,19.0,20.831001,18.681002,20.147669,20.724714,12.7838745,18.065098,39366.35,0.0,11.999999,11.999999,24.0,49.307186,67.67999,32.514313,3.21,1.959987,278.53818,230.26889,547991.06,293789.3,25.8,25.8,95.0,135.15001,45.400997,14
2025-01-15 16:00:00+00:00,19.0,18.581001,17.481,18.051832,14.230465,11.694686,12.8861475,39408.742,35907.324,0.4,0.4,4.0,50.187733,68.76,51.380142,15.53,4.086696,296.59,243.15504,587399.8,329696.62,26.199999,26.199999,99.0,150.68001,49.487694,15
2025-01-16 16:00:00+00:00,19.0,19.531,17.781,18.608084,14.915499,12.049557,13.717613,39452.477,35910.805,0.0,0.0,0.0,47.14385,68.76,52.990578,15.79,4.2394843,315.1981,256.87265,626852.3,365607.44,26.199999,26.199999,99.0,166.47,53.727177,16
2025-01-17 16:00:00+00:00,19.0,19.831001,17.931002,18.953917,18.10056,11.9721985,14.99653,39497.484,8230.867,1.2000002,1.2000002,12.0,47.059933,68.4,50.080627,6.78,3.1898472,334.152,271.86917,666349.8,373838.3,27.4,27.4,111.0,173.25,56.917023,17
2025-01-18 16:00:00+00:00,19.0,22.431002,19.831001,20.716415,23.85757,17.878448,20.443151,39543.707,28444.871,2.9,2.9,14.0,33.7004,51.12,33.132446,9.95,2.6757147,354.8684,292.31232,705893.5,402283.2,30.3,30.3,125.0,183.2,59.59274,18
2025-01-19 16:00:00+00:00,19.0,21.281,19.281,20.103918,19.117378,14.527014,16.638382,39591.066,36004.992,0.2,0.2,2.0,41.215282,56.88,56.814117,17.46,4.3487415,374.97232,308.95068,745484.56,438288.2,30.5,30.5,127.0,200.66,63.941483,19
2025-01-20 16:00:00+00:00,19.0,21.281,19.481,20.316418,16.57074,15.141888,15.817746,39639.508,35937.875,0.0,0.0,0.0,44.33996,63.36,60.324696,17.74,4.7962413,395.28873,324.76843,785124.06,474226.06,30.5,30.5,127.0,218.40001,68.737724,20
2025-01-21 16:00:00+00:00,19.0,21.781,20.131,20.916416,20.641277,15.363199,18.34696,39688.973,32417.516,1.5000001,1.5000001,9.0,44.389988,61.56,61.760197,11.82,3.577489,416.20514,343.1154,824813.06,506643.56,32.0,32.0,136.0,230.22,72.315216,21
2025-01-22 16:00:00+00:00,19.0,23.731,20.931002,22.216417,27.047094,20.711807,23.254461,39739.383,35950.566,0.70000005,0.70000005,5.0,20.73753,38.88,9.215569,16.02,3.459133,438.42157,366.36984,864552.44,542594.1,32.7,32.7,141.0,246.24,75.774345,22
2025-01-23 16:00:00+00:00,19.0,23.281,21.081001,21.97267,22.389885,19.4482,20.608881,39790.688,35972.195,0.90000004,0.90000004,6.0,32.508316,46.44,58.197598,14.42,3.4833894,460.39423,386.97873,904343.1,578566.3,33.600002,33.600002,147.0,260.66,79.25774,23
2025-01-24 16:00:00+00:00,19.0,22.831001,20.981,21.697668,22.008331,18.60556,20.123093,39842.82,35986.344,0.0,0.0,0.0,31.20444,44.28,48.923733,16.12,3.8983762,482.0919,407.1018,944185.94,614552.6,33.600002,33.600002,147.0,276.78,83.15611,24
2025-01-25 16:00:00+00:00,19.0,22.181002,19.481,20.9185,21.698235,18.352968,19.625006,39895.723,35549.848,2.4,2.4,9.0,31.574484,40.32,35.52014,15.3,3.6360552,503.01038,426.7268,984081.7,650102.5,36.000004,36.000004,156.0,292.08,86.79217,25
2025-01-26 16:00:00+00:00,19.0,19.431002,16.681002,18.15392,18.007387,10.434211,14.705876,39949.34,32493.043,3.7999997,3.7999997,18.0,47.937145,65.88,39.088234,10.54,2.626757,521.1643,441.43268,1024031.0,682595.56,39.800003,39.800003,174.0,302.62,89.41892,26
2025-01-27 16:00:00+00:00,19.0,17.731,16.581001,17.110167,11.783339,9.949011,10.906773,40004.16,25257.3,2.4,2.4,10.0,48.636654,68.76,53.687298,9.33,3.6780894,538.2745,452.33945,1064035.1,707852.9,42.200005,42.200005,184.0,311.94998,93.097015,27
2025-01-28 16:00:00+00:00,19.0,18.331001,16.881,17.614332,12.550358,10.851872,11.526597,40060.375,34267.2,0.5,0.5,3.0,48.86494,67.32,60.537403,13.76,4.145862,555.8888,463.86606,1104095.5,742120.06,42.700005,42.700005,187.0,325.71,97.242874,28
2025-01-29 16:00:00+00:00,19.0,21.131,17.881,19.726835,16.393442,11.534109,14.666047,40117.918,36497.95,0.1,0.1,1.0,48.299065,68.03999,63.984653,17.05,5.0402236,575.6156,478.5321,1144213.4,778618.0,42.800003,42.800003,188.0,342.75998,102.2831,29
2025-01-30 16:00:00+00:00,19.0,21.631,19.631,20.685167,19.674147,15.681488,17.52725,40176.7,11863.038,16.7,16.7,24.0,41.86113,57.96,64.92289,6.35,2.570534,596.3008,496.05936,1184390.1,790481.06,59.500004,59.500004,212.0,349.11,104.85363,30
2025-01-31 16:00:00+00:00,19.0,23.431002,21.681002,22.537252,23.985191,19.876686,21.717588,40236.645,31556.053,7.8999996,7.8999996,17.0,38.092438,52.199997,63.00762,12.78,2.7987285,618.838,517.7769,1224626.8,822037.1,67.4,67.4,229.0,361.88998,107.65236,31
2025-02-01 16:00:00+00:00,19.0,22.731,20.881,22.005999,23.387852,19.558147,21.625433,40297.668,30767.885,0.1,0.1,1.0,27.171059,42.839996,56.997536,12.08,2.8766968,640.844,539.40234,1264924.4,852805.0,67.5,67.5,230.0,373.96997,110.52905,32
2025-02-02 16:00:00+00:00,19.0,21.781,18.281,20.401834,22.776426,14.432793,19.180002,40359.7,36194.18,2.4999998,2.4999998,15.0,42.89366,55.8,43.092075,16.3,3.364206,661.24585,558.58234,1305284.1,888999.2,70.0,70.0,245.0,390.26996,113.89326,33
2025-02-03 16:00:00+00:00,19.0,18.331001,17.131,17.716417,14.475122,10.640432,12.638337,40422.66,36000.0,0.9,0.9,5.0,47.110508,66.96,48.656494,15.24,3.673617,678.9623,571.2207,1345706.8,924999.2,70.9,70.9,250.0,405.50995,117.56687,34
2025-02-04 16:00:00+00:00,19.0,18.231,16.731,17.633083,14.132452,10.464462,12.195518,40486.477,19179.795,0.2,0.2,2.0,46.274006,68.4,63.941406,8.04,3.538369,696.59534,583.4162,1386193.2,944179.0,71.1,71.1,252.0,413.54996,121.10524,35
2025-02-05 16:00:00+00:00,19.0,21.431002,18.231,20.149752,20.206917,14.364161,17.712759,40551.074,26955.05,1.9000001,1.9000001,11.0,34.171566,47.519997,74.56652,9.66,3.0155075,716.7451,601.12897,1426744.4,971134.06,73.0,73.0,263.0,423.20996,124.12075,36
2025-02-06 16:00:00+00:00,19.0,21.581001,17.981,20.362247,21.209997,11.758781,18.057467,40616.37,26998.082,0.2,0.2,2.0,49.02646,69.479996,48.074875,12.59,3.0858839,737.10736,619.18646,1467360.8,998132.1,73.2,73.2,265.0,435.79996,127.206635,37
2025-02-07 16:00:00+00:00,19.0,17.781,16.281,17.139334,11.558727,9.263437,10.36994,40682.305,31747.275,0.0,0.0,0.0,51.383614,75.24,52.692356,12.84,3.7996485,754.2467,629.5564,1508043.0,1029879.4,73.2,73.2,265.0,448.63995,131.00629,38
2025-02-08 16:00:00+00:00,19.0,18.481,16.081001,17.347666,13.167887,9.983087,11.784241,40748.8,32417.682,0.0,0.0,0.0,46.537918,66.24,51.98158,13.98,3.9502652,771.59436,641.34064,1548791.8,1062297.0,73.2,73.2,265.0,462.61996,134.95656,39
2025-02-09 16:00:00+00:00,19.0,20.381,17.581001,19.101833,16.152948,11.644678,14.481505,40815.793,35280.305,0.0,0.0,0.0,46.04096,64.439995,55.877617,12.64,4.272321,790.69617,655.82214,1589607.5,1097577.2,73.2,73.2,265.0,475.25998,139.22888,40
2025-02-10 16:00:00+00:00,19.0,22.481,19.731,21.274752,19.686884,15.926661,17.759943,40883.207,27215.604,1.8,1.8,8.0,43.72481,59.039997,72.09124,11.39,3.5256696,811.97095,673.5821,1630490.8,1124792.9,75.0,75.0,273.0,486.65,142.75455,41
2025-02-11 16:00:00+00:00,19.0,23.231,22.381,22.81225,23.896072,19.841343,22.250444,40950.977,5970.458,21.199999,21.199999,24.0,41.219997,54.719997,85.96301,5.44,2.052547,834.7832,695.8325,1671441.8,1130763.4,96.2,96.2,297.0,492.09,144.8071,42
2025-02-12 16:00:00+00:00,19.0,22.981,20.181002,21.126835,25.496971,15.404772,18.7822,41019.043,16401.44,38.3,38.3,22.0,48.773357,66.96,49.539692,8.35,2.3460171,855.91003,714.61475,1712460.8,1147164.9,134.5,134.5,319.0,500.44,147.15312,43
2025-02-13 16:00:00+00:00,19.0,21.881,20.181002,21.122667,20.739496,15.967447,18.429663,41087.324,13583.263,0.5,0.5,4.0,44.436306,60.120003,47.321014,8.29,2.9654627,877.0327,733.04443,1753548.1,1160748.1,135.0,135.0,323.0,508.73,150.11859,44
2025-02-14 16:00:00+00:00,19.0,24.381,21.831001,22.953917,27.150763,20.949944,24.210901,41155.77,37012.035,0.0,0.0,0.0,26.733484,39.239998,21.769825,15.73,3.3204486,899.98663,757.2553,1794703.9,1197760.1,135.0,135.0,323.0,524.46,153.43904,45
2025-02-15 16:00:00+00:00,19.0,24.531,21.531,22.731,27.43885,18.982157,23.883522,41224.32,37064.324,0.0,0.0,0.0,39.04299,50.76,41.041912,17.49,3.3355997,922.71765,781.13885,1835928.2,1234824.5,135.0,135.0,323.0,541.95,156.77464,46
2025-02-16 16:00:00+00:00,19.0,21.631,19.931002,20.601835,18.666302,15.172508,16.355547,41293.49,37969.387,0.0,0.0,0.0,46.274006,63.72,57.732517,20.4,4.5915704,943.31946,797.4944,1877221.8,1272793.9,135.0,135.0,323.0,562.35004,161.36621,47
2025-02-17 16:00:00+00:00,19.0,23.2215,19.521502,20.74442,21.90212,17.102718,18.666237,41363.516,36090.16,0.0,0.0,0.0,31.056128,51.48,54.802364,17.95,4.2861676,964.0639,816.16064,1918585.2,1308884.0,135.0,135.0,323.0,580.30005,165.65237,48
2025-02-18 16:00:00+00:00,19.0,22.7215,19.3715,20.517336,20.583212,16.679363,18.38262,41434.34,36573.723,0.0,0.0,0.0,34.322937,57.239998,61.205257,17.8,3.9270086,984.58124,834.5433,1960019.6,1345457.8,135.0,135.0,323.0,598.10004,169.57938,49
2025-02-19 16:00:00+00:00,19.0,23.271502,19.7215,21.40275,22.512625,19.43426,21.14366,41505.88,36322.08,0.0,0.0,0.0,24.36591,40.32,77.204124,14.82,3.29013,1005.984,855.68695,2001525.5,1381779.9,135.0,135.0,323.0,612.92004,172.8695,50
2025-02-20 16:00:00+00:00,19.0,24.8215,20.021502,21.629835,25.168701,16.717022,20.96669,41578.086,36191.438,0.0,0.0,0.0,37.29607,63.72,54.158512,15.9,3.5402322,1027.6139,876.6536,2043103.6,1417971.2,135.0,135.0,323.0,628.82007,176.40974,51
2025-02-21 16:00:00+00:00,19.0,23.171501,19.6215,21.161085,21.445164,16.23999,18.944536,41650.887,36560.625,0.0,0.0,0.0,38.848316,66.24,58.48422,18.55,4.1398807,1048.775,895.59814,2084754.5,1454531.9,135.0,135.0,323.0,647.37006,180.54962,52
2025-02-22 16:00:00+00:00,19.0,24.0715,20.2215,21.488167,23.946152,16.959936,21.063951,41724.215,30840.344,0.0,0.0,0.0,35.538033,60.479996,48.294903,12.49,3.1383312,1070.2632,916.6621,2126478.8,1485372.2,135.0,135.0,323.0,659.86005,183.68796,53
2025-02-23 16:00:00+00:00,19.0,20.5715,17.8715,19.336084,16.433746,12.579838,14.438615,41798.008,35511.36,0.0,0.0,0.0,53.41847,95.399994,53.456066,17.41,4.221334,1089.5992,931.1007,2168276.8,1520883.6,135.0,135.0,323.0,677.27,187.90929,54
2025-02-24 16:00:00+00:00,19.0,21.3715,17.521502,19.379835,19.143213,13.388998,16.699795,41872.203,36418.742,0.0,0.0,0.0,36.74999,65.520004,61.0208,18.36,4.1713176,1108.9791,947.8005,2210149.0,1557302.4,135.0,135.0,323.0,695.63,192.0806,55
2025-02-25 16:00:00+00:00,19.0,23.1215,19.171501,20.994421,20.76672,18.163712,19.560392,41946.74,35576.6,0.0,0.0,0.0,28.988384,48.239998,75.02161,16.37,3.973908,1129.9735,967.36084,2252095.8,1592879.0,135.0,135.0,323.0,712.0,196.0545,56
2025-02-26 16:00:00+00:00,19.0,24.4715,20.8215,22.450666,24.85463,19.731262,22.441992,42021.56,38284.05,0.0,0.0,0.0,20.957443,34.92,91.633316,15.62,3.8580644,1152.4242,989.80286,2294117.2,1631163.0,135.0,135.0,323.0,727.62,199.91257,57
2025-02-27 16:00:00+00:00,19.0,26.021502,21.771502,23.448591,26.071869,21.684067,23.079859,42096.594,39470.6,0.0,0.0,0.0,27.595823,45.36,81.48844,19.01,4.598876,1175.8728,1012.8827,2336213.8,1670633.6,135.0,135.0,323.0,746.63,204.51144,58
2025-02-28 16:00:00+00:00,19.0,25.521502,21.8715,23.492338,24.856333,21.151821,22.74424,42171.793,39436.023,0.0,0.0,0.0,30.190672,51.12,78.842834,17.81,4.3221154,1199.3651,1035.627,2378385.5,1710069.6,135.0,135.0,323.0,764.44,208.83356,59
2025-03-01 16:00:00+00:00,19.0,26.5715,22.6215,24.306915,26.95214,22.804073,24.78139,42247.086,35573.293,0.0,0.0,0.0,27.908709,47.16,84.9629,16.39,3.8496826,1223.672,1060.4083,2420632.5,1745642.9,135.0,135.0,323.0,780.83,212.68324,60
2025-03-02 16:00:00+00:00,19.0,27.5695,23.771502,25.349417,31.003536,25.949188,28.339853,42322.43,35916.676,0.0,0.0,0.0,19.652176,32.760002,129.08604,11.64,2.697058,1249.0214,1088.7482,2462955.0,1781559.5,135.0,135.0,323.0,792.47003,215.3803,61
2025-03-03 16:00:00+00:00,19.0,24.9195,19.2695,22.592417,27.415237,17.617989,24.152922,42397.75,38761.61,0.0,0.0,0.0,30.58517,29.88,45.506985,13.9,2.6126099,1271.6138,1112.9011,2505352.8,1820321.1,135.0,135.0,323.0,806.37006,217.9929,62
2025-03-04 16:00:00+00:00,19.0,20.9695,16.9195,18.807,18.992863,10.985944,15.775883,42473.0,39795.15,0.0,0.0,0.0,49.183167,51.839996,41.77031,15.33,3.0692933,1290.4208,1128.677,2547825.8,1860116.2,135.0,135.0,323.0,821.7001,221.0622,63
2025-03-05 16:00:00+00:00,19.0,21.0695,15.7195,18.19658,18.643957,10.514212,14.638612,42548.117,39931.418,0.0,0.0,0.0,47.924637,52.199997,41.192886,20.59,3.8989677,1308.6173,1143.3157,2590373.8,1900047.6,135.0,135.0,323.0,842.2901,224.96117,64
2025-03-06 16:00:00+00:00,19.0,23.2195,17.7195,20.077833,24.301243,16.78355,20.163158,42623.04,33806.375,0.6,0.6,6.0,24.216522,31.319998,42.45038,13.81,2.9307244,1328.6952,1163.4789,2632996.8,1933854.0,135.6,135.6,329.0,856.1001,227.89189,65
2025-03-07 16:00:00+00:00,19.0,22.5195,18.8695,20.179918,22.16394,16.902647,18.565226,42697.73,40085.688,0.0,0.0,0.0,31.845251,33.839996,41.764412,19.8,3.8273804,1348.8751,1182.0441,2675694.5,1973939.8,135.6,135.6,329.0,875.9001,231.71927,66
2025-03-08 16:00:00+00:00,19.0,22.8195,19.1195,21.119503,22.35718,17.052816,20.053406,42772.66,40162.477,0.3,0.0,3.0,29.598919,34.56,51.879566,16.04,3.4006398,1369.9946,1202.0974,2718467.2,2014102.2,135.90001,135.6,332.0,891.94006,235.1199,67
2025-03-09 16:00:00+00:00,19.0,25.0195,21.0695,22.709084,25.798803,19.87407,22.590631,42848.062,40239.64,0.0,0.0,0.0,27.952787,35.64,71.21244,22.54,4.6015153,1392.7037,1224.688,2761315.2,2054341.9,135.90001,135.6,332.0,914.48004,239.72142,68
2025-03-10 16:00:00+00:00,19.0,25.0695,21.3195,,26.151375,22.984686,,42923.887,,,,9.0,21.710716,23.759998,,,,,,2804239.2,,,,341.0,,,69
