date,elevation,temperature_2m_max,temperature_2m_min,temperature_2m_mean,apparent_temperature_max,apparent_temperature_min,apparent_temperature_mean,daylight_duration,sunshine_duration,precipitation_sum,rain_sum,precipitation_hours,wind_speed_10m_max,wind_gusts_10m_max,wind_direction_10m_dominant,shortwave_radiation_sum,et0_fao_evapotranspiration,cumulative_temperature_2m_mean,cumulative_apparent_temperature_mean,cumulative_daylight_duration,cumulative_sunshine_duration,cumulative_precipitation_sum,cumulative_rain_sum,cumulative_precipitation_hours,cumulative_shortwave_radiation_sum,cumulative_et0_fao_evapotranspiration,day
2025-01-01 16:00:00+00:00,3.0,16.256,11.806,13.566415,12.755173,8.883782,10.400499,38165.156,35169.246,0.0,0.0,0.0,24.880402,39.96,30.729298,14.73,2.7574878,13.566415,10.400499,38165.156,35169.246,0.0,0.0,0.0,14.73,2.7574878,1
2025-01-02 16:00:00+00:00,3.0,14.056,11.356,12.543502,8.7952385,6.9732037,7.723417,38190.254,35154.92,0.0,0.0,0.0,34.06949,54.719997,32.295967,15.41,2.961983,26.109917,18.123917,76355.41,70324.17,0.0,0.0,0.0,30.14,5.719471,2
2025-01-03 16:00:00+00:00,3.0,14.7560005,11.106,12.8601675,10.158789,6.4498816,8.388852,38217.19,35142.32,0.0,0.0,0.0,31.705046,54.719997,17.627096,11.91,2.4739268,38.970085,26.512768,114572.59,105466.49,0.0,0.0,0.0,42.05,8.1933975,3
2025-01-04 16:00:00+00:00,3.0,16.906,11.956,13.933083,16.077679,9.900566,12.3635025,38245.953,34819.633,0.0,0.0,0.0,18.751125,34.56,25.182842,11.62,2.0665686,52.903168,38.87627,152818.55,140286.12,0.0,0.0,0.0,53.67,10.259966,4
2025-01-05 16:00:00+00:00,3.0,15.956,11.2560005,13.241416,12.97473,8.906503,10.279153,38276.496,35122.61,0.0,0.0,0.0,26.260265,42.12,37.135685,15.87,2.6419268,66.144585,49.155422,191095.05,175408.73,0.0,0.0,0.0,69.54,12.901893,5
2025-01-06 16:00:00+00:00,3.0,14.0060005,11.2560005,12.231,9.817719,6.8284664,7.918671,38308.816,35115.65,0.0,0.0,0.0,26.475302,43.56,27.10356,15.64,2.919783,78.37559,57.074093,229403.86,210524.38,0.0,0.0,0.0,85.18,15.821676,6
2025-01-07 16:00:00+00:00,3.0,15.456,10.106,12.414333,12.786791,6.2784376,9.039811,38343.227,35110.4,0.0,0.0,0.0,21.265154,33.12,26.056875,14.88,2.6913176,90.78992,66.11391,267747.1,245634.78,0.0,0.0,0.0,100.06,18.512993,7
2025-01-08 16:00:00+00:00,3.0,13.5060005,10.156,11.910168,9.103177,3.851492,7.0012994,38379.855,35106.58,0.0,0.0,0.0,32.621742,53.639996,36.47928,14.29,2.9434228,102.70009,73.115204,306126.94,280741.38,0.0,0.0,0.0,114.35,21.456415,8
2025-01-09 16:00:00+00:00,3.0,9.956,8.306,9.058084,3.5241866,1.4764843,2.4252598,38418.62,35104.188,0.0,0.0,0.0,34.425674,56.16,40.49745,15.64,3.275973,111.75817,75.54047,344545.56,315845.56,0.0,0.0,0.0,129.99,24.732388,9
2025-01-10 16:00:00+00:00,3.0,11.456,7.306,9.058084,5.6722336,1.4337559,3.373409,38459.438,35103.215,0.0,0.0,0.0,29.384687,48.239998,31.144012,15.06,3.225166,120.81625,78.91387,383005.0,350948.78,0.0,0.0,0.0,145.05,27.957554,10
2025-01-11 16:00:00+00:00,3.0,13.456,7.056,10.193501,9.792728,3.567739,6.3129787,38502.23,35103.67,0.0,0.0,0.0,18.289274,31.319998,40.164917,16.95,2.9605694,131.00975,85.22685,421507.22,386052.44,0.0,0.0,0.0,162.0,30.918123,11
2025-01-12 16:00:00+00:00,3.0,14.556,9.106,11.6622505,10.894872,4.8922806,7.7221045,38546.918,35105.555,0.0,0.0,0.0,23.287577,39.6,18.131956,16.43,2.9215536,142.672,92.94896,460054.12,421158.0,0.0,0.0,0.0,178.43,33.839676,12
2025-01-13 16:00:00+00:00,3.0,17.406,10.656,13.551833,16.432947,7.7455025,11.342513,38593.418,35142.273,0.0,0.0,0.0,19.84005,30.599998,17.019838,16.04,2.7412176,156.22383,104.29147,498647.53,456300.28,0.0,0.0,0.0,194.47,36.580894,13
2025-01-14 16:00:00+00:00,3.0,13.856,10.556,12.291417,11.228983,5.0006733,8.297685,38641.65,35144.246,0.0,0.0,0.0,33.53415,54.0,45.81684,15.73,2.6498797,168.51524,112.58916,537289.2,491444.53,0.0,0.0,0.0,210.2,39.230774,14
2025-01-15 16:00:00+00:00,3.0,11.456,8.2560005,9.853917,6.2897425,2.500287,4.299807,38691.535,35207.645,0.0,0.0,0.0,28.59055,46.079998,41.067757,16.67,3.273752,178.36916,116.88896,575980.75,526652.2,0.0,0.0,0.0,226.87,42.504524,15
2025-01-16 16:00:00+00:00,3.0,12.156,8.206,9.906001,7.233836,3.1990738,4.6854463,38742.992,35278.508,0.0,0.0,0.0,28.62396,45.719997,32.039066,16.91,3.10427,188.27516,121.57441,614723.75,561930.7,0.0,0.0,0.0,243.78,45.608795,16
2025-01-17 16:00:00+00:00,3.0,14.306,9.106,11.403918,10.86446,4.527731,7.6486073,38795.94,35136.254,0.0,0.0,0.0,23.220695,36.719997,18.828403,13.1,2.4621377,199.67908,129.22302,653519.7,597066.94,0.0,0.0,0.0,256.88,48.070934,17
2025-01-18 16:00:00+00:00,3.0,15.956,9.806,12.395581,14.27174,8.214101,10.206468,38850.31,35300.562,0.0,0.0,0.0,17.968472,28.44,42.47423,16.63,2.4966843,212.07466,139.42949,692370.0,632367.5,0.0,0.0,0.0,273.51,50.56762,18
2025-01-19 16:00:00+00:00,3.0,16.506,10.7560005,12.991417,13.363037,7.178835,9.398183,38906.02,35386.105,0.0,0.0,0.0,21.82755,35.64,31.576487,16.91,3.3418188,225.06607,148.82767,731276.0,667753.6,0.0,0.0,0.0,290.42,53.90944,19
2025-01-20 16:00:00+00:00,3.0,15.456,11.106,13.014336,11.84664,7.070945,9.176085,38962.996,35401.664,0.0,0.0,0.0,23.950823,39.6,22.602615,16.91,3.154649,238.08041,158.00375,770239.0,703155.3,0.0,0.0,0.0,307.33002,57.064087,20
2025-01-21 16:00:00+00:00,3.0,15.556,12.606,13.922668,13.69352,8.951674,11.722968,39021.156,0.0,0.1,0.1,1.0,22.936407,33.839996,9.628878,3.12,1.3562925,252.00308,169.72672,809260.1,703155.3,0.1,0.1,1.0,310.45,58.42038,21
2025-01-22 16:00:00+00:00,3.0,17.506,11.206,14.108083,16.734346,10.336823,12.721499,39080.434,35434.59,0.0,0.0,0.0,21.993908,31.319998,48.90189,16.49,2.4931872,266.11118,182.44821,848340.56,738589.9,0.1,0.1,1.0,326.94,60.913567,22
2025-01-23 16:00:00+00:00,3.0,16.406,12.5060005,14.183084,13.257757,9.956847,11.336577,39140.75,35220.04,0.0,0.0,0.0,25.05623,39.239998,33.83989,11.72,2.10745,280.29425,193.78479,887481.3,773809.94,0.1,0.1,1.0,338.66,63.021015,23
2025-01-24 16:00:00+00:00,3.0,15.706,13.0060005,13.972668,12.27964,9.146194,10.274235,39202.04,35470.25,0.0,0.0,0.0,28.638107,46.44,34.613174,14.91,2.6256814,294.2669,204.05902,926683.4,809280.2,0.1,0.1,1.0,353.57,65.6467,24
2025-01-25 16:00:00+00:00,3.0,13.7560005,10.7560005,12.810166,10.698344,6.50725,9.138273,39264.215,9236.793,0.3,0.3,3.0,24.238588,38.16,13.302686,4.58,1.8668343,307.0771,213.1973,965947.56,818517.0,0.4,0.4,4.0,358.15,67.513535,25
2025-01-26 16:00:00+00:00,3.0,12.7560005,8.656,10.424748,8.231502,3.5735407,5.513532,39327.234,35970.02,0.0,0.0,0.0,25.80788,43.56,30.680748,18.19,3.4647021,317.50183,218.71083,1005274.8,854487.0,0.4,0.4,4.0,376.34,70.97823,26
2025-01-27 16:00:00+00:00,3.0,13.206,8.806,10.647666,8.655033,4.4143143,5.995711,39391.652,36002.2,0.0,0.0,0.0,24.555325,39.239998,43.343357,16.41,3.1731486,328.1495,224.70654,1044666.44,890489.2,0.4,0.4,4.0,392.75,74.15138,27
2025-01-28 16:00:00+00:00,3.0,13.456,8.856,11.008084,9.064129,4.84892,6.5790925,39457.71,36035.15,0.0,0.0,0.0,26.371687,43.199997,30.593254,17.65,3.0730493,339.1576,231.28563,1084124.1,926524.3,0.4,0.4,4.0,410.4,77.224434,28
2025-01-29 16:00:00+00:00,3.0,15.7560005,10.206,12.722668,12.822321,6.0577984,9.014126,39525.31,36068.863,0.0,0.0,0.0,24.033876,38.16,21.559536,17.35,3.059009,351.88025,240.29976,1123649.4,962593.2,0.4,0.4,4.0,427.75,80.28344,29
2025-01-30 16:00:00+00:00,3.0,19.006,12.556,14.958083,18.919083,9.76433,13.697345,39594.367,35598.75,0.0,0.0,0.0,17.726116,28.8,24.697367,15.93,2.7562084,366.83832,253.9971,1163243.8,998191.94,0.4,0.4,4.0,443.68,83.03965,30
2025-01-31 16:00:00+00:00,3.0,18.206,12.5060005,14.495583,18.0903,9.20083,13.402997,39664.773,24614.89,2.7000003,2.7000003,9.0,25.247526,40.32,41.633476,11.23,1.9168214,381.3339,267.4001,1202908.5,1022806.8,3.1000004,3.1000004,13.0,454.91,84.956474,31
2025-02-01 16:00:00+00:00,3.0,14.406,11.606,12.672666,10.782251,7.9363384,8.968592,39736.445,34899.35,0.4,0.4,4.0,25.216064,41.039997,41.229496,12.48,2.233486,394.00656,276.36868,1242645.0,1057706.1,3.5000005,3.5000005,17.0,467.39,87.18996,32
2025-02-02 16:00:00+00:00,3.0,11.956,9.656,10.491416,8.101523,4.516964,5.8732986,39809.293,0.0,5.299999,5.299999,17.0,28.447401,43.199997,38.025932,2.01,1.3337313,404.498,282.24197,1282454.2,1057706.1,8.799999,8.799999,34.0,469.40002,88.52369,33
2025-02-03 16:00:00+00:00,3.0,12.5060005,9.206,10.5164175,7.7828274,4.1816998,5.535313,39883.22,36790.113,0.0,0.0,0.0,26.679497,45.719997,42.42474,18.01,3.247175,415.0144,287.77728,1322337.5,1094496.2,8.799999,8.799999,34.0,487.41003,91.77087,34
2025-02-04 16:00:00+00:00,3.0,14.0060005,8.106,11.0476675,10.43209,4.3163614,7.139807,39958.14,36394.92,0.0,0.0,0.0,22.370024,37.079998,27.610142,18.45,3.0286121,426.06207,294.91708,1362295.6,1130891.1,8.799999,8.799999,34.0,505.86005,94.79948,35
2025-02-05 16:00:00+00:00,3.0,12.556,10.956,11.831,8.324651,6.9131174,7.7926517,40033.97,3645.6194,1.1,1.1,8.0,24.86868,38.16,16.371475,4.1,1.8324783,437.89307,302.70975,1402329.6,1134536.8,9.9,9.9,42.0,509.96005,96.63196,36
2025-02-06 16:00:00+00:00,3.0,11.456,9.7560005,10.616414,7.271738,4.339617,6.1156597,40110.613,1282.7844,6.6999993,6.6999993,18.0,30.675083,48.6,32.88884,4.08,1.5222772,448.5095,308.8254,1442440.2,1135819.5,16.599998,16.599998,60.0,514.04004,98.154236,37
2025-02-07 16:00:00+00:00,3.0,9.2560005,6.4560003,7.5309987,3.7260475,-0.7683835,0.6847437,40187.996,34474.367,0.2,0.2,1.0,35.646362,59.76,43.437996,14.91,2.7861087,456.0405,309.51016,1482628.2,1170293.9,16.8,16.8,61.0,528.95,100.940346,38
2025-02-08 16:00:00+00:00,3.0,9.856,5.9560003,7.8080845,4.5163193,0.06973934,1.8771154,40266.03,37490.4,0.0,0.0,0.0,30.769474,49.68,36.69432,19.2,3.1791816,463.84857,311.38727,1522894.2,1207784.2,16.8,16.8,61.0,548.15,104.11953,39
2025-02-09 16:00:00+00:00,3.0,12.406,7.306,9.785169,8.486364,2.2359219,5.295891,40344.633,36715.14,0.0,0.0,0.0,24.17434,39.96,23.476442,16.48,2.676076,473.63373,316.68317,1563238.9,1244499.4,16.8,16.8,61.0,564.63,106.79561,40
2025-02-10 16:00:00+00:00,3.0,17.206,10.356,13.497666,15.770983,6.8690557,11.329389,40423.727,36518.54,0.0,0.0,0.0,18.382044,29.88,26.343168,17.35,2.7740061,487.1314,328.01254,1603662.6,1281017.9,16.8,16.8,61.0,581.98,109.56962,41
2025-02-11 16:00:00+00:00,3.0,15.456,12.7560005,14.385169,16.579544,10.109008,14.522995,40503.227,14066.866,18.6,18.6,22.0,24.951921,45.0,41.803986,5.61,1.022836,501.51657,342.53552,1644165.9,1295084.8,35.4,35.4,83.0,587.58997,110.59245,42
2025-02-12 16:00:00+00:00,3.0,12.406,10.0060005,10.847667,8.644665,4.6904125,5.7587447,40583.06,21764.111,4.8,4.8,7.0,33.602196,54.0,35.705692,9.54,1.9244604,512.36426,348.29428,1684748.9,1316848.9,40.2,40.2,90.0,597.12994,112.516914,43
2025-02-13 16:00:00+00:00,3.0,15.206,9.706,12.085167,13.401642,5.112732,8.868801,40663.15,37754.086,0.0,0.0,0.0,25.729298,40.32,24.53724,18.31,2.8608332,524.4494,357.1631,1725412.0,1354603.0,40.2,40.2,90.0,615.43994,115.37775,44
2025-02-14 16:00:00+00:00,3.0,17.356,11.156,13.789332,18.281267,9.774561,13.182765,40743.414,37431.633,0.0,0.0,0.0,12.825552,20.519999,26.782022,17.79,2.6251998,538.2387,370.34586,1766155.4,1392034.6,40.2,40.2,90.0,633.2299,118.002945,45
2025-02-15 16:00:00+00:00,3.0,15.906,12.806,13.999749,14.717749,10.545093,12.596917,40823.793,37606.06,0.0,0.0,0.0,21.226265,33.48,53.768356,15.45,2.1396224,552.23846,382.94278,1806979.1,1429640.6,40.2,40.2,90.0,648.67993,120.14257,46
2025-02-16 16:00:00+00:00,3.0,15.206,11.206,13.362251,10.96819,6.366644,9.379342,40904.89,37991.99,0.0,0.0,0.0,30.98772,51.839996,35.36533,19.0,3.2231288,565.6007,392.3221,1847884.0,1467632.6,40.2,40.2,90.0,667.67993,123.3657,47
2025-02-17 16:00:00+00:00,3.0,11.236,10.136001,10.619332,6.288313,4.824787,5.5180206,40992.83,4714.8403,0.0,0.0,0.0,28.185955,50.399998,28.102884,5.64,2.1168962,576.22003,397.84015,1888876.9,1472347.5,40.2,40.2,90.0,673.31995,125.4826,48
2025-02-18 16:00:00+00:00,3.0,12.886001,10.536,11.471416,8.437553,5.904477,6.9891434,41075.656,24392.115,0.3,0.2,3.0,28.357855,50.76,25.878647,11.23,2.3617,587.69147,404.82928,1929952.5,1496739.6,40.5,40.4,93.0,684.5499,127.8443,49
2025-02-19 16:00:00+00:00,3.0,11.886001,10.836,11.413083,8.808219,6.3549976,7.6430097,41159.33,0.0,0.0,0.0,0.0,27.257967,48.96,28.292818,3.1,1.2382373,599.10455,412.4723,1971111.9,1496739.6,40.5,40.4,93.0,687.6499,129.08253,50
2025-02-20 16:00:00+00:00,3.0,10.886001,9.836,10.386001,6.38986,4.9235287,5.591886,41243.754,1910.2064,0.2,0.2,2.0,30.918108,55.079998,30.330086,5.84,1.4574937,609.49054,418.06418,2012355.6,1498649.9,40.7,40.600002,95.0,693.4899,130.54002,51
2025-02-21 16:00:00+00:00,3.0,11.436,9.486,10.40475,6.644457,4.857828,5.6732736,41328.875,0.0,1.5,1.2,7.0,28.691795,51.48,26.608425,4.79,1.5303841,619.89526,423.73746,2053684.5,1498649.9,42.2,41.800003,102.0,698.2799,132.0704,52
2025-02-22 16:00:00+00:00,3.0,11.536,9.586,10.458917,7.382842,5.048443,6.1989956,41414.6,4749.327,2.5,2.5,7.0,28.467327,51.839996,28.769976,5.49,1.4258363,630.3542,429.93646,2095099.1,1503399.2,44.7,44.300003,109.0,703.7699,133.49625,53
2025-02-23 16:00:00+00:00,3.0,10.886001,9.086,9.977666,5.333581,4.0682583,4.5046334,41500.863,23724.506,0.0,0.0,0.0,31.89608,57.6,32.940804,12.45,2.457818,640.33185,434.4411,2136600.0,1527123.8,44.7,44.300003,109.0,716.2199,135.95407,54
2025-02-24 16:00:00+00:00,3.0,14.736,8.336,11.325584,12.441719,3.8094873,8.088811,41587.594,36000.0,0.0,0.0,0.0,23.806318,42.12,24.727324,18.64,2.9275534,651.6574,442.5299,2178187.5,1563123.8,44.7,44.300003,109.0,734.8599,138.88162,55
2025-02-25 16:00:00+00:00,3.0,14.236,11.336,12.838085,11.426543,8.183785,10.223056,41674.715,0.0,1.5000001,1.5000001,8.0,22.828087,39.6,30.667812,6.44,1.5119281,664.4955,452.75296,2219862.2,1563123.8,46.2,45.800003,117.0,741.2999,140.39355,56
2025-02-26 16:00:00+00:00,3.0,16.086,11.436,13.3776655,15.471434,8.384316,12.464771,41762.152,22147.887,1.0,0.90000004,2.0,17.533146,33.12,34.612904,10.34,1.7569264,677.87317,465.21774,2261624.5,1585271.6,47.2,46.700005,119.0,751.63995,142.15048,57
2025-02-27 16:00:00+00:00,3.0,20.036,12.336,15.510999,21.790192,12.079514,16.026232,41849.84,38767.777,0.0,0.0,0.0,7.42159,14.4,51.728466,19.57,3.05464,693.38416,481.244,2303474.2,1624039.4,47.2,46.700005,119.0,771.20996,145.20512,58
2025-02-28 16:00:00+00:00,3.0,20.286,14.886001,17.188084,21.601274,15.154053,18.315033,41937.707,24966.732,0.90000004,0.0,3.0,6.0347,12.599999,57.750084,13.7,2.3032868,710.57227,499.55902,2345412.0,1649006.1,48.100002,46.700005,122.0,784.91,147.5084,59
2025-03-01 16:00:00+00:00,3.0,22.085999,15.086,17.688082,24.230915,16.590294,19.330637,42025.688,37364.58,2.1,0.0,9.0,4.896529,10.440001,161.73198,14.57,2.4973197,728.2604,518.88965,2387437.8,1686370.8,50.2,46.700005,131.0,799.48,150.00572,60
2025-03-02 16:00:00+00:00,3.0,24.467001,12.967,16.31579,25.964006,7.5731316,14.771118,42113.71,32872.105,0.0,0.0,0.0,46.50832,40.68,51.00675,11.46,1.9959211,744.5762,533.66077,2429551.5,1719242.9,50.2,46.700005,131.0,810.94,152.00165,61
2025-03-03 16:00:00+00:00,3.0,16.367,11.967,13.783666,12.545546,7.4110355,9.974535,42201.703,39232.527,0.6,0.0,6.0,38.66943,42.48,51.655098,17.57,2.4109478,758.35986,543.6353,2471753.2,1758475.4,50.8,46.700005,137.0,828.51,154.4126,62
2025-03-04 16:00:00+00:00,3.0,13.367,11.266999,12.106584,7.3761864,4.2126837,5.9450946,42289.61,29139.576,1.8000001,1.8000001,9.0,46.5125,52.56,39.091797,7.53,1.9022902,770.46643,549.5804,2514042.8,1787615.0,52.6,48.500004,146.0,836.04004,156.31488,63
2025-03-05 16:00:00+00:00,3.0,12.066999,10.066999,11.0357485,9.526655,2.7974248,5.7477436,42377.35,56.072388,0.0,0.0,0.0,44.115788,50.76,22.813368,2.86,1.5489032,781.5022,555.3281,2556420.0,1787671.1,52.6,48.500004,146.0,838.9,157.86378,64
2025-03-06 16:00:00+00:00,3.0,17.567001,11.967,13.923248,15.31572,7.1467113,10.971031,42464.867,35250.97,0.0,0.0,0.0,40.494797,37.079998,43.767048,13.88,2.5151885,795.4254,566.29913,2598884.8,1822922.1,52.6,48.500004,146.0,852.78,160.37897,65
2025-03-07 16:00:00+00:00,3.0,15.367,12.016999,13.2544985,8.975422,5.9193707,7.3332596,42552.098,39340.418,0.0,0.0,0.0,43.38261,42.839996,36.808834,15.47,3.1776361,808.67993,573.6324,2641436.8,1862262.5,52.6,48.500004,146.0,868.25,163.55661,66
2025-03-08 16:00:00+00:00,3.0,16.967001,11.266999,13.744082,14.074959,6.255477,9.68116,42639.61,39968.375,0.0,0.0,0.0,36.55906,37.8,37.607433,22.32,3.5231652,822.424,583.31354,2684076.2,1902230.9,52.6,48.500004,146.0,890.57,167.07977,67
2025-03-09 16:00:00+00:00,3.0,19.967001,12.617,16.802416,18.62682,11.463894,16.04431,42727.668,40058.027,0.0,0.0,0.0,19.881649,31.319998,198.49217,17.01,2.908028,839.22644,599.35785,2726804.0,1942288.9,52.6,48.500004,146.0,907.58,169.98781,68
2025-03-10 16:00:00+00:00,3.0,21.367,14.467,,20.924658,11.303339,,42816.21,,,,0.0,33.626774,33.12,,,,,,2769620.2,,,,146.0,,,69
