date,elevation,temperature_2m_max,temperature_2m_min,temperature_2m_mean,apparent_temperature_max,apparent_temperature_min,apparent_temperature_mean,daylight_duration,sunshine_duration,precipitation_sum,rain_sum,precipitation_hours,wind_speed_10m_max,wind_gusts_10m_max,wind_direction_10m_dominant,shortwave_radiation_sum,et0_fao_evapotranspiration,cumulative_temperature_2m_mean,cumulative_apparent_temperature_mean,cumulative_daylight_duration,cumulative_sunshine_duration,cumulative_precipitation_sum,cumulative_rain_sum,cumulative_precipitation_hours,cumulative_shortwave_radiation_sum,cumulative_et0_fao_evapotranspiration,day
2025-01-01 16:00:00+00:00,4.0,18.985,16.935,18.064165,19.54287,17.060516,18.50224,38313.21,0.0,12.3,12.3,24.0,16.62444,34.56,19.517857,2.05,0.73863137,18.064165,18.50224,38313.21,0.0,12.3,12.3,24.0,2.05,0.73863137,1
2025-01-02 16:00:00+00:00,4.0,17.485,16.335001,16.914167,16.730646,14.005758,15.070824,38337.598,0.0,4.6999993,4.6999993,18.0,22.39608,43.56,25.826696,3.91,1.711134,34.978333,33.573063,76650.81,0.0,17.0,17.0,42.0,5.96,2.4497652,2
2025-01-03 16:00:00+00:00,4.0,19.535,16.335001,18.09125,17.447681,14.132662,15.875438,38363.777,27985.965,0.70000005,0.70000005,5.0,23.237434,49.32,91.952225,9.81,2.8690047,53.06958,49.4485,115014.59,27985.965,17.7,17.7,47.0,15.77,5.31877,3
2025-01-04 16:00:00+00:00,4.0,21.235,17.435001,18.8975,22.734812,17.476706,19.18521,38391.727,27345.092,1.6000001,1.6000001,5.0,19.875944,42.839996,131.39136,8.06,1.825486,71.96708,68.63371,153406.31,55331.055,19.300001,19.300001,52.0,23.830002,7.1442556,4
2025-01-05 16:00:00+00:00,4.0,17.935001,15.535,16.789167,17.593992,12.546835,14.775809,38421.41,35498.32,0.0,0.0,0.0,19.45416,40.68,18.892048,12.51,2.777451,88.75625,83.40952,191827.72,90829.375,19.300001,19.300001,52.0,36.340004,9.921707,5
2025-01-06 16:00:00+00:00,4.0,17.135,14.934999,16.012083,14.391596,12.15118,13.371938,38452.816,25658.234,0.3,0.3,3.0,19.443333,38.16,71.50668,9.47,2.7010574,104.76833,96.78146,230280.53,116487.61,19.6,19.6,55.0,45.810005,12.622765,6
2025-01-07 16:00:00+00:00,4.0,17.635,15.285,16.701666,16.937445,14.142227,15.660938,38486.26,16194.63,2.6000001,2.6000001,16.0,15.991659,31.319998,75.643196,7.5,1.7617418,121.47,112.4424,268766.78,132682.23,22.2,22.2,71.0,53.310005,14.384506,7
2025-01-08 16:00:00+00:00,4.0,17.135,13.035,15.399582,16.162539,9.701713,12.985862,38521.855,527.392,5.7000003,5.7000003,23.0,22.315643,44.28,32.40832,3.77,1.6351012,136.86958,125.42826,307288.62,133209.62,27.900002,27.900002,94.0,57.080006,16.019608,8
2025-01-09 16:00:00+00:00,4.0,13.085,11.884999,12.610001,9.759074,8.443808,9.10637,38559.53,0.0,5.399999,5.399999,24.0,22.390293,45.36,24.13042,3.25,1.5308276,149.47958,134.53464,345848.16,133209.62,33.3,33.3,118.0,60.330006,17.550436,9
2025-01-10 16:00:00+00:00,4.0,14.335,12.684999,13.2475,11.36829,9.665741,10.459011,38599.203,9.036255,3.5000002,3.5000002,21.0,18.491003,37.079998,35.373566,3.49,1.4871386,162.72708,144.99365,384447.38,133218.66,36.8,36.8,139.0,63.820007,19.037575,10
2025-01-11 16:00:00+00:00,4.0,15.934999,12.884999,14.051666,13.263212,9.865009,11.214554,38640.797,32628.137,0.70000005,0.70000005,3.0,17.108522,34.2,16.283434,14.12,2.9018028,176.77875,156.2082,423088.2,165846.8,37.5,37.5,142.0,77.94001,21.939377,11
2025-01-12 16:00:00+00:00,4.0,17.835001,13.535,15.826668,14.413021,10.699657,12.60271,38684.227,35788.1,0.0,0.0,0.0,23.406229,48.239998,108.80322,13.69,3.3396864,192.60541,168.81091,461772.4,201634.9,37.5,37.5,142.0,91.63001,25.279064,12
2025-01-13 16:00:00+00:00,4.0,21.385,16.385,18.51,21.39479,14.160332,18.038904,38729.42,35809.785,0.0,0.0,0.0,17.932373,34.2,145.74152,14.1,2.837776,211.1154,186.84982,500501.8,237444.69,37.5,37.5,142.0,105.73001,28.11684,13
2025-01-14 16:00:00+00:00,4.0,17.835001,12.934999,15.514165,18.708792,9.55254,13.564929,38776.3,0.0,10.700001,10.700001,21.0,26.72803,52.92,8.469535,2.33,1.0812768,226.62956,200.41475,539278.1,237444.69,48.2,48.2,163.0,108.06001,29.198116,14
2025-01-15 16:00:00+00:00,4.0,14.634999,12.735,13.730832,12.224787,9.542297,10.94551,38824.79,5539.529,0.5,0.5,4.0,21.594748,43.199997,34.58154,6.15,1.8839629,240.3604,211.36026,578102.94,242984.22,48.7,48.7,167.0,114.210014,31.082079,15
2025-01-16 16:00:00+00:00,4.0,15.684999,13.535,14.574584,12.564245,10.11506,11.4166765,38874.805,16413.342,0.0,0.0,0.0,18.624563,37.8,52.42482,8.67,2.59221,254.93498,222.77693,616977.75,259397.56,48.7,48.7,167.0,122.88001,33.67429,16
2025-01-17 16:00:00+00:00,4.0,18.735,14.585,16.924582,18.40893,11.488274,15.511174,38926.273,34070.914,0.7,0.7,5.0,19.121557,38.519997,112.24756,9.94,2.319401,271.85956,238.2881,655904.0,293468.47,49.4,49.4,172.0,132.82,35.99369,17
2025-01-18 16:00:00+00:00,4.0,17.235,15.735,16.626665,18.027727,14.871986,16.271889,38979.12,9894.006,3.3000002,3.3000002,15.0,16.499237,29.519999,350.63403,4.23,1.0513636,288.48624,254.56,694883.1,303362.47,52.7,52.7,187.0,137.05,37.045055,18
2025-01-19 16:00:00+00:00,4.0,18.835001,15.085,16.95375,17.302383,13.732159,15.345948,39033.277,35854.773,0.0,0.0,0.0,18.620214,38.16,52.622074,15.67,3.0873775,305.44,269.90594,733916.4,339217.25,52.7,52.7,187.0,152.72,40.13243,19
2025-01-20 16:00:00+00:00,4.0,19.685001,16.385,18.082916,17.4478,14.687252,15.980802,39088.66,35867.18,0.0,0.0,0.0,23.057571,46.079998,100.74872,14.54,3.3678038,323.52292,285.88675,773005.06,375084.44,52.7,52.7,187.0,167.26,43.500237,20
2025-01-21 16:00:00+00:00,4.0,20.385,17.785,19.274586,20.700455,17.368652,19.194595,39145.195,33604.15,0.4,0.4,4.0,19.044306,41.760002,143.96983,9.63,2.214484,342.79752,305.08136,812150.25,408688.6,53.100002,53.100002,191.0,176.89,45.71472,21
2025-01-22 16:00:00+00:00,4.0,19.285,16.985,17.893335,19.09981,17.11326,18.04933,39202.824,24873.443,3.1999996,3.1999996,17.0,18.080818,34.2,307.4172,8.15,1.4344736,360.69086,323.13068,851353.06,433562.03,56.300003,56.300003,208.0,185.04,47.149197,22
2025-01-23 16:00:00+00:00,4.0,21.085001,17.685001,19.039167,21.747652,18.440228,19.730299,39261.46,28862.783,3.4,3.4,22.0,16.67892,30.239998,15.851521,9.06,1.6846001,379.73,342.86096,890614.5,462424.8,59.700005,59.700005,230.0,194.09999,48.833797,23
2025-01-24 16:00:00+00:00,4.0,19.085001,17.985,18.482916,19.11488,17.533371,18.134483,39321.04,20037.807,8.800001,8.800001,24.0,21.413948,41.760002,26.864107,7.18,1.4368834,398.21292,360.99545,929935.56,482462.62,68.50001,68.50001,254.0,201.27998,50.27068,24
2025-01-25 16:00:00+00:00,4.0,18.035,14.335,16.95375,17.456398,11.936035,15.644141,39381.492,4164.183,9.9,9.9,24.0,20.907913,42.839996,20.529818,5.81,1.518295,415.1667,376.6396,969317.06,486626.8,78.40001,78.40001,278.0,207.08998,51.788975,25
2025-01-26 16:00:00+00:00,4.0,14.235,11.085,12.291248,11.795908,7.233779,8.546045,39442.758,8640.86,10.8,10.8,14.0,28.404089,56.16,352.71527,4.95,1.6127887,427.45795,385.18564,1008759.8,495267.7,89.20001,89.20001,292.0,212.03998,53.401764,26
2025-01-27 16:00:00+00:00,4.0,14.835,10.634999,12.564166,11.915461,7.3766603,9.513183,39505.383,33950.188,0.0,0.0,0.0,17.826363,39.239998,44.002186,13.81,2.6925607,440.02213,394.69882,1048265.2,529217.9,89.20001,89.20001,292.0,225.84998,56.094326,27
2025-01-28 16:00:00+00:00,4.0,15.535,12.335,13.887082,12.194841,9.144899,10.509276,39569.605,36000.0,0.0,0.0,0.0,21.332088,42.12,92.83481,14.87,3.1591635,453.9092,405.2081,1087834.8,565217.9,89.20001,89.20001,292.0,240.71997,59.25349,28
2025-01-29 16:00:00+00:00,4.0,19.585001,14.535,17.301668,17.416437,10.725025,14.87309,39635.34,36000.0,0.0,0.0,0.0,23.740902,44.639996,126.19604,15.85,3.553789,471.21088,420.08118,1127470.1,601217.9,89.20001,89.20001,292.0,256.56998,62.807278,29
2025-01-30 16:00:00+00:00,4.0,20.735,18.085001,19.049583,22.237648,17.226622,19.314163,39702.477,24817.38,2.9,2.9,21.0,19.770523,40.68,145.01053,7.12,1.656392,490.26047,439.39532,1167172.6,626035.25,92.10001,92.10001,313.0,263.68997,64.46367,30
2025-01-31 16:00:00+00:00,4.0,22.785,17.535,19.843334,25.719852,16.759264,21.403696,39770.94,20872.258,12.099999,12.099999,19.0,23.103193,42.12,57.471153,7.48,1.4495283,510.1038,460.799,1206943.6,646907.5,104.20001,104.20001,332.0,271.16998,65.9132,31
2025-02-01 16:00:00+00:00,4.0,17.685001,16.735,17.218334,17.659996,16.225336,16.99288,39840.633,323.78906,8.4,8.4,24.0,16.048288,33.12,19.590393,4.69,1.016788,527.32214,477.7919,1246784.2,647231.3,112.60001,112.60001,356.0,275.86,66.929985,32
2025-02-02 16:00:00+00:00,4.0,16.735,13.085,14.75583,16.190462,10.174742,12.590104,39911.46,0.0,19.300001,19.300001,24.0,23.946089,46.44,12.976694,2.63,0.975865,542.078,490.38202,1286695.8,647231.3,131.90001,131.90001,380.0,278.49,67.90585,33
2025-02-03 16:00:00+00:00,4.0,14.285,12.134999,12.9974985,11.025417,8.688301,9.694199,39983.348,29306.162,5.9,5.9,7.0,24.27332,47.519997,23.437347,12.66,2.599058,555.0755,500.07623,1326679.1,676537.5,137.8,137.8,387.0,291.15,70.50491,34
2025-02-04 16:00:00+00:00,4.0,15.985,12.684999,14.664166,14.048752,9.837289,11.766225,40056.2,35952.953,0.2,0.2,2.0,21.816414,42.839996,110.974846,11.85,2.7273757,569.7397,511.84247,1366735.4,712490.44,138.0,138.0,389.0,303.0,73.23229,35
2025-02-05 16:00:00+00:00,4.0,17.235,15.085,16.13083,16.03614,13.201235,14.725155,40129.938,16136.242,8.5,8.5,24.0,17.878994,34.56,100.15667,6.56,1.5802972,585.87054,526.5676,1406865.2,728626.7,146.5,146.5,413.0,309.56,74.81259,36
2025-02-06 16:00:00+00:00,4.0,16.535,11.934999,14.30375,16.263403,8.223612,11.886346,40204.473,0.0,18.499998,18.499998,24.0,24.467422,47.88,35.137543,2.85,1.0652469,600.1743,538.454,1447069.8,728626.7,165.0,165.0,437.0,312.41,75.87784,37
2025-02-07 16:00:00+00:00,4.0,11.684999,10.035,10.685,7.7320185,5.317873,6.5104465,40279.72,0.0,8.299999,8.299999,24.0,24.713154,48.6,27.063248,4.18,1.5114026,610.8593,544.9644,1487349.5,728626.7,173.3,173.3,461.0,316.59,77.389244,38
2025-02-08 16:00:00+00:00,4.0,13.884999,10.634999,12.3475,10.823443,7.101674,9.118573,40355.61,1706.7062,1.8000002,1.8000002,13.0,19.61587,39.239998,42.73062,6.55,1.8207145,623.2068,554.083,1527705.1,730333.4,175.1,175.1,474.0,323.13998,79.20996,39
2025-02-09 16:00:00+00:00,4.0,18.035,13.835,16.130833,15.843105,10.913296,13.845122,40432.055,35388.652,0.0,0.0,0.0,18.396141,37.44,103.293884,12.47,2.8366628,639.33765,567.9281,1568137.1,765722.0,175.1,175.1,474.0,335.61,82.04662,40
2025-02-10 16:00:00+00:00,4.0,21.135,16.635,18.853752,21.657913,15.676449,18.73082,40508.973,36210.484,0.0,0.0,0.0,17.594023,37.8,138.15729,16.51,2.853807,658.1914,586.65894,1608646.1,801932.5,175.1,175.1,474.0,352.12,84.90043,41
2025-02-11 16:00:00+00:00,4.0,21.185001,17.935001,19.357918,24.136623,16.46092,21.116285,40586.293,0.0,34.7,34.7,18.0,27.934818,58.679996,219.75566,3.0,0.72693706,677.5493,607.7752,1649232.4,801932.5,209.8,209.8,492.0,355.12,85.627365,42
2025-02-12 16:00:00+00:00,4.0,17.185,15.134999,15.712083,15.613642,13.454142,14.074796,40663.938,0.0,36.199993,36.199993,24.0,26.48509,56.88,46.97945,3.19,0.9657629,693.2614,621.85,1689896.2,801932.5,246.0,246.0,516.0,358.31,86.593124,43
2025-02-13 16:00:00+00:00,4.0,19.335001,15.684999,17.632917,19.350613,14.382429,17.24161,40741.83,21631.566,1.2000002,1.2000002,12.0,18.59845,33.48,102.50899,9.42,1.7224258,710.89435,639.0916,1730638.1,823564.06,247.2,247.2,528.0,367.73,88.31555,44
2025-02-14 16:00:00+00:00,4.0,23.285,17.735,19.653751,25.673943,18.984753,21.555857,40819.895,36089.844,0.0,0.0,0.0,11.079873,18.359999,153.09172,15.61,2.5918665,730.5481,660.64746,1771458.0,859653.9,247.2,247.2,528.0,383.34,90.90742,45
2025-02-15 16:00:00+00:00,4.0,19.135,17.135,18.168333,19.691658,16.536442,18.411507,40898.08,10631.231,1.3000002,1.3000002,13.0,16.963984,33.48,1.2505988,8.71,1.6414418,748.71643,679.05896,1812356.1,870285.1,248.5,248.5,541.0,392.05,92.54886,46
2025-02-16 16:00:00+00:00,4.0,19.085001,16.735,17.837082,17.192038,14.522055,15.8246,40976.953,36182.05,0.2,0.2,2.0,20.656126,39.6,68.40413,17.36,3.6489804,766.5535,694.88354,1853333.1,906467.2,248.7,248.7,543.0,409.40997,96.19784,47
2025-02-17 16:00:00+00:00,4.0,17.512001,15.962,16.657833,16.996181,14.847912,15.783775,41051.016,0.0,1.4000001,0.1,10.0,16.1198,28.08,58.272076,1.11,0.9897634,783.21136,710.6673,1894384.1,906467.2,250.09999,248.8,553.0,410.51996,97.1876,48
2025-02-18 16:00:00+00:00,4.0,17.912,15.862,16.95575,18.245485,14.180307,16.408546,41131.953,0.0,1.0000001,0.0,9.0,17.25373,29.88,81.65838,1.27,0.93586093,800.1671,727.07587,1935516.1,906467.2,251.09999,248.8,562.0,411.78995,98.12346,49
2025-02-19 16:00:00+00:00,4.0,20.912,16.512001,18.645334,21.506834,17.599165,19.945269,41213.715,14862.958,1.3000001,0.0,5.0,10.931203,21.24,104.117035,7.56,1.4567153,818.81244,747.0211,1976729.9,921330.1,252.4,248.8,567.0,419.34995,99.58018,50
2025-02-20 16:00:00+00:00,4.0,18.762001,16.212,17.053665,19.562897,15.755291,16.959679,41296.22,0.0,0.5,0.3,5.0,13.53236,23.4,25.815523,1.58,0.77447885,835.8661,763.9808,2018026.1,921330.1,252.9,249.1,572.0,420.92993,100.35465,51
2025-02-21 16:00:00+00:00,4.0,17.762001,16.262,16.895332,18.420706,15.361763,16.650566,41379.402,0.0,3.2999995,0.8000001,19.0,16.299694,26.64,62.56653,1.04,0.67912287,852.7614,780.63135,2059405.5,921330.1,256.19998,249.90001,591.0,421.96994,101.033775,52
2025-02-22 16:00:00+00:00,4.0,16.912,15.262,16.391169,17.861912,14.807707,16.558489,41463.18,0.0,10.200003,9.800001,17.0,14.05845,23.039999,27.650316,1.33,0.566634,869.1526,797.1898,2100868.8,921330.1,266.4,259.7,608.0,423.29993,101.60041,53
2025-02-23 16:00:00+00:00,4.0,15.012,13.062,13.912,14.527895,11.049744,12.451946,41547.48,0.0,4.7,2.1,19.0,16.418526,27.72,50.61759,3.04,0.93188226,883.0646,809.6418,2142416.2,921330.1,271.1,261.80002,627.0,426.33994,102.532295,54
2025-02-24 16:00:00+00:00,4.0,17.412,13.512,15.555751,17.75813,12.019878,15.257176,41632.24,6606.166,2.2,0.0,9.0,12.144331,20.16,105.32579,6.33,1.3264823,898.6203,824.899,2184048.5,927936.3,273.30002,261.80002,636.0,432.66992,103.85878,55
2025-02-25 16:00:00+00:00,4.0,18.812,15.512,17.330748,20.328566,15.943111,18.322535,41717.38,0.0,0.4,0.2,3.0,11.384199,19.44,339.59,2.55,0.6960912,915.95105,843.2215,2225766.0,927936.3,273.7,262.00003,639.0,435.2199,104.55487,56
2025-02-26 16:00:00+00:00,4.0,20.512001,17.262001,18.85575,22.415285,18.24966,20.471724,41802.836,1722.471,0.0,0.0,0.0,7.729527,12.599999,333.6102,4.79,1.0633992,934.8068,863.69324,2267568.8,929658.8,273.7,262.00003,639.0,440.00992,105.61827,57
2025-02-27 16:00:00+00:00,4.0,23.762001,17.262001,20.389082,26.780304,18.626705,22.650476,41888.535,37490.33,0.0,0.0,0.0,11.252519,19.8,118.412506,16.05,2.8181434,955.1959,886.3437,2309457.2,967149.1,273.7,262.00003,639.0,456.0599,108.43642,58
2025-02-28 16:00:00+00:00,4.0,23.562,19.112,21.074501,25.83986,21.303888,23.642988,41974.41,11475.281,1.2,0.0,6.0,9.178235,18.0,140.90611,10.37,1.9343512,976.27045,909.9867,2351431.8,978624.4,274.90002,262.00003,645.0,466.4299,110.370766,59
2025-03-01 16:00:00+00:00,4.0,25.662,18.212,21.901583,29.124199,20.013819,24.827444,42060.395,39375.523,0.0,0.0,0.0,11.592895,20.519999,135.9709,17.08,3.062613,998.17206,934.81415,2393492.2,1017999.9,274.90002,262.00003,645.0,483.5099,113.43338,60
2025-03-02 16:00:00+00:00,4.0,27.893002,19.262001,21.991796,32.117805,21.597202,24.856302,42146.42,39426.98,0.0,0.0,0.0,10.805999,20.519999,40.78574,18.21,3.3061972,1020.1639,959.6705,2435638.8,1057426.9,274.90002,262.00003,645.0,501.71988,116.73958,61
2025-03-03 16:00:00+00:00,4.0,20.493,15.393,18.3305,22.305552,15.659761,19.44263,42232.42,9769.892,0.0,0.0,0.0,12.229406,26.64,52.02338,5.62,1.1688588,1038.4944,979.1131,2477871.2,1067196.8,274.90002,262.00003,645.0,507.33987,117.90844,62
2025-03-04 16:00:00+00:00,4.0,15.393,13.393,14.682583,15.985964,12.453766,14.880252,42318.336,0.0,3.899999,2.9999998,21.0,10.514218,33.839996,26.014854,0.96,0.39506745,1053.177,993.99335,2520189.5,1067196.8,278.80002,265.00003,666.0,508.29987,118.303505,63
2025-03-05 16:00:00+00:00,4.0,15.693,13.293,14.534665,16.056608,12.359543,14.453328,42404.094,3619.184,0.6,0.3,6.0,9.449572,37.079998,121.429504,3.18,0.7206806,1067.7117,1008.44666,2562593.5,1070815.9,279.40002,265.30002,672.0,511.47986,119.024185,64
2025-03-06 16:00:00+00:00,4.0,20.393002,15.092999,17.413834,21.143826,15.661198,18.31338,42489.633,28877.27,1.5,1.2000002,6.0,5.8603754,26.28,356.53183,10.72,1.9660357,1085.1255,1026.76,2605083.2,1099693.1,280.90002,266.50003,678.0,522.1998,120.99022,65
2025-03-07 16:00:00+00:00,4.0,16.593,15.393,15.805501,17.235634,15.315187,16.356787,42574.895,0.0,0.3,0.0,3.0,10.636766,30.599998,63.234917,2.87,0.68677604,1100.931,1043.1168,2647658.2,1099693.1,281.2,266.50003,681.0,525.0698,121.676994,66
2025-03-08 16:00:00+00:00,4.0,18.793001,15.143,17.126333,20.607916,16.19416,18.606354,42660.426,6818.6655,0.0,0.0,0.0,6.3690495,29.519999,117.9727,4.58,0.9090269,1118.0574,1061.7231,2690318.8,1106511.8,281.2,266.50003,681.0,529.64984,122.58602,67
2025-03-09 16:00:00+00:00,4.0,23.893002,18.093,20.184668,25.731554,19.89948,22.36576,42746.496,24775.201,0.0,0.0,0.0,10.08,9.0,98.65247,10.31,1.94519,1138.2421,1084.0889,2733065.2,1131287.0,281.2,266.50003,681.0,539.95984,124.53121,68
2025-03-10 16:00:00+00:00,4.0,25.443,18.843,,28.769508,21.072786,,42833.04,,,,0.0,10.137692,14.759999,,,,,,2775898.2,,,,681.0,,,69
