date,elevation,temperature_2m_max,temperature_2m_min,temperature_2m_mean,apparent_temperature_max,apparent_temperature_min,apparent_temperature_mean,daylight_duration,sunshine_duration,precipitation_sum,rain_sum,precipitation_hours,wind_speed_10m_max,wind_gusts_10m_max,wind_direction_10m_dominant,shortwave_radiation_sum,et0_fao_evapotranspiration,cumulative_temperature_2m_mean,cumulative_apparent_temperature_mean,cumulative_daylight_duration,cumulative_sunshine_duration,cumulative_precipitation_sum,cumulative_rain_sum,cumulative_precipitation_hours,cumulative_shortwave_radiation_sum,cumulative_et0_fao_evapotranspiration,day
2025-01-01 16:00:00+00:00,1867.0,13.7825,12.1325,12.955418,14.512302,12.393728,13.543103,38652.91,0.0,11.300001,11.300001,24.0,3.4949677,20.880001,85.31418,2.68,0.5971712,12.955418,13.543103,38652.91,0.0,11.300001,11.300001,24.0,2.68,0.5971712,1
2025-01-02 16:00:00+00:00,1867.0,13.2325,8.9325,11.505416,13.748417,7.6614285,11.442096,38675.68,17766.584,4.0999994,4.0999994,24.0,5.720489,23.4,96.5548,4.92,0.9220686,24.460835,24.985199,77328.59,17766.584,15.400001,15.400001,48.0,7.6000004,1.5192398,2
2025-01-03 16:00:00+00:00,1867.0,13.8324995,7.9825,10.467916,13.294586,6.5653152,9.336453,38700.12,35811.723,1.0000001,1.0000001,10.0,6.1120534,25.56,102.99463,13.03,2.042105,34.92875,34.32165,116028.72,53578.305,16.400002,16.400002,58.0,20.630001,3.5613446,3
2025-01-04 16:00:00+00:00,1867.0,14.0325,9.0824995,10.992916,13.088301,8.243197,10.24693,38726.215,35840.43,1.3000001,1.3000001,9.0,4.9785542,31.68,247.14119,11.46,1.8256805,45.921665,44.56858,154754.94,89418.734,17.7,17.7,67.0,32.09,5.387025,4
2025-01-05 16:00:00+00:00,1867.0,13.3324995,7.9825,10.361666,12.939569,6.7300844,9.583008,38753.938,35846.758,0.2,0.2,2.0,4.2366967,31.319998,58.298714,12.27,1.9214439,56.283333,54.15159,193508.88,125265.49,17.900002,17.900002,69.0,44.36,7.308469,5
2025-01-06 16:00:00+00:00,1867.0,12.5824995,7.8325,9.413751,11.858526,6.193287,8.317108,38783.258,27590.29,0.70000005,0.70000005,7.0,4.514377,34.92,135.4696,8.45,1.3637275,65.69708,62.468697,232292.12,152855.78,18.600002,18.600002,76.0,52.81,8.672196,6
2025-01-07 16:00:00+00:00,1867.0,13.2825,7.3325,9.77,12.505135,5.7948923,8.847733,38814.484,35831.28,0.6,0.6,6.0,3.84796,32.399998,248.9623,11.33,1.7777739,75.46709,71.31643,271106.62,188687.06,19.200003,19.200003,82.0,64.14,10.44997,7
2025-01-08 16:00:00+00:00,1867.0,11.9325,7.7325,9.290832,11.056937,6.5121346,8.336637,38847.727,30198.23,2.5,2.5,10.0,3.8856654,34.56,178.06944,6.96,1.1731337,84.75792,79.65307,309954.34,218885.3,21.700003,21.700003,92.0,71.1,11.623104,8
2025-01-09 16:00:00+00:00,1867.0,9.7325,5.9825,7.6533337,9.169053,4.3842354,6.4445724,38882.91,27254.7,5.8999996,5.8999996,24.0,4.802999,27.0,99.090195,6.78,1.0732034,92.411255,86.09764,348837.25,246140.0,27.600002,27.600002,116.0,77.88,12.696307,9
2025-01-10 16:00:00+00:00,1867.0,9.6825,6.0325,7.399166,8.760744,4.611908,6.229778,38919.953,29072.156,7.6999993,7.6999993,23.0,3.671294,33.48,176.52013,7.83,1.1643764,99.810425,92.327415,387757.2,275212.16,35.300003,35.300003,139.0,85.71,13.860683,10
2025-01-11 16:00:00+00:00,1867.0,10.6325,4.6325,7.4824996,9.812706,2.8653336,6.2053356,38958.797,35816.777,0.70000005,0.70000005,7.0,3.7585104,30.239998,100.70133,11.67,1.7343378,107.29292,98.53275,426716.0,311028.94,36.000004,36.000004,146.0,97.38,15.595021,11
2025-01-12 16:00:00+00:00,1867.0,13.1325,4.6325,8.284583,13.151793,2.797758,6.870399,38999.36,35816.473,0.0,0.0,0.0,4.6730714,29.88,111.8665,15.33,2.3332598,115.57751,105.40315,465715.38,346845.4,36.000004,36.000004,146.0,112.71,17.928282,12
2025-01-13 16:00:00+00:00,1867.0,15.7325,4.7825,10.349166,15.819178,2.9651442,9.608214,39041.57,35817.508,1.2,1.2,5.0,3.319036,33.48,296.99564,15.96,2.5292268,125.926674,115.01137,504756.94,382662.9,37.200005,37.200005,151.0,128.67,20.457508,13
2025-01-14 16:00:00+00:00,1867.0,12.1825,7.5325,10.505417,12.499012,6.1998243,10.256288,39085.355,512.5278,10.800001,10.800001,24.0,4.6730714,30.960001,71.34202,2.51,0.54858756,136.4321,125.267654,543842.3,383175.44,48.000008,48.000008,175.0,131.18,21.006096,14
2025-01-15 16:00:00+00:00,1867.0,10.4825,6.5825,8.074166,9.369008,5.2047386,6.9242415,39130.645,31387.754,1.9000003,1.9000003,19.0,4.1046314,33.839996,103.916916,9.12,1.3917824,144.50627,132.1919,582972.94,414563.2,49.90001,49.90001,194.0,140.29999,22.397879,15
2025-01-16 16:00:00+00:00,1867.0,11.6825,5.1825,8.086667,10.831745,3.1371613,6.664009,39177.363,35335.234,0.5,0.5,5.0,5.068846,26.28,103.83844,10.83,1.6982384,152.59294,138.8559,622150.3,449898.44,50.40001,50.40001,199.0,151.12999,24.096117,16
2025-01-17 16:00:00+00:00,1867.0,11.5824995,6.4325,9.0325,11.038335,4.513376,8.0295515,39225.44,26283.34,1.5000001,1.5000001,10.0,4.327493,31.68,146.85979,8.09,1.3196969,161.62544,146.88545,661375.75,476181.78,51.90001,51.90001,209.0,159.21999,25.415813,17
2025-01-18 16:00:00+00:00,1867.0,13.8324995,9.3825,11.026249,13.387787,8.851506,10.578826,39274.812,35842.797,1.5000002,1.5000002,15.0,4.5,30.960001,266.66617,10.65,1.6990019,172.65169,157.46428,700650.56,512024.56,53.40001,53.40001,224.0,169.86998,27.114815,18
2025-01-19 16:00:00+00:00,1867.0,14.4325,7.3325,10.230416,14.192768,6.22046,9.459606,39325.402,35851.914,1.0000001,1.0000001,9.0,4.5322843,37.8,215.15898,12.81,2.0264919,182.88211,166.92389,739975.94,547876.5,54.40001,54.40001,233.0,182.67998,29.141306,19
2025-01-20 16:00:00+00:00,1867.0,13.3825,7.5825,10.028333,13.12899,6.1272564,9.037759,39377.14,34286.023,0.70000005,0.70000005,7.0,4.724786,27.359999,120.96374,12.27,1.9660078,192.91045,175.96165,779353.06,582162.5,55.10001,55.10001,240.0,194.94998,31.107313,20
2025-01-21 16:00:00+00:00,1867.0,13.1325,8.1325,10.447083,12.081404,6.601143,9.57765,39429.97,35874.258,1.0000001,1.0000001,8.0,4.7827187,39.6,198.18913,10.51,1.6741061,203.35753,185.5393,818783.0,618036.75,56.10001,56.10001,248.0,205.45998,32.781418,21
2025-01-22 16:00:00+00:00,1867.0,16.6325,8.9825,12.072085,16.370502,7.9119396,11.77385,39483.812,35901.113,0.4,0.4,4.0,5.95906,36.0,293.7577,13.61,2.2329223,215.42961,197.31316,858266.8,653937.9,56.50001,56.50001,252.0,219.06998,35.01434,22
2025-01-23 16:00:00+00:00,1867.0,16.1325,10.0325,12.305417,16.30442,9.52714,12.060838,39538.605,35902.117,1.3000001,1.3000001,9.0,5.4744864,38.519997,234.06644,13.77,2.237503,227.73503,209.374,897805.44,689840.0,57.80001,57.80001,261.0,232.83998,37.251842,23
2025-01-24 16:00:00+00:00,1867.0,15.3825,9.1825,11.697083,15.638447,8.741726,11.536508,39594.273,35835.156,1.2000002,1.2000002,11.0,3.462369,34.56,246.63077,12.75,2.0889745,239.43211,220.9105,937399.7,725675.1,59.00001,59.00001,272.0,245.58998,39.340816,24
2025-01-25 16:00:00+00:00,1867.0,12.5824995,9.0325,10.367917,11.943941,8.474545,9.869394,39650.766,28113.734,3.0000002,3.0000002,19.0,3.438895,28.08,256.86603,8.97,1.4526075,249.80003,230.7799,977050.44,753788.9,62.00001,62.00001,291.0,254.55998,40.793423,25
2025-01-26 16:00:00+00:00,1867.0,8.6325,4.8824997,7.267916,7.9114876,3.2117214,6.277469,39708.023,3549.9097,7.999999,7.999999,24.0,3.2846913,30.960001,137.89139,3.5,0.6418027,257.06796,237.05737,1016758.44,757338.8,70.00001,70.00001,315.0,258.06,41.435226,26
2025-01-27 16:00:00+00:00,1867.0,9.0325,4.6825,6.4408336,7.801096,2.663444,4.793773,39766.555,35568.062,1.1000001,0.9000001,10.0,3.7971036,32.760002,100.24398,11.1,1.621147,263.5088,241.85115,1056525.0,792906.9,71.100006,70.90001,325.0,269.16,43.056374,27
2025-01-28 16:00:00+00:00,1867.0,9.3324995,5.1324997,6.7970834,7.9591074,3.520969,5.2769885,39826.58,31932.807,2.2,2.0000002,19.0,5.4744864,33.12,133.28165,10.48,1.5225384,270.30588,247.12814,1096351.6,824839.7,73.3,72.90001,344.0,279.64,44.57891,28
2025-01-29 16:00:00+00:00,1867.0,12.9325,5.3325,8.499167,12.200672,3.4187346,7.1657066,39888.01,36138.37,0.9000001,0.9000001,9.0,4.7657523,33.12,116.564995,14.2,2.1723921,278.80505,254.29385,1136239.6,860978.06,74.200005,73.80001,353.0,293.84003,46.751305,29
2025-01-30 16:00:00+00:00,1867.0,16.532501,7.5325,10.701251,16.250349,5.94287,10.074713,39950.77,16020.584,18.4,18.4,22.0,4.802999,30.960001,106.65624,4.65,0.88218075,289.50632,264.36856,1176190.4,876998.6,92.600006,92.20001,375.0,298.49002,47.633484,30
2025-01-31 16:00:00+00:00,1867.0,19.132502,10.7825,13.638748,19.698008,10.682673,14.095623,40014.766,34022.195,7.499999,7.499999,24.0,3.644722,32.760002,158.01752,10.62,1.8708172,303.14508,278.46417,1216205.1,911020.8,100.100006,99.70001,399.0,309.11002,49.504303,31
2025-02-01 16:00:00+00:00,1867.0,15.9825,11.2325,13.178333,15.863335,10.926369,13.2304735,40079.914,36000.0,2.5,2.5,19.0,6.1569467,48.96,253.06203,12.46,2.0558069,316.32343,291.69464,1256285.0,947020.8,102.600006,102.20001,418.0,321.57,51.56011,32
2025-02-02 16:00:00+00:00,1867.0,13.7325,7.9325,10.917915,13.320471,7.0880213,10.450496,40146.133,31502.043,2.6,2.6,20.0,5.0816135,36.719997,238.3512,9.53,1.5397645,327.24133,302.14514,1296431.1,978522.9,105.200005,104.80001,438.0,331.1,53.099873,33
2025-02-03 16:00:00+00:00,1867.0,9.0824995,6.0825,7.322084,8.398687,4.3385696,6.061493,40213.34,11007.702,3.6999993,3.5999992,20.0,4.6102495,27.359999,119.94871,5.72,0.9537168,334.56342,308.20663,1336644.5,989530.56,108.9,108.40001,458.0,336.82,54.05359,34
2025-02-04 16:00:00+00:00,1867.0,10.3324995,5.1324997,7.5991664,8.75935,3.3935194,6.1914067,40281.453,36011.59,2.8000002,2.8000002,17.0,5.5216303,41.760002,213.02386,11.87,1.7069895,342.16257,314.39804,1376926.0,1025542.1,111.700005,111.20001,475.0,348.69,55.76058,35
2025-02-05 16:00:00+00:00,1867.0,13.0824995,7.4325,10.084584,12.604408,6.486553,9.443716,40350.4,31641.678,1.2,1.2,11.0,4.278551,33.839996,185.59924,10.55,1.7074467,352.24716,323.84177,1417276.4,1057183.8,112.9,112.40001,486.0,359.24,57.468025,36
2025-02-06 16:00:00+00:00,1867.0,14.2325,7.6324997,10.451249,13.650965,6.310932,9.790607,40420.09,36299.496,1.7000002,1.7000002,10.0,4.991553,35.28,169.26118,13.47,2.1411612,362.69843,333.6324,1457696.5,1093483.2,114.6,114.100006,496.0,372.71,59.609188,37
2025-02-07 16:00:00+00:00,1867.0,10.1325,5.5825,7.5470834,9.170168,3.923441,6.2315526,40490.46,36000.0,1.7000003,1.7000003,17.0,4.896529,35.64,107.19391,11.41,1.72135,370.2455,339.86395,1498187.0,1129483.2,116.299995,115.8,513.0,384.12,61.33054,38
2025-02-08 16:00:00+00:00,1867.0,10.5325,5.5825,7.517916,9.600388,4.283,6.164828,40561.426,32981.61,1.2,1.2,11.0,5.2939587,31.68,109.01822,11.02,1.6934274,377.76343,346.02878,1538748.4,1162464.9,117.49999,117.0,524.0,395.13998,63.023968,39
2025-02-09 16:00:00+00:00,1867.0,13.6825,5.8325,9.2387495,13.709963,4.064765,8.132171,40632.914,36606.82,0.3,0.3,3.0,4.293669,36.719997,102.52884,15.64,2.4034114,387.00217,354.16095,1579381.2,1199071.8,117.799995,117.3,527.0,410.78,65.427376,40
2025-02-10 16:00:00+00:00,1867.0,15.9825,7.5825,11.638749,17.02405,5.9960384,11.11372,40704.855,36499.14,0.8000001,0.8000001,7.0,4.198285,31.68,119.39097,16.1,2.6841748,398.64093,365.27466,1620086.1,1235570.9,118.6,118.100006,534.0,426.88,68.11155,41
2025-02-11 16:00:00+00:00,1867.0,15.1825,12.1325,13.57,16.038813,11.950794,14.297089,40777.17,0.0,46.4,46.4,24.0,3.5455887,37.44,112.24906,1.79,0.48662883,412.21094,379.57175,1660863.2,1235570.9,165.0,164.5,558.0,428.67,68.598175,42
2025-02-12 16:00:00+00:00,1867.0,13.6825,11.3324995,12.68875,14.249464,11.155812,12.933892,40849.79,382.7355,57.000008,57.000008,24.0,5.7628117,35.64,94.14938,3.0,0.6359032,424.8997,392.50565,1701713.0,1235953.6,222.0,221.5,582.0,431.67,69.23408,43
2025-02-13 16:00:00+00:00,1867.0,14.8324995,11.1325,12.72625,15.812651,11.005708,13.159408,40922.652,11969.182,3.3999996,3.3999996,14.0,3.8856654,32.039997,89.19867,6.21,1.1479095,437.62595,405.66504,1742635.6,1247922.8,225.4,224.9,596.0,437.88,70.38199,44
2025-02-14 16:00:00+00:00,1867.0,13.985999,9.036,11.27975,13.591478,6.9111433,10.052815,40986.348,36029.195,0.0,0.0,0.0,9.0,64.799995,203.87527,15.8,2.3284183,448.9057,415.71786,1783622.0,1283952.0,225.4,224.9,596.0,453.68,72.7104,45
2025-02-15 16:00:00+00:00,1867.0,14.985999,8.036,11.3359995,14.784021,5.7668486,9.087299,41059.75,36280.867,0.0,0.0,0.0,9.504272,69.84,234.13004,15.49,2.7822628,460.2417,424.80518,1824681.8,1320232.9,225.4,224.9,596.0,469.16998,75.49267,46
2025-02-16 16:00:00+00:00,1867.0,10.386,4.786,7.5443344,9.8029785,2.2090802,5.1810355,41133.812,33632.07,0.0,0.0,0.0,12.413477,69.12,73.43108,16.05,2.1570237,467.78604,429.9862,1865815.5,1353865.0,225.4,224.9,596.0,485.21997,77.64969,47
2025-02-17 16:00:00+00:00,1867.0,7.436,4.836,5.8505836,5.149293,2.2059808,3.509621,41208.79,24399.03,0.0,0.0,0.0,11.384199,62.639996,100.05789,7.7,0.94150794,473.63663,433.49582,1907024.2,1378264.0,225.4,224.9,596.0,492.91998,78.591194,48
2025-02-18 16:00:00+00:00,1867.0,6.186,4.736,5.461,4.743722,2.4197316,3.4451158,41284.617,15968.563,0.1,0.0,1.0,11.923557,65.88,108.98331,5.57,0.68822426,479.09763,436.94095,1948308.9,1394232.6,225.5,224.9,597.0,498.49,79.27942,49
2025-02-19 16:00:00+00:00,1867.0,8.736,5.6359997,7.077666,6.569476,4.043313,5.363861,41361.215,23928.389,0.2,0.0,2.0,10.948973,60.839996,134.40018,7.66,0.9967476,486.1753,442.3048,1989670.1,1418161.0,225.7,224.9,599.0,506.15,80.27617,50
2025-02-20 16:00:00+00:00,1867.0,8.436,4.8859997,6.863083,6.415574,2.9107742,4.8929586,41438.51,6265.399,0.0,0.0,0.0,9.220499,55.44,114.15907,3.46,0.536031,493.0384,447.19775,2031108.6,1424426.4,225.7,224.9,599.0,509.61,80.8122,51
2025-02-21 16:00:00+00:00,1867.0,7.6359997,4.3859997,5.946417,5.390897,2.7024508,4.129826,41516.445,23500.236,0.0,0.0,0.0,11.298495,68.03999,112.52059,8.15,1.0030862,498.9848,451.32758,2072625.1,1447926.6,225.7,224.9,599.0,517.76,81.81529,52
2025-02-22 16:00:00+00:00,1867.0,9.536,5.486,7.458916,7.8737583,3.5403328,5.7811,41594.94,22256.8,0.0,0.0,0.0,9.793059,60.120003,117.38737,8.57,1.1603154,506.44373,457.10867,2114220.0,1470183.4,225.7,224.9,599.0,526.33,82.97561,53
2025-02-23 16:00:00+00:00,1867.0,6.6359997,2.6859999,4.4464164,5.2543755,0.28946352,2.1844823,41673.934,1181.9183,0.0,0.0,0.0,10.661107,64.439995,90.41414,4.29,0.5335271,510.89014,459.29315,2155894.0,1471365.2,225.7,224.9,599.0,530.62,83.50913,54
2025-02-24 16:00:00+00:00,1867.0,6.8359995,2.836,5.2651668,4.968951,0.884202,3.4454577,41753.35,29630.12,0.0,0.0,0.0,7.386582,40.32,115.26307,12.05,1.4509757,516.1553,462.73862,2197647.2,1500995.4,225.7,224.9,599.0,542.67,84.960106,55
2025-02-25 16:00:00+00:00,1867.0,9.8359995,6.0859995,7.865166,8.175125,3.8966303,6.2538486,41833.133,26110.295,0.0,0.0,0.0,8.714677,49.32,119.89885,11.53,1.5430263,524.02045,468.99246,2239480.5,1527105.6,225.7,224.9,599.0,554.2,86.503136,56
2025-02-26 16:00:00+00:00,1867.0,10.136,7.236,8.708917,8.5453415,5.902323,7.5598087,41913.21,17698.646,0.0,0.0,0.0,9.220499,54.719997,118.41754,7.51,1.0511355,532.7294,476.55228,2281393.8,1544804.2,225.7,224.9,599.0,561.71,87.55427,57
2025-02-27 16:00:00+00:00,1867.0,15.301,8.136,11.157875,13.966566,7.1268635,10.497863,41993.523,25717.596,0.0,0.0,0.0,13.527572,42.12,113.74954,12.37,1.8525681,543.88727,487.05014,2323387.2,1570521.9,225.7,224.9,599.0,574.08,89.40684,58
2025-02-28 16:00:00+00:00,1867.0,15.501,10.551,12.492667,14.713327,8.624093,11.915593,42074.004,35170.137,2.3999996,0.90000004,9.0,12.181624,9.72,173.99106,12.23,1.8925442,556.37994,498.96573,2365461.2,1605692.0,228.09999,225.79999,608.0,586.31,91.299385,59
2025-03-01 16:00:00+00:00,1867.0,18.701,9.851,13.830167,19.658716,7.218672,12.931632,42154.59,39507.29,2.4,0.0,9.0,13.527572,15.4800005,286.9662,23.69,3.7852747,570.2101,511.89737,2407615.8,1645199.2,230.49998,225.79999,617.0,610.0,95.08466,60
2025-03-02 16:00:00+00:00,1867.0,17.401001,10.351,12.923916,18.383673,8.239185,12.31738,42235.22,39590.58,1.8000001,0.0,9.0,12.783802,15.4800005,168.43977,23.42,3.4839003,583.134,524.2147,2449851.0,1684789.9,232.29999,225.79999,626.0,633.42,98.568565,61
2025-03-03 16:00:00+00:00,1867.0,16.901001,9.000999,12.440583,17.609884,6.731038,11.626414,42315.824,39673.727,1.5000001,0.0,6.0,12.7279215,14.4,125.09591,23.47,3.3997707,595.5746,535.8411,2492166.8,1724463.6,233.79999,225.79999,632.0,656.88995,101.96834,62
2025-03-04 16:00:00+00:00,1867.0,11.450999,4.901,9.142667,10.62759,2.7051606,7.588323,42396.35,38918.777,0.0,0.0,0.0,8.404285,16.919998,134.29861,12.0,1.6566705,604.7172,543.42944,2534563.0,1763382.4,233.79999,225.79999,632.0,668.88995,103.62501,63
2025-03-05 16:00:00+00:00,1867.0,4.751,2.401,3.6301672,2.647287,-0.16710424,0.9836363,42476.73,19863.74,0.0,0.0,0.0,12.522619,14.759999,106.349815,5.7,0.6777643,608.3474,544.4131,2577039.8,1783246.1,233.79999,225.79999,632.0,674.58997,104.30277,64
2025-03-06 16:00:00+00:00,1867.0,4.301,1.7010001,3.0218332,1.3278308,-0.664706,0.22480996,42556.906,30498.875,0.0,0.0,0.0,13.661038,9.72,92.973694,9.18,0.96461207,611.36926,544.6379,2619596.8,1813745.0,233.79999,225.79999,632.0,683.76996,105.26739,65
2025-03-07 16:00:00+00:00,1867.0,5.801,2.301,4.573917,3.7539577,0.034557343,2.2018957,42636.83,22496.055,0.0,0.0,0.0,12.43434,7.92,88.78441,9.26,1.0495907,615.9432,546.8398,2662233.5,1836241.0,233.79999,225.79999,632.0,693.02997,106.31698,66
