date,elevation,temperature_2m_max,temperature_2m_min,temperature_2m_mean,apparent_temperature_max,apparent_temperature_min,apparent_temperature_mean,daylight_duration,sunshine_duration,precipitation_sum,rain_sum,precipitation_hours,wind_speed_10m_max,wind_gusts_10m_max,wind_direction_10m_dominant,shortwave_radiation_sum,et0_fao_evapotranspiration,cumulative_temperature_2m_mean,cumulative_apparent_temperature_mean,cumulative_daylight_duration,cumulative_sunshine_duration,cumulative_precipitation_sum,cumulative_rain_sum,cumulative_precipitation_hours,cumulative_shortwave_radiation_sum,cumulative_et0_fao_evapotranspiration,day
2025-01-01 16:00:00+00:00,13.0,18.2675,16.7675,17.486248,17.804762,15.85071,16.612232,38652.91,0.0,5.899999,5.899999,17.0,22.375818,36.719997,353.33496,2.11,0.89310765,17.486248,16.612232,38652.91,0.0,5.899999,5.899999,17.0,2.11,0.89310765,1
2025-01-02 16:00:00+00:00,13.0,18.817501,15.0175,17.06125,16.098072,13.822754,14.945403,38675.68,16097.74,0.5,0.5,4.0,26.354485,47.16,354.90265,5.31,1.838063,34.5475,31.557636,77328.59,16097.74,6.399999,6.399999,21.0,7.42,2.7311707,2
2025-01-03 16:00:00+00:00,13.0,21.917501,12.9175,17.288332,23.263054,12.326244,17.235613,38700.12,35677.383,0.0,0.0,0.0,12.10157,22.319998,342.95026,14.71,2.5853288,51.83583,48.79325,116028.72,51775.125,6.399999,6.399999,21.0,22.130001,5.3164997,3
2025-01-04 16:00:00+00:00,13.0,21.2675,15.2675,17.34875,20.520979,14.64728,16.61406,38726.215,35650.445,0.9000001,0.9000001,7.0,21.897945,38.88,355.25024,11.09,2.0573454,69.18458,65.40731,154754.94,87425.57,7.299999,7.299999,28.0,33.22,7.373845,4
2025-01-05 16:00:00+00:00,13.0,21.1175,13.1675,17.215416,19.52535,12.271402,15.533516,38753.938,35654.758,0.2,0.2,1.0,23.678726,45.719997,357.49985,16.98,3.1848702,86.399994,80.94083,193508.88,123080.33,7.499999,7.499999,29.0,50.2,10.558716,5
2025-01-06 16:00:00+00:00,13.0,20.3675,12.5675,15.844584,20.058468,11.620548,15.128953,38783.258,35646.21,0.2,0.2,2.0,15.3264475,27.72,352.6433,13.54,2.417714,102.244576,96.06978,232292.12,158726.53,7.699999,7.699999,31.0,63.74,12.97643,6
2025-01-07 16:00:00+00:00,13.0,21.1175,11.9175,16.146666,20.518753,11.061593,15.172759,38814.484,35639.28,0.0,0.0,0.0,18.543495,30.599998,359.3147,15.92,2.800126,118.39124,111.24254,271106.62,194365.81,7.699999,7.699999,31.0,79.66,15.776556,7
2025-01-08 16:00:00+00:00,13.0,19.917501,14.367499,16.680002,17.851292,12.016075,14.799407,38847.727,31616.178,0.0,0.0,0.0,23.770906,38.88,356.73438,10.97,2.4767551,135.07124,126.04195,309954.34,225981.98,7.699999,7.699999,31.0,90.630005,18.253311,8
2025-01-09 16:00:00+00:00,13.0,16.8675,13.5675,14.744583,12.957127,9.805958,10.996598,38882.91,30398.916,0.5,0.5,5.0,27.77838,45.719997,357.6081,9.12,2.6634107,149.81583,137.03854,348837.25,256380.9,8.199999,8.199999,36.0,99.75001,20.916721,9
2025-01-10 16:00:00+00:00,13.0,17.8675,12.9175,14.713333,15.239122,9.6288,12.005761,38919.953,34814.8,1.4000001,1.4000001,11.0,25.2924,44.639996,353.78314,11.73,2.4843552,164.52916,149.04431,387757.2,291195.72,9.599998,9.599998,47.0,111.48001,23.401077,10
2025-01-11 16:00:00+00:00,13.0,18.3675,11.9175,14.305001,15.12532,8.295723,10.935224,38958.797,35624.777,0.2,0.2,2.0,26.295406,44.639996,0.20803876,16.82,3.2340117,178.83417,159.97954,426716.0,326820.5,9.799998,9.799998,49.0,128.30002,26.63509,11
2025-01-12 16:00:00+00:00,13.0,19.4675,8.7175,14.0216675,18.356531,6.8156214,12.32946,38999.36,35624.473,0.0,0.0,0.0,11.173057,21.599998,355.23642,17.03,2.962349,192.85583,172.30899,465715.38,362444.97,9.799998,9.799998,49.0,145.33002,29.597439,12
2025-01-13 16:00:00+00:00,13.0,20.7675,9.0175,15.2716675,19.775751,7.514987,14.315312,39041.57,35507.76,1.1,1.1,4.0,15.710607,25.919998,340.50107,14.32,2.597803,208.1275,186.6243,504756.94,397952.72,10.899999,10.899999,53.0,159.65002,32.195244,13
2025-01-14 16:00:00+00:00,13.0,17.1175,13.5675,15.7300005,15.419159,10.36075,13.508865,39085.355,171.8914,1.2,1.2,8.0,26.02541,45.719997,356.7702,2.22,1.1632081,223.8575,200.13316,543842.3,398124.62,12.099998,12.099998,61.0,161.87003,33.35845,14
2025-01-15 16:00:00+00:00,13.0,18.0175,12.4675,14.277917,15.754221,9.6153345,11.358535,39130.645,35631.582,0.0,0.0,0.0,25.562534,46.079998,355.78064,14.19,2.7996206,238.13542,211.4917,582972.94,433756.22,12.099998,12.099998,61.0,176.06003,36.158073,15
2025-01-16 16:00:00+00:00,13.0,18.8675,11.5175,14.527919,17.580526,8.806614,12.240341,39177.363,35636.633,0.0,0.0,0.0,18.954777,33.48,356.86786,15.88,2.9010181,252.66335,223.73204,622150.3,469392.84,12.099998,12.099998,61.0,191.94003,39.05909,16
2025-01-17 16:00:00+00:00,13.0,18.7175,12.3175,15.217498,17.912678,10.334208,14.210991,39225.44,24542.67,3.1000004,3.1000004,9.0,14.275713,27.0,350.01288,7.17,1.5101988,267.88083,237.94302,661375.75,493935.5,15.199999,15.199999,70.0,199.11003,40.56929,17
2025-01-18 16:00:00+00:00,13.0,20.5175,14.1675,16.721668,18.876368,13.177618,15.352187,39274.812,35116.38,1.4000001,1.4000001,7.0,22.366402,42.12,356.28964,13.23,2.3326576,284.6025,253.29521,700650.56,529051.9,16.599998,16.599998,77.0,212.34003,42.901947,18
2025-01-19 16:00:00+00:00,13.0,21.2175,11.9175,16.284164,22.235214,11.133179,15.6429825,39325.402,35739.273,0.0,0.0,0.0,16.575644,28.08,352.3962,15.93,2.8192194,300.88666,268.9382,739975.94,564791.1,16.599998,16.599998,77.0,228.27002,45.721165,19
2025-01-20 16:00:00+00:00,13.0,21.567501,11.8175,16.33,22.404325,10.578896,15.981635,39377.14,35746.473,0.0,0.0,0.0,11.833546,23.759998,346.30453,16.37,2.8544085,317.21664,284.91983,779353.06,600537.6,16.599998,16.599998,77.0,244.64001,48.575573,20
2025-01-21 16:00:00+00:00,13.0,21.567501,13.2175,17.013334,21.96717,13.060165,16.98456,39429.97,35682.26,1.2,1.2,7.0,15.137133,25.919998,347.4042,12.87,2.3417592,334.22998,301.9044,818783.0,636219.9,17.8,17.8,84.0,257.51,50.91733,21
2025-01-22 16:00:00+00:00,13.0,22.817501,15.4675,17.979998,21.432238,14.665131,17.091703,39483.812,35152.566,0.9000001,0.9000001,7.0,23.226276,40.68,358.13574,16.02,2.8777215,352.21,318.9961,858266.8,671372.44,18.699999,18.699999,91.0,273.53,53.79505,22
2025-01-23 16:00:00+00:00,13.0,22.817501,14.3175,17.840416,23.539011,12.959131,17.413452,39538.605,35937.37,0.0,0.0,0.0,17.11515,28.8,353.26624,15.63,2.880974,370.0504,336.40955,897805.44,707309.8,18.699999,18.699999,91.0,289.16,56.676025,23
2025-01-24 16:00:00+00:00,13.0,23.067501,13.4175,17.421665,24.423813,13.117016,17.205774,39594.273,35952.906,0.0,0.0,0.0,19.281015,33.48,355.75723,16.87,2.9703813,387.47208,353.61533,937399.7,743262.75,18.699999,18.699999,91.0,306.03,59.646408,24
2025-01-25 16:00:00+00:00,13.0,21.317501,14.6675,16.938334,20.614214,10.840769,15.250301,39650.766,35743.55,0.0,0.0,0.0,30.960526,56.88,357.00003,15.19,2.8561347,404.4104,368.86563,977050.44,779006.3,18.699999,18.699999,91.0,321.22,62.502544,25
2025-01-26 16:00:00+00:00,13.0,14.0675,11.9175,12.815417,10.297651,6.579239,8.039649,39708.023,10891.07,1.4000001,1.4000001,7.0,36.568363,62.279995,0.49235222,4.94,2.0219162,417.22583,376.90527,1016758.44,789897.4,20.099998,20.099998,98.0,326.16,64.52446,26
2025-01-27 16:00:00+00:00,13.0,18.3675,11.5675,14.159167,14.952206,6.984071,10.326945,39766.555,35822.066,0.0,0.0,0.0,24.306,42.48,359.36072,15.51,3.7062702,431.385,387.2322,1056525.0,825719.44,20.099998,20.099998,98.0,341.67,68.23073,27
2025-01-28 16:00:00+00:00,13.0,19.0175,12.4175,15.121665,18.309988,9.7924385,13.296178,39826.58,35142.695,0.0,0.0,0.0,13.321216,22.319998,348.78198,15.41,3.045973,446.50668,400.52838,1096351.6,860862.1,20.099998,20.099998,98.0,357.08002,71.2767,28
2025-01-29 16:00:00+00:00,13.0,20.8675,10.3175,16.07375,21.250511,9.182622,15.266261,39888.01,36234.965,0.0,0.0,0.0,11.879999,20.880001,335.49176,17.78,3.1474872,462.58044,415.79465,1136239.6,897097.06,20.099998,20.099998,98.0,374.86002,74.42419,29
2025-01-30 16:00:00+00:00,13.0,19.3675,12.3175,16.327919,18.863228,11.385754,15.955424,39950.77,17838.52,3.6999998,3.6999998,11.0,13.523978,25.56,343.8107,6.21,1.4854354,478.90836,431.75006,1176190.4,914935.56,23.8,23.8,109.0,381.07,75.90962,30
2025-01-31 16:00:00+00:00,13.0,23.7175,15.9175,19.046667,23.941305,15.441658,18.8505,40014.766,35207.934,8.099999,8.099999,22.0,18.627172,37.079998,353.9567,13.05,2.5785944,497.95502,450.60056,1216205.1,950143.5,31.899998,31.899998,131.0,394.12,78.48822,31
2025-02-01 16:00:00+00:00,13.0,22.7175,16.0175,18.37375,24.135693,14.838806,17.97658,40079.914,36313.34,3.8999994,3.8999994,17.0,19.206936,34.56,349.54056,17.87,3.041047,516.3288,468.57715,1256285.0,986456.8,35.799995,35.799995,148.0,411.99,81.52927,32
2025-02-02 16:00:00+00:00,13.0,18.567501,12.617499,15.696667,16.081652,8.658485,13.15453,40146.133,36031.27,3.0,3.0,15.0,31.868137,57.239998,356.32712,15.14,2.5119922,532.02545,481.7317,1296431.1,1022488.06,38.799995,38.799995,163.0,427.13,84.04126,33
2025-02-03 16:00:00+00:00,13.0,16.8675,12.5675,13.954999,13.893446,8.557858,10.66311,40213.34,31664.674,1.1000001,1.1000001,7.0,27.790623,44.28,357.74097,9.53,2.3865082,545.98047,492.3948,1336644.5,1054152.8,39.899994,39.899994,170.0,436.66,86.427765,34
2025-02-04 16:00:00+00:00,13.0,19.067501,12.3175,15.609168,19.098116,10.573195,14.7655,40281.453,36080.016,0.1,0.1,1.0,10.674773,23.4,334.59067,15.33,2.7119102,561.58966,507.1603,1376926.0,1090232.8,39.999992,39.999992,171.0,451.99,89.13968,35
2025-02-05 16:00:00+00:00,13.0,21.167501,14.117499,17.17375,20.761726,14.190933,16.501654,40350.4,35800.094,0.0,0.0,0.0,17.508179,29.88,342.6168,14.67,2.8637252,578.7634,523.662,1417276.4,1126032.9,39.999992,39.999992,171.0,466.66,92.0034,36
2025-02-06 16:00:00+00:00,13.0,20.667501,13.1675,16.390417,19.125305,8.4688,13.689777,40420.09,36503.113,0.2,0.2,2.0,31.631382,54.36,354.49637,18.44,3.3295045,595.1539,537.35175,1457696.5,1162536.0,40.199993,40.199993,173.0,485.1,95.33291,37
2025-02-07 16:00:00+00:00,13.0,16.1175,11.2675,13.429997,13.166239,7.222062,9.564858,40490.46,36168.133,2.3999999,2.3999999,17.0,26.302181,48.96,355.64386,15.07,2.9657385,608.58386,546.9166,1498187.0,1198704.1,42.599995,42.599995,190.0,500.17,98.298645,38
2025-02-08 16:00:00+00:00,13.0,17.667501,11.4175,13.673749,16.181133,8.14386,11.177058,40561.426,36048.81,1.3000002,1.3000002,10.0,18.595839,34.92,355.54056,15.44,2.7843301,622.2576,558.0937,1538748.4,1234752.9,43.899994,43.899994,200.0,515.61,101.08298,39
2025-02-09 16:00:00+00:00,13.0,20.2675,10.867499,15.134166,20.109615,9.180587,13.9371195,40632.914,37291.875,0.2,0.2,2.0,13.934604,25.199999,352.14676,19.06,3.2304523,637.3918,572.0308,1579381.2,1272044.8,44.099995,44.099995,202.0,534.67,104.31343,40
2025-02-10 16:00:00+00:00,13.0,22.317501,10.867499,16.725832,22.267576,9.157401,15.935802,40704.855,36607.18,0.0,0.0,0.0,15.151039,27.72,345.05542,18.45,3.3609042,654.1176,587.9666,1620086.1,1308651.9,44.099995,44.099995,202.0,553.12,107.67433,41
2025-02-11 16:00:00+00:00,13.0,18.9675,16.2175,17.557081,19.943876,15.461985,17.682768,40777.17,0.0,33.399998,33.399998,24.0,20.746902,28.8,350.72815,2.18,0.69938606,671.6747,605.64935,1660863.2,1308651.9,77.49999,77.49999,226.0,555.3,108.37372,42
2025-02-12 16:00:00+00:00,13.0,17.667501,15.4175,16.482084,16.895222,13.703606,15.154384,40849.79,0.0,28.9,28.9,24.0,28.783117,41.760002,353.49673,2.89,0.82808906,688.15674,620.8037,1701713.0,1308651.9,106.399994,106.399994,250.0,558.19,109.201805,43
2025-02-13 16:00:00+00:00,13.0,19.2675,15.5175,17.094584,19.109491,14.671482,16.78833,40922.652,2951.0818,4.3,4.3,15.0,15.3264475,27.359999,346.73056,5.94,1.278267,705.25134,637.59204,1742635.6,1311603.0,110.7,110.7,265.0,564.13,110.48007,44
2025-02-14 16:00:00+00:00,13.0,23.317501,15.4675,18.76125,25.141275,14.950405,19.242748,40995.676,37675.98,0.2,0.2,1.0,17.66753,27.359999,344.09155,18.36,3.0563333,724.0126,656.8348,1783631.2,1349279.0,110.899994,110.899994,266.0,582.49,113.53641,45
2025-02-15 16:00:00+00:00,13.0,24.0175,14.7675,18.582083,25.352182,13.898813,18.450583,41068.81,37965.375,0.0,0.0,0.0,21.145977,37.44,351.48804,20.13,3.3979664,742.59467,675.28534,1824700.0,1387244.4,110.899994,110.899994,266.0,602.62,116.93437,46
2025-02-16 16:00:00+00:00,13.0,23.890999,15.240999,18.720165,24.82355,15.090439,18.84521,41148.453,35655.418,0.0,0.0,0.0,11.435313,20.519999,349.19266,15.76,3.014945,761.3148,694.13055,1865848.5,1422899.8,110.899994,110.899994,266.0,618.38,119.94932,47
2025-02-17 16:00:00+00:00,13.0,22.441,14.740999,17.384752,21.65744,13.683527,16.096827,41222.98,35246.676,0.0,0.0,0.0,24.609364,42.12,359.73788,16.97,3.1253548,778.6996,710.22736,1907071.5,1458146.4,110.899994,110.899994,266.0,635.35,123.07468,48
2025-02-18 16:00:00+00:00,13.0,23.191,14.341,17.605581,24.594847,13.95512,17.02717,41298.344,33877.574,0.0,0.0,0.0,21.288757,37.079998,349.3219,18.58,3.4394944,796.3052,727.2545,1948369.9,1492024.0,110.899994,110.899994,266.0,653.93,126.51417,49
2025-02-19 16:00:00+00:00,13.0,22.541,15.240999,17.70975,22.550755,14.719168,17.030764,41374.473,31252.057,0.0,0.0,0.0,22.505037,38.16,359.514,16.77,2.9156365,814.01495,744.2853,1989744.4,1523276.0,110.899994,110.899994,266.0,670.7,129.42981,50
2025-02-20 16:00:00+00:00,13.0,22.491,14.990999,17.434752,20.960161,13.074219,15.475419,41451.31,34492.92,0.0,0.0,0.0,32.072342,56.16,2.26342,18.64,3.277909,831.4497,759.7607,2031195.6,1557768.9,110.899994,110.899994,266.0,689.34,132.70772,51
2025-02-21 16:00:00+00:00,13.0,23.991,13.441,17.545166,25.46333,12.394651,16.784613,41528.77,36181.5,0.0,0.0,0.0,22.101183,38.16,355.8094,19.73,3.5724623,848.9949,776.5453,2072724.4,1593950.4,110.899994,110.899994,266.0,709.07,136.28018,52
2025-02-22 16:00:00+00:00,13.0,18.491,14.591,16.180582,16.129068,11.924341,13.765033,41606.793,9075.098,0.2,0.0,1.0,30.599998,55.079998,3.9120774,9.13,1.9733601,865.1755,790.3103,2114331.2,1603025.5,111.09999,110.899994,267.0,718.2,138.25354,53
2025-02-23 16:00:00+00:00,13.0,20.890999,13.691,16.120165,18.936457,10.942688,13.852791,41685.305,33528.76,0.0,0.0,0.0,24.144165,42.839996,1.2719226,17.38,3.366901,881.29565,804.1631,2156016.5,1636554.2,111.09999,110.899994,267.0,735.58,141.62044,54
2025-02-24 16:00:00+00:00,13.0,21.941,11.641,16.1535,22.057945,11.004007,15.470012,41764.246,37587.426,0.0,0.0,0.0,19.592731,33.839996,347.11536,19.57,3.3828921,897.44916,819.6331,2197780.8,1674141.6,111.09999,110.899994,267.0,755.15,145.00333,55
2025-02-25 16:00:00+00:00,13.0,23.041,13.341,17.278498,23.260017,13.099762,16.944445,41843.55,34434.55,0.0,0.0,0.0,20.06334,39.239998,351.50235,16.72,2.9588695,914.72766,836.5776,2239624.2,1708576.1,111.09999,110.899994,267.0,771.87,147.96219,56
2025-02-26 16:00:00+00:00,13.0,24.441,15.990999,19.059752,24.119955,15.805595,18.849272,41923.145,34135.87,0.0,0.0,0.0,22.314194,38.16,354.84106,16.79,3.2481275,933.7874,855.4268,2281547.5,1742712.0,111.09999,110.899994,267.0,788.66,151.21031,57
2025-02-27 16:00:00+00:00,13.0,27.191,15.191,20.376417,28.034473,16.118858,20.815418,42002.973,38819.48,0.0,0.0,0.0,19.586117,34.2,350.22354,20.49,4.1797466,954.1638,876.24225,2323550.5,1781531.5,111.09999,110.899994,267.0,809.14996,155.39006,58
2025-02-28 16:00:00+00:00,13.0,26.291,17.041,20.641,28.15372,17.376719,21.874163,42082.97,31739.58,0.0,0.0,0.0,14.336861,25.199999,339.88596,16.79,3.222471,974.8048,898.1164,2365633.5,1813271.1,111.09999,110.899994,267.0,825.93994,158.61253,59
2025-03-01 16:00:00+00:00,13.0,29.567001,18.541,23.446836,29.837612,20.283222,24.824469,42163.066,34807.61,0.0,0.0,0.0,13.551501,10.799999,323.31757,14.88,3.2904236,998.25165,922.94086,2407796.5,1848078.8,111.09999,110.899994,267.0,840.81995,161.90295,60
2025-03-02 16:00:00+00:00,13.0,31.867,22.467001,26.602417,33.84801,23.69004,28.001816,42243.207,39600.453,0.0,0.0,0.0,18.844202,22.319998,239.8314,22.64,5.40094,1024.854,950.9427,2450039.8,1887679.2,111.09999,110.899994,267.0,863.45996,167.3039,61
2025-03-03 16:00:00+00:00,13.0,33.067,23.867,27.423254,33.275356,26.524721,29.042856,42323.33,39683.14,0.6,0.0,3.0,22.322903,24.84,223.30287,21.23,5.5362105,1052.2772,979.98553,2492363.0,1927362.4,111.69999,110.899994,270.0,884.68994,172.8401,62
2025-03-04 16:00:00+00:00,13.0,30.417,22.167,25.931585,31.963524,23.643694,27.607872,42403.37,39765.613,1.2000002,0.0,9.0,20.674156,18.0,339.81668,22.38,5.1889553,1078.2089,1007.5934,2534766.2,1967128.0,112.89999,110.899994,279.0,907.06995,178.02905,63
2025-03-05 16:00:00+00:00,13.0,21.767,16.167,18.71075,23.977184,14.382845,18.40693,42483.27,3308.6328,3.3000002,0.9,12.0,19.839235,28.8,350.68802,4.1,1.4751344,1096.9196,1026.0004,2577249.5,1970436.6,116.19999,111.799995,291.0,911.1699,179.50418,64
2025-03-06 16:00:00+00:00,13.0,20.917,16.167,17.712835,19.74685,13.49333,16.428791,42562.96,31853.514,0.0,0.0,0.0,20.523155,27.0,345.2884,8.49,2.4056108,1114.6324,1042.4292,2619812.5,2002290.1,116.19999,111.799995,291.0,919.6599,181.90979,65
2025-03-07 16:00:00+00:00,13.0,21.867,14.516999,17.121164,21.381235,12.539841,15.279213,42642.402,37364.082,1.8,1.8,6.0,23.023119,28.44,355.49615,16.93,3.6395628,1131.7537,1057.7084,2662455.0,2039654.2,117.99999,113.6,297.0,936.5899,185.54935,66
2025-03-08 16:00:00+00:00,13.0,24.067001,14.766999,18.210754,23.23748,13.591677,17.017057,42722.098,38331.066,1.2,1.2,3.0,26.208395,28.8,354.86368,22.68,4.276013,1149.9644,1074.7255,2705177.0,2077985.4,119.19999,114.799995,300.0,959.2699,189.82536,67
2025-03-09 16:00:00+00:00,13.0,25.967001,16.767,,27.669413,16.651014,,42802.297,,,,0.0,19.681828,20.16,,,,,,2747979.2,,,,300.0,,,68
