date,elevation,temperature_2m_max,temperature_2m_min,temperature_2m_mean,apparent_temperature_max,apparent_temperature_min,apparent_temperature_mean,daylight_duration,sunshine_duration,precipitation_sum,rain_sum,precipitation_hours,wind_speed_10m_max,wind_gusts_10m_max,wind_direction_10m_dominant,shortwave_radiation_sum,et0_fao_evapotranspiration,cumulative_temperature_2m_mean,cumulative_apparent_temperature_mean,cumulative_daylight_duration,cumulative_sunshine_duration,cumulative_precipitation_sum,cumulative_rain_sum,cumulative_precipitation_hours,cumulative_shortwave_radiation_sum,cumulative_et0_fao_evapotranspiration,day
2025-01-01 16:00:00+00:00,161.0,17.213501,15.1635,16.138502,15.550589,13.027271,14.436134,38313.21,3012.1948,6.299999,6.299999,10.0,25.344229,48.6,37.625603,3.28,1.0734059,16.138502,14.436134,38313.21,3012.1948,6.299999,6.299999,10.0,3.28,1.0734059,1
2025-01-02 16:00:00+00:00,161.0,15.513499,13.9135,14.661416,12.749458,9.841942,10.781045,38337.598,17486.582,0.0,0.0,0.0,31.20444,61.199997,46.058548,6.68,2.0840938,30.79992,25.217178,76650.81,20498.777,6.299999,6.299999,10.0,9.96,3.1574998,2
2025-01-03 16:00:00+00:00,161.0,20.1135,13.313499,16.528084,17.300446,9.656728,13.593844,38363.777,35435.047,0.0,0.0,0.0,27.358225,55.079998,57.98163,12.84,3.1684363,47.328003,38.811024,115014.59,55933.824,6.299999,6.299999,10.0,22.8,6.3259363,3
2025-01-04 16:00:00+00:00,161.0,18.713501,14.063499,15.959334,19.1126,14.445745,16.108883,38391.727,25941.69,0.70000005,0.70000005,6.0,17.490591,32.039997,8.681038,7.81,1.3015691,63.28734,54.919907,153406.31,81875.516,6.999999,6.999999,16.0,30.609999,7.6275053,4
2025-01-05 16:00:00+00:00,161.0,16.6635,12.813499,14.788501,14.7776165,8.441416,11.828244,38421.41,35498.324,0.0,0.0,0.0,26.640608,55.44,49.26885,14.87,2.7482214,78.075836,66.74815,191827.72,117373.84,6.999999,6.999999,16.0,45.48,10.375727,5
2025-01-06 16:00:00+00:00,161.0,17.4135,11.9635,14.184334,14.105438,7.5615416,10.588066,38452.816,35532.832,0.0,0.0,0.0,25.513054,48.239998,51.85313,13.05,2.9906154,92.26017,77.33622,230280.53,152906.67,6.999999,6.999999,16.0,58.53,13.366343,6
2025-01-07 16:00:00+00:00,161.0,18.463501,13.3635,15.555167,17.180334,11.056443,13.891988,38486.26,34318.918,0.0,0.0,0.0,17.38934,34.56,45.395435,12.29,2.3656633,107.81534,91.22821,268766.78,187225.6,6.999999,6.999999,16.0,70.82,15.732006,7
2025-01-08 16:00:00+00:00,161.0,14.763499,11.1135,13.588498,12.5604515,6.18246,9.922461,38521.855,30138.896,0.5,0.5,5.0,29.02078,57.96,46.854813,7.93,1.9582975,121.40384,101.15067,307288.62,217364.48,7.499999,7.499999,21.0,78.75,17.690304,8
2025-01-09 16:00:00+00:00,161.0,11.6635,9.8635,10.70725,6.0638485,4.712144,5.4405937,38559.53,14739.747,0.5,0.5,5.0,31.183668,61.56,47.240417,6.17,1.9560459,132.11108,106.59126,345848.16,232104.23,7.999999,7.999999,26.0,84.92,19.646349,9
2025-01-10 16:00:00+00:00,161.0,13.9135,10.563499,11.707249,9.32087,6.140726,7.3995986,38599.203,26715.223,0.70000005,0.70000005,6.0,27.228233,52.56,42.92113,8.17,2.0762904,143.81833,113.99086,384447.38,258819.45,8.699999,8.699999,32.0,93.09,21.72264,10
2025-01-11 16:00:00+00:00,161.0,14.563499,10.263499,11.967666,10.560475,6.463887,7.978916,38640.797,35613.957,0.1,0.1,1.0,22.034382,45.719997,44.66191,14.7,2.8922424,155.786,121.96977,423088.2,294433.4,8.799999,8.799999,33.0,107.78999,24.614882,11
2025-01-12 16:00:00+00:00,161.0,18.713501,9.9635,13.873917,16.321386,6.7834263,11.007556,38684.227,35615.168,0.0,0.0,0.0,19.046858,42.12,55.612507,16.05,3.1222095,169.65991,132.97733,461772.4,330048.56,8.799999,8.799999,33.0,123.84,27.737091,12
2025-01-13 16:00:00+00:00,161.0,19.5135,10.013499,14.91975,19.451065,8.838787,14.512867,38729.42,35617.78,0.0,0.0,0.0,10.055864,21.96,328.7701,15.46,2.5063996,184.57967,147.49019,500501.8,365666.34,8.799999,8.799999,33.0,139.3,30.24349,13
2025-01-14 16:00:00+00:00,161.0,15.063499,10.4135,12.942665,15.645075,5.1355886,9.807954,38776.3,1329.654,4.2999997,4.2999997,16.0,31.065517,62.279995,39.655754,3.56,1.0632871,197.52234,157.29814,539278.1,366996.0,13.099998,13.099998,49.0,142.86,31.306778,14
2025-01-15 16:00:00+00:00,161.0,14.813499,10.1135,11.696834,10.206938,4.9560003,7.0767255,38824.79,33309.695,0.0,0.0,0.0,29.180548,60.479996,44.25759,12.22,2.6023161,209.21918,164.37486,578102.94,400305.7,13.099998,13.099998,49.0,155.08,33.909096,15
2025-01-16 16:00:00+00:00,161.0,15.4635,11.063499,12.711418,10.918066,6.6297283,8.325326,38874.805,35633.973,0.0,0.0,0.0,27.704216,55.8,45.38191,13.54,2.955267,221.9306,172.7002,616977.75,435939.66,13.099998,13.099998,49.0,168.62,36.864365,16
2025-01-17 16:00:00+00:00,161.0,18.9135,11.513499,15.148918,17.527262,8.949501,13.63197,38926.273,27731.146,0.6,0.6,3.0,16.994516,31.319998,45.445404,9.52,2.0376499,237.07953,186.33217,655904.0,463670.8,13.699999,13.699999,52.0,178.14,38.902016,17
2025-01-18 16:00:00+00:00,161.0,15.813499,13.1635,14.667668,15.434128,11.02718,13.57463,38979.12,27980.361,6.1999993,6.1999993,16.0,17.892578,36.719997,31.01536,8.35,1.3427575,251.7472,199.9068,694883.1,491651.2,19.899998,19.899998,68.0,186.49,40.244774,18
2025-01-19 16:00:00+00:00,161.0,18.6135,12.263499,14.80725,16.254599,9.595996,12.046802,39033.277,35662.766,0.0,0.0,0.0,24.713154,51.48,48.88835,15.24,3.004941,266.55444,211.9536,733916.4,527313.94,19.899998,19.899998,68.0,201.73001,43.249714,19
2025-01-20 16:00:00+00:00,161.0,20.3635,12.513499,16.123917,18.879086,9.950378,14.047127,39088.66,35675.17,0.0,0.0,0.0,19.229694,41.760002,55.702557,15.95,3.1838992,282.67834,226.00073,773005.06,562989.1,19.899998,19.899998,68.0,217.68001,46.433613,20
2025-01-21 16:00:00+00:00,161.0,19.213501,12.6135,16.040583,19.228064,11.871523,16.066168,39145.195,33534.395,0.0,0.0,0.0,10.132897,18.72,289.8553,10.91,1.8737622,298.71893,242.0669,812150.25,596523.5,19.899998,19.899998,68.0,228.59001,48.307377,21
2025-01-22 16:00:00+00:00,161.0,17.5135,14.263499,15.388499,17.000736,12.643045,15.006528,39202.824,34151.234,0.90000004,0.90000004,7.0,16.056362,30.960001,24.667082,11.8,1.77607,314.10742,257.07343,851353.06,630674.75,20.799997,20.799997,75.0,240.39001,50.083447,22
2025-01-23 16:00:00+00:00,161.0,18.713501,14.4135,16.384333,16.51124,12.854977,14.764409,39261.46,33821.72,0.0,0.0,0.0,25.200642,47.88,39.008564,10.91,1.9175436,330.49176,271.83783,890614.5,664496.5,20.799997,20.799997,75.0,251.30002,52.00099,23
2025-01-24 16:00:00+00:00,161.0,18.4135,15.1635,16.284332,15.87108,13.349266,14.2730255,39321.04,34671.168,0.0,0.0,0.0,26.14713,51.48,38.554604,11.21,1.980189,346.7761,286.11084,929935.56,699167.7,20.799997,20.799997,75.0,262.51,53.981182,24
2025-01-25 16:00:00+00:00,161.0,17.463501,11.4635,14.717668,14.776199,8.323887,12.142899,39381.492,32131.959,4.8,4.8,10.0,26.129774,50.76,29.798534,9.28,1.7053487,361.49377,298.25372,969317.06,731299.6,25.599998,25.599998,85.0,271.79,55.68653,25
2025-01-26 16:00:00+00:00,161.0,11.1635,8.1635,9.238499,7.69456,3.3528934,4.60665,39442.758,18362.729,10.3,10.3,14.0,27.51646,53.639996,38.648544,7.25,1.4466473,370.73227,302.86038,1008759.8,749662.4,35.899998,35.899998,99.0,279.04,57.13318,26
2025-01-27 16:00:00+00:00,161.0,15.263499,8.313499,11.223918,10.872909,3.0910149,6.568291,39505.383,35804.246,0.0,0.0,0.0,26.87491,56.88,50.91592,17.05,3.4778419,381.95618,309.42868,1048265.2,785466.6,35.899998,35.899998,99.0,296.09,60.61102,27
2025-01-28 16:00:00+00:00,161.0,16.813501,9.6135,12.801,13.371689,5.470048,8.953358,39569.605,35975.32,0.0,0.0,0.0,23.962318,50.399998,57.721413,16.82,3.3883793,394.75717,318.38205,1087834.8,821441.94,35.899998,35.899998,99.0,312.91,63.999397,28
2025-01-29 16:00:00+00:00,161.0,19.7635,9.3635,14.655167,19.828823,7.6942635,13.565995,39635.34,35999.387,0.0,0.0,0.0,13.397612,27.359999,69.43523,16.83,2.8741455,409.41235,331.94806,1127470.1,857441.3,35.899998,35.899998,99.0,329.74,66.87354,29
2025-01-30 16:00:00+00:00,161.0,18.713501,11.2135,15.190585,19.230192,9.852038,15.072375,39702.477,19804.445,0.4,0.4,4.0,7.9526596,16.919998,153.54167,6.64,1.3077743,424.60294,347.02045,1167172.6,877245.75,36.3,36.3,103.0,336.38,68.18132,30
2025-01-31 16:00:00+00:00,161.0,20.5135,15.8635,17.81975,21.246763,14.152586,18.015985,39770.94,29952.914,3.1000001,3.1000001,17.0,23.113008,42.839996,37.863594,8.71,1.5719956,442.4227,365.03644,1206943.6,907198.7,39.399998,39.399998,120.0,345.09,69.75332,31
2025-02-01 16:00:00+00:00,161.0,16.9135,14.7135,15.636417,15.144663,12.44512,13.810669,39840.633,23026.627,2.6999998,2.6999998,16.0,22.159746,43.56,36.186005,8.35,1.5521277,458.0591,378.8471,1246784.2,930225.3,42.1,42.1,136.0,353.44,71.30544,32
2025-02-02 16:00:00+00:00,161.0,14.6135,10.513499,12.321834,12.466942,5.9133053,8.75397,39911.46,782.19934,7.2000003,7.2000003,23.0,27.643335,52.199997,34.973495,3.58,1.0387557,470.38095,387.60107,1286695.8,931007.5,49.3,49.3,159.0,357.02,72.3442,33
2025-02-03 16:00:00+00:00,161.0,13.763499,9.1635,11.042667,9.176173,4.1817293,6.1275864,39983.348,36000.0,1.8000001,1.8000001,7.0,29.734888,58.32,46.02,14.44,2.7790973,481.4236,393.72867,1326679.1,967007.5,51.1,51.1,166.0,371.46,75.1233,34
2025-02-04 16:00:00+00:00,161.0,17.313501,10.7135,13.771834,15.725296,6.904402,11.250455,40056.2,36218.598,0.0,0.0,0.0,18.171976,38.16,54.204792,15.17,2.9232032,495.19543,404.97913,1366735.4,1003226.1,51.1,51.1,166.0,386.63,78.0465,35
2025-02-05 16:00:00+00:00,161.0,18.1135,12.263499,15.367665,17.198652,11.119622,14.485851,40129.938,22895.836,0.0,0.0,0.0,13.493999,25.199999,50.362034,8.3,1.6800064,510.5631,419.46497,1406865.2,1026121.94,51.1,51.1,166.0,394.93,79.72651,36
2025-02-06 16:00:00+00:00,161.0,15.1635,9.563499,12.759334,14.269833,4.0184536,9.094121,40204.473,18715.596,4.099999,4.099999,21.0,32.219498,62.279995,40.263584,5.84,1.435576,523.32245,428.55908,1447069.8,1044837.56,55.199997,55.199997,187.0,400.77,81.16209,37
2025-02-07 16:00:00+00:00,161.0,9.4635,8.1135,8.763499,3.5777879,1.999506,2.715493,40279.72,6662.807,0.9000001,0.9000001,9.0,33.983788,65.88,47.067955,6.35,1.9237067,532.08594,431.27457,1487349.5,1051500.4,56.1,56.1,196.0,407.12,83.08579,38
2025-02-08 16:00:00+00:00,161.0,13.763499,8.813499,11.028084,8.700308,3.5948877,6.146847,40355.61,32515.863,0.0,0.0,0.0,30.10685,59.76,45.083637,12.72,2.6865869,543.114,437.42142,1527705.1,1084016.2,56.1,56.1,196.0,419.84,85.77238,39
2025-02-09 16:00:00+00:00,161.0,18.463501,10.9135,14.325999,17.382349,7.7626524,12.047569,40432.055,36608.844,0.0,0.0,0.0,18.72173,37.44,46.879635,17.19,3.1124375,557.44,449.469,1568137.1,1120625.1,56.1,56.1,196.0,437.03,88.88481,40
2025-02-10 16:00:00+00:00,161.0,20.563501,10.6135,16.063501,21.022488,9.514507,16.039335,40508.973,36505.766,0.0,0.0,0.0,10.630672,23.039999,3.3362653,18.31,3.02385,573.5035,465.50833,1608646.1,1157130.9,56.1,56.1,196.0,455.34,91.90866,41
2025-02-11 16:00:00+00:00,161.0,18.963501,14.9635,17.242666,20.882952,15.464561,18.254549,40586.293,0.0,25.300001,25.300001,20.0,21.416975,50.039997,40.80716,3.06,0.694645,590.74615,483.76288,1649232.4,1157130.9,81.4,81.4,216.0,458.4,92.60331,42
2025-02-12 16:00:00+00:00,161.0,15.563499,13.3635,14.542666,13.284687,10.51255,11.435105,40663.938,308.4359,30.300001,30.300001,14.0,27.939455,57.239998,48.374886,4.77,1.296096,605.2888,495.198,1689896.2,1157439.2,111.700005,111.700005,230.0,463.16998,93.89941,43
2025-02-13 16:00:00+00:00,161.0,20.4135,14.4635,17.103083,20.128454,11.767174,16.413929,40741.83,36392.81,0.0,0.0,0.0,21.964426,39.6,41.34076,13.05,2.397997,622.3919,511.61194,1730638.1,1193832.0,111.700005,111.700005,230.0,476.21997,96.2974,44
2025-02-14 16:00:00+00:00,161.0,21.0135,14.7135,17.990585,23.463102,14.811068,19.283358,40819.895,36721.51,0.0,0.0,0.0,10.874742,22.68,9.9469185,17.71,2.827281,640.3825,530.8953,1771458.0,1230553.5,111.700005,111.700005,230.0,493.92996,99.12468,45
2025-02-15 16:00:00+00:00,161.0,19.6135,14.563499,16.7885,18.830305,13.503435,16.074907,40898.08,33722.074,0.1,0.1,1.0,22.355536,43.199997,41.383762,14.15,2.3148553,657.171,546.9702,1812356.1,1264275.6,111.8,111.8,231.0,508.07996,101.43954,46
2025-02-16 16:00:00+00:00,161.0,21.432499,14.2325,17.115831,18.814997,10.579553,14.59427,40970.973,36833.3,0.0,0.0,0.0,26.496098,56.16,52.258297,19.8,4.1085973,674.28687,561.5645,1853327.1,1301108.9,111.8,111.8,231.0,527.87994,105.548134,47
2025-02-17 16:00:00+00:00,161.0,16.932499,14.632501,15.549167,15.131542,11.958916,13.495027,41051.016,18299.363,0.5,0.0,5.0,22.077717,45.719997,43.284237,8.49,2.000207,689.83606,575.0596,1894378.1,1319408.2,112.3,111.8,236.0,536.36993,107.54834,48
2025-02-18 16:00:00+00:00,161.0,20.182499,14.2825,16.776249,19.174189,12.418488,15.846107,41131.953,29235.428,0.2,0.0,2.0,17.057314,37.079998,44.234615,10.41,2.249017,706.6123,590.9057,1935510.1,1348643.6,112.5,111.8,238.0,546.7799,109.797356,49
2025-02-19 16:00:00+00:00,161.0,20.4825,13.3325,16.609585,21.040758,13.655422,17.244225,41213.715,29155.477,0.0,0.0,0.0,10.661107,21.24,10.969752,10.15,1.8032494,723.22186,608.1499,1976723.9,1377799.1,112.5,111.8,238.0,556.92993,111.6006,50
2025-02-20 16:00:00+00:00,161.0,15.882501,13.6825,14.730416,15.509926,11.147385,12.73394,41296.22,2303.8875,0.1,0.1,1.0,24.703974,50.399998,37.27938,5.31,1.2675068,737.9523,620.88385,2018020.1,1380103.0,112.6,111.9,239.0,562.2399,112.86811,51
2025-02-21 16:00:00+00:00,161.0,21.0325,14.0825,16.619999,20.321129,11.996124,15.199939,41379.402,33295.414,0.2,0.0,2.0,21.38897,46.8,41.73709,14.21,2.681224,754.57227,636.0838,2059399.5,1413398.4,112.799995,111.9,241.0,576.44995,115.54933,52
2025-02-22 16:00:00+00:00,161.0,14.4325,13.132501,13.92625,14.124325,9.423485,12.0581665,41463.18,0.0,9.7,9.7,12.0,25.076267,52.199997,34.574284,2.78,0.8168531,768.49854,648.14197,2100862.8,1413398.4,122.49999,121.6,253.0,579.23,116.36619,53
2025-02-23 16:00:00+00:00,161.0,14.5825,11.7325,12.915837,9.984938,8.081326,8.908162,41547.48,30660.91,0.0,0.0,0.0,30.319178,65.159996,44.06254,11.73,2.3414202,781.41437,657.0501,2142410.2,1444059.2,122.49999,121.6,253.0,590.95996,118.70761,54
2025-02-24 16:00:00+00:00,161.0,20.3825,10.9825,15.057499,20.570353,9.760954,14.876389,41632.24,36000.0,0.0,0.0,0.0,11.720751,30.599998,8.874073,15.25,2.561642,796.47186,671.9265,2184042.5,1480059.2,122.49999,121.6,253.0,606.20996,121.26926,55
2025-02-25 16:00:00+00:00,161.0,17.6325,11.9825,15.267919,16.312252,11.820747,14.792449,41717.38,9578.316,0.0,0.0,0.0,20.696087,43.56,41.36968,9.91,1.5623974,811.7398,686.71893,2225760.0,1489637.6,122.49999,121.6,253.0,616.11993,122.83166,56
2025-02-26 16:00:00+00:00,161.0,18.6325,14.0325,16.153334,20.07914,14.488058,17.261707,41802.836,8328.932,0.3,0.3,3.0,5.937272,20.16,5.8471384,6.57,1.1723222,827.8931,703.98065,2267562.8,1497966.5,122.799995,121.9,256.0,622.68994,124.00398,57
2025-02-27 16:00:00+00:00,161.0,22.332499,12.9825,17.7075,25.570873,13.089394,19.207539,41888.535,38245.63,0.0,0.0,0.0,10.00256,23.039999,8.180126,17.98,2.9767013,845.60065,723.1882,2309451.2,1536212.1,122.799995,121.9,256.0,640.6699,126.98068,58
2025-02-28 16:00:00+00:00,161.0,22.832499,16.182499,18.634583,25.607191,17.633116,20.716005,41974.41,26832.666,0.0,0.0,0.0,7.24486,19.08,285.77197,13.88,2.4341567,864.2352,743.9042,2351425.8,1563044.8,122.799995,121.9,256.0,654.5499,129.41484,59
2025-03-01 16:00:00+00:00,161.0,26.389,16.332499,20.286562,26.994389,18.225176,21.945993,42060.395,34604.645,0.0,0.0,0.0,8.435069,7.5599995,292.6198,15.6,2.9711761,884.5218,765.85016,2393486.2,1597649.4,122.799995,121.9,256.0,670.1499,132.38602,60
2025-03-02 16:00:00+00:00,161.0,26.588999,18.689,21.60775,28.957909,19.95017,23.116026,42146.42,38808.01,0.0,0.0,0.0,9.931042,9.0,23.523216,19.99,3.7789445,906.1295,788.9662,2435632.8,1636457.4,122.799995,121.9,256.0,690.1399,136.16496,61
2025-03-03 16:00:00+00:00,161.0,23.889,18.689,20.730665,25.634596,20.725077,22.79965,42232.42,38758.848,0.0,0.0,0.0,7.2359104,12.959999,290.7091,13.73,2.5164778,926.86017,811.7658,2477865.2,1675216.2,122.799995,121.9,256.0,703.8699,138.68144,62
2025-03-04 16:00:00+00:00,161.0,22.588999,17.289,19.636917,24.366734,16.967127,21.117884,42318.336,39240.99,11.4000025,7.7999997,21.0,15.986593,37.8,20.160318,14.67,2.4991643,946.4971,832.88367,2520183.5,1714457.2,134.2,129.7,277.0,718.53986,141.1806,63
2025-03-05 16:00:00+00:00,161.0,16.889,11.289,13.172334,16.301125,6.5643864,9.445892,42404.094,268.0775,7.499999,7.199999,15.0,32.353966,48.96,37.67273,2.62,1.0807974,959.66943,842.3296,2562587.5,1714725.4,141.7,136.9,292.0,721.15985,142.2614,64
2025-03-06 16:00:00+00:00,161.0,14.988999,11.089,12.347335,12.00029,6.597822,8.829995,42489.633,16638.266,0.6,0.6,6.0,25.772078,46.8,30.707441,5.61,1.7106217,972.0168,851.1596,2605077.2,1731363.6,142.3,137.5,298.0,726.76984,143.97202,65
2025-03-07 16:00:00+00:00,161.0,13.839,10.839,11.7577505,10.5152645,7.959325,8.864887,42574.895,22437.986,4.8,4.8,15.0,23.893261,38.16,33.58127,8.2,1.2607428,983.77454,860.0245,2647652.2,1753801.6,147.1,142.3,313.0,734.96985,145.23276,66
2025-03-08 16:00:00+00:00,161.0,16.689,10.789,12.630668,14.92985,8.574249,10.789883,42660.426,24455.135,2.1,2.1,9.0,18.532135,28.8,28.211895,10.9,1.6399189,996.4052,870.81433,2690312.8,1778256.8,149.20001,144.40001,322.0,745.8699,146.87268,67
2025-03-09 16:00:00+00:00,161.0,20.939,11.238999,,22.591314,9.568182,,42746.496,,,,0.0,10.883676,24.84,,,,,,2733059.2,,,,322.0,,,68
