date,elevation,temperature_2m_max,temperature_2m_min,temperature_2m_mean,apparent_temperature_max,apparent_temperature_min,apparent_temperature_mean,daylight_duration,sunshine_duration,precipitation_sum,rain_sum,precipitation_hours,wind_speed_10m_max,wind_gusts_10m_max,wind_direction_10m_dominant,shortwave_radiation_sum,et0_fao_evapotranspiration,cumulative_temperature_2m_mean,cumulative_apparent_temperature_mean,cumulative_daylight_duration,cumulative_sunshine_duration,cumulative_precipitation_sum,cumulative_rain_sum,cumulative_precipitation_hours,cumulative_shortwave_radiation_sum,cumulative_et0_fao_evapotranspiration,day
2025-01-01 16:00:00+00:00,1.0,17.0765,15.5765,16.482748,17.420876,15.899197,16.69463,38288.64,0.0,12.3,12.3,24.0,16.62444,34.56,19.517857,2.05,0.52148074,16.482748,16.69463,38288.64,0.0,12.3,12.3,24.0,2.05,0.52148074,1
2025-01-02 16:00:00+00:00,1.0,16.3265,14.7265,15.355668,15.5311985,12.64883,13.535885,38313.15,0.0,4.6999993,4.6999993,18.0,22.39608,43.56,25.826696,3.91,1.1887765,31.838417,30.230515,76601.79,0.0,17.0,17.0,42.0,5.96,1.7102573,2
2025-01-03 16:00:00+00:00,1.0,18.0765,14.4765,16.299417,15.533627,11.798656,13.891677,38339.457,27996.508,0.70000005,0.70000005,5.0,23.237434,49.32,91.952225,9.81,2.4178636,48.137833,44.122192,114941.25,27996.508,17.7,17.7,47.0,15.77,4.128121,3
2025-01-04 16:00:00+00:00,1.0,20.626501,15.8265,17.257751,22.090128,14.303919,17.326094,38367.535,27348.72,1.6000001,1.6000001,5.0,19.875944,42.839996,131.39136,8.06,1.5760274,65.395584,61.448288,153308.78,55345.227,19.300001,19.300001,52.0,23.830002,5.7041483,4
2025-01-05 16:00:00+00:00,1.0,16.7765,13.676499,15.234833,15.781527,10.673546,13.140355,38397.363,35471.277,0.0,0.0,0.0,19.45416,40.68,18.892048,12.51,2.3916004,80.63042,74.588646,191706.14,90816.5,19.300001,19.300001,52.0,36.340004,8.095749,5
2025-01-06 16:00:00+00:00,1.0,15.2765,12.9765,13.891084,12.466967,9.978231,11.1593895,38428.918,25667.207,0.3,0.3,3.0,19.443333,38.16,71.50668,9.47,2.1620247,94.5215,85.74803,230135.06,116483.7,19.6,19.6,55.0,45.810005,10.257773,6
2025-01-07 16:00:00+00:00,1.0,16.5765,12.5265,14.739001,15.741846,11.278857,13.632316,38462.523,16219.118,2.6000001,2.6000001,16.0,15.991659,31.319998,75.643196,7.5,1.3606029,109.2605,99.38035,268597.6,132702.83,22.2,22.2,71.0,53.310005,11.618376,7
2025-01-08 16:00:00+00:00,1.0,14.676499,11.7265,13.768166,13.693806,8.538602,11.34087,38498.29,531.9903,5.7000003,5.7000003,23.0,22.315643,44.28,32.40832,3.77,1.1273707,123.02866,110.72122,307095.88,133234.81,27.900002,27.900002,94.0,57.080006,12.745747,8
2025-01-09 16:00:00+00:00,1.0,11.7265,10.8265,11.320249,8.46564,7.2835035,7.834133,38536.15,0.0,5.399999,5.399999,24.0,22.390293,45.36,24.13042,3.25,1.1087257,134.3489,118.55536,345632.03,133234.81,33.3,33.3,118.0,60.330006,13.854472,9
2025-01-10 16:00:00+00:00,1.0,12.8265,11.3265,11.949417,9.870625,8.378682,9.188767,38576.01,13.005753,3.5000002,3.5000002,21.0,18.491003,37.079998,35.373566,3.49,1.1004523,146.29832,127.744125,384208.03,133247.81,36.8,36.8,139.0,63.820007,14.954925,10
2025-01-11 16:00:00+00:00,1.0,14.0265,9.2765,11.980667,11.734979,6.5941467,9.246857,38617.8,32619.613,0.70000005,0.70000005,3.0,17.108522,34.2,16.283434,14.12,2.3876908,158.27899,136.99098,422825.84,165867.42,37.5,37.5,142.0,77.94001,17.342615,11
2025-01-12 16:00:00+00:00,1.0,15.5265,8.9765,12.6515,11.956074,6.0917463,9.276497,38661.44,35762.41,0.0,0.0,0.0,23.406229,48.239998,108.80322,13.69,2.5493574,170.9305,146.26749,461487.28,201629.83,37.5,37.5,142.0,91.63001,19.891972,12
2025-01-13 16:00:00+00:00,1.0,20.226501,11.6265,15.924417,19.949701,10.139781,15.16999,38706.85,35797.035,0.0,0.0,0.0,17.932373,34.2,145.74152,14.1,2.4225652,186.85492,161.43747,500194.12,237426.86,37.5,37.5,142.0,105.73001,22.314537,13
2025-01-14 16:00:00+00:00,1.0,16.0265,11.7265,14.28275,16.348835,8.277615,12.209443,38753.953,0.0,10.700001,10.700001,21.0,26.72803,52.92,8.469535,2.33,0.79999477,201.13766,173.64691,538948.06,237426.86,48.2,48.2,163.0,108.06001,23.114532,14
2025-01-15 16:00:00+00:00,1.0,13.426499,11.3765,12.355664,10.57709,8.055169,9.353435,38802.676,5569.103,0.5,0.5,4.0,21.594748,43.199997,34.58154,6.15,1.6979482,213.49333,183.00035,577750.75,242995.97,48.7,48.7,167.0,114.210014,24.81248,15
2025-01-16 16:00:00+00:00,1.0,13.9765,12.5765,13.066082,10.668869,9.223239,9.802617,38852.926,16466.73,0.0,0.0,0.0,18.624563,37.8,52.42482,8.67,2.2487442,226.55942,192.80296,616603.7,259462.7,48.7,48.7,167.0,122.88001,27.061226,16
2025-01-17 16:00:00+00:00,1.0,17.0765,11.7765,14.634833,16.1408,9.525431,13.109283,38904.64,34074.52,0.7,0.7,5.0,19.121557,38.519997,112.24756,9.94,1.9091996,241.19424,205.91225,655508.3,293537.22,49.4,49.4,172.0,132.82,28.970425,17
2025-01-18 16:00:00+00:00,1.0,16.0265,12.5765,14.911919,16.191504,11.4296875,14.324807,38957.742,9931.801,3.3000002,3.3000002,15.0,16.499237,29.519999,350.63403,4.23,0.8677561,256.10617,220.23706,694466.06,303469.03,52.7,52.7,187.0,137.05,29.83818,18
2025-01-19 16:00:00+00:00,1.0,17.626501,12.426499,14.770249,16.056501,10.723137,13.054195,39012.156,35842.785,0.0,0.0,0.0,18.620214,38.16,52.622074,15.67,2.6337426,270.87643,233.29126,733478.25,339311.8,52.7,52.7,187.0,152.72,32.471924,19
2025-01-20 16:00:00+00:00,1.0,17.626501,11.8265,14.97025,15.116798,9.754196,12.583524,39067.8,35855.33,0.0,0.0,0.0,23.057571,46.079998,100.74872,14.54,2.6786375,285.84668,245.87479,772546.06,375167.12,52.7,52.7,187.0,167.26,35.150562,20
2025-01-21 16:00:00+00:00,1.0,19.726501,14.676499,16.834833,19.890501,13.457785,16.377083,39124.61,33604.97,0.4,0.4,4.0,19.044306,41.760002,143.96983,9.63,1.8400404,302.68152,262.25186,811670.7,408772.1,53.100002,53.100002,191.0,176.89,36.990604,21
2025-01-22 16:00:00+00:00,1.0,18.4265,14.676499,15.991084,17.432524,14.410383,15.606953,39182.508,24926.129,3.1999996,3.1999996,17.0,18.080818,34.2,307.4172,8.15,1.3457466,318.6726,277.85883,850853.2,433698.22,56.300003,56.300003,208.0,185.04,38.33635,22
2025-01-23 16:00:00+00:00,1.0,19.7765,14.926499,17.11817,19.79485,15.069229,17.255537,39241.42,28905.314,3.4,3.4,22.0,16.67892,30.239998,15.851521,9.06,1.5840607,335.79077,295.11435,890094.6,462603.53,59.700005,59.700005,230.0,194.09999,39.92041,23
2025-01-24 16:00:00+00:00,1.0,17.8265,15.8765,16.597334,16.53803,15.02936,15.860839,39301.285,20097.188,8.800001,8.800001,24.0,21.413948,41.760002,26.864107,7.18,1.1625869,352.3881,310.9752,929395.94,482700.72,68.50001,68.50001,254.0,201.27998,41.082996,24
2025-01-25 16:00:00+00:00,1.0,16.876501,13.1265,15.468166,15.395706,10.55209,14.0099945,39362.027,4194.426,9.9,9.9,24.0,20.907913,42.839996,20.529818,5.81,1.1820669,367.85626,324.98517,968757.94,486895.16,78.40001,78.40001,278.0,207.08998,42.265064,25
2025-01-26 16:00:00+00:00,1.0,12.8765,9.7265,10.766082,10.232918,4.9017725,6.8231273,39423.582,8666.937,10.8,10.8,14.0,28.404089,56.16,352.71527,4.95,1.3206836,378.62234,331.8083,1008181.5,495562.1,89.20001,89.20001,292.0,212.03998,43.585747,26
2025-01-27 16:00:00+00:00,1.0,14.0265,9.2765,11.307751,10.95087,6.218955,8.119946,39486.508,33946.98,0.0,0.0,0.0,17.826363,39.239998,44.002186,13.81,2.512466,389.93008,339.92822,1047668.0,529509.06,89.20001,89.20001,292.0,225.84998,46.098213,27
2025-01-28 16:00:00+00:00,1.0,13.7765,8.1265,11.391084,10.3329525,4.9877834,7.921747,39551.035,36000.0,0.0,0.0,0.0,21.332088,42.12,92.83481,14.87,2.5942347,401.32117,347.84998,1087219.0,565509.06,89.20001,89.20001,292.0,240.71997,48.692448,28
2025-01-29 16:00:00+00:00,1.0,18.1765,12.1265,14.874419,15.558197,8.640194,12.32766,39617.074,36000.0,0.0,0.0,0.0,23.740902,44.639996,126.19604,15.85,2.8731234,416.1956,360.17764,1126836.1,601509.06,89.20001,89.20001,292.0,256.56998,51.56557,29
2025-01-30 16:00:00+00:00,1.0,19.3265,13.5265,16.432753,20.656315,11.899143,16.214865,39684.53,24859.988,2.9,2.9,21.0,19.770523,40.68,145.01053,7.12,1.1922829,432.62833,376.39252,1166520.6,626369.06,92.10001,92.10001,313.0,263.68997,52.757854,30
2025-01-31 16:00:00+00:00,1.0,21.726501,16.5265,18.539001,24.659092,15.668419,19.616812,39753.316,20925.785,12.099999,12.099999,19.0,23.103193,42.12,57.471153,7.48,1.3671173,451.16733,396.00934,1206274.0,647294.9,104.20001,104.20001,332.0,271.16998,54.124973,31
2025-02-01 16:00:00+00:00,1.0,17.126501,15.2265,16.041086,16.241072,14.440332,15.586585,39823.336,330.4399,8.4,8.4,24.0,16.048288,33.12,19.590393,4.69,0.914055,467.2084,411.59592,1246097.4,647625.3,112.60001,112.60001,356.0,275.86,55.03903,32
2025-02-02 16:00:00+00:00,1.0,15.0765,11.926499,13.72442,14.231705,8.812149,11.438614,39894.504,0.0,19.300001,19.300001,24.0,23.946089,46.44,12.976694,2.63,0.75362873,480.93283,423.03455,1285991.9,647625.3,131.90001,131.90001,380.0,278.49,55.792656,33
2025-02-03 16:00:00+00:00,1.0,13.2765,9.6265,11.480666,10.029303,6.896552,8.077491,39966.727,29324.357,5.9,5.9,7.0,24.27332,47.519997,23.437347,12.66,2.2752306,492.41348,431.11203,1325958.6,676949.7,137.8,137.8,387.0,291.15,58.067886,34
2025-02-04 16:00:00+00:00,1.0,14.4765,9.426499,12.334834,11.115059,6.709959,9.365361,40039.92,35961.277,0.2,0.2,2.0,21.816414,42.839996,110.974846,11.85,2.183112,504.74832,440.4774,1365998.5,712910.94,138.0,138.0,389.0,303.0,60.251,35
2025-02-05 16:00:00+00:00,1.0,16.0765,12.1265,14.280667,14.521599,10.348741,12.757819,40114.004,16171.959,8.5,8.5,24.0,17.878994,34.56,100.15667,6.56,1.1547449,519.029,453.2352,1406112.5,729082.9,146.5,146.5,413.0,309.56,61.405743,36
2025-02-06 16:00:00+00:00,1.0,14.8265,10.3265,13.128582,13.994593,6.455971,10.586423,40188.89,0.0,18.499998,18.499998,24.0,24.467422,47.88,35.137543,2.85,0.8180756,532.1576,463.82162,1446301.4,729082.9,165.0,165.0,437.0,312.41,62.22382,37
2025-02-07 16:00:00+00:00,1.0,9.9765,8.8765,9.328583,5.8360786,4.3388176,5.11533,40264.496,0.0,8.299999,8.299999,24.0,24.713154,48.6,27.063248,4.18,1.1395466,541.4862,468.93695,1486565.9,729082.9,173.3,173.3,461.0,316.59,63.363365,38
2025-02-08 16:00:00+00:00,1.0,12.5765,9.3265,11.143167,9.105082,5.6796007,7.7883053,40340.74,1722.8911,1.8000002,1.8000002,13.0,19.61587,39.239998,42.73062,6.55,1.5977142,552.6294,476.72525,1526906.6,730805.75,175.1,175.1,474.0,323.13998,64.96108,39
2025-02-09 16:00:00+00:00,1.0,16.376501,11.7765,13.803581,13.996174,8.805578,11.25978,40417.54,35404.99,0.0,0.0,0.0,18.396141,37.44,103.293884,12.47,2.3563004,566.433,487.98502,1567324.1,766210.75,175.1,175.1,474.0,335.61,67.31738,40
2025-02-10 16:00:00+00:00,1.0,20.626501,12.3265,16.316084,20.805038,10.842733,15.688915,40494.82,36211.38,0.0,0.0,0.0,17.594023,37.8,138.15729,16.51,2.5436234,582.7491,503.67392,1607819.0,802422.1,175.1,175.1,474.0,352.12,69.86101,41
2025-02-11 16:00:00+00:00,1.0,19.9265,16.126501,17.970251,22.67788,15.862921,19.372095,40572.504,0.0,34.7,34.7,18.0,27.934818,58.679996,219.75566,3.0,0.66482365,600.71936,523.046,1648391.5,802422.1,209.8,209.8,492.0,355.12,70.52583,42
2025-02-12 16:00:00+00:00,1.0,16.1765,13.926499,14.472335,14.091938,11.802147,12.62056,40650.508,0.0,36.199993,36.199993,24.0,26.48509,56.88,46.97945,3.19,0.740247,615.1917,535.66656,1689042.0,802422.1,246.0,246.0,516.0,358.31,71.26608,43
2025-02-13 16:00:00+00:00,1.0,18.2765,13.9765,15.759835,17.358822,12.535639,14.987113,40728.766,21674.984,1.2000002,1.2000002,12.0,18.59845,33.48,102.50899,9.42,1.5001005,630.95154,550.6537,1729770.8,824097.1,247.2,247.2,528.0,367.73,72.76618,44
2025-02-14 16:00:00+00:00,1.0,22.876501,13.7765,18.111917,25.637629,13.942255,19.571527,40807.2,36091.293,0.0,0.0,0.0,11.079873,18.359999,153.09172,15.61,2.602765,649.0635,570.2252,1770578.0,860188.44,247.2,247.2,528.0,383.34,75.36895,45
2025-02-15 16:00:00+00:00,1.0,18.876501,14.676499,16.891085,18.815819,13.857958,16.71899,40885.742,10665.793,1.3000002,1.3000002,13.0,16.963984,33.48,1.2505988,8.71,1.579759,665.9546,586.9442,1811463.8,870854.25,248.5,248.5,541.0,392.05,76.94871,46
2025-02-16 16:00:00+00:00,1.0,19.0815,15.6815,17.466915,17.812752,15.008682,16.580614,40970.973,34550.3,0.0,0.0,0.0,14.021525,25.56,71.807396,12.89,2.4959264,683.4215,603.52484,1852434.8,905404.56,248.5,248.5,541.0,404.94,79.44463,47
2025-02-17 16:00:00+00:00,1.0,17.5315,15.9815,16.677332,17.02192,14.873762,15.809666,41051.016,0.0,1.4000001,0.1,10.0,16.1198,28.08,58.272076,1.11,0.99052525,700.0988,619.33453,1893485.8,905404.56,249.9,248.6,551.0,406.05,80.43516,48
2025-02-18 16:00:00+00:00,1.0,17.9315,15.8815,16.975248,18.271885,14.205906,16.43455,41131.953,0.0,1.0000001,0.0,9.0,17.25373,29.88,81.65838,1.27,0.9365388,717.07404,635.7691,1934617.8,905404.56,250.9,248.6,560.0,407.31998,81.3717,49
2025-02-19 16:00:00+00:00,1.0,20.9315,16.5315,18.664833,21.53404,17.62602,19.972496,41213.715,14862.958,1.3000001,0.0,5.0,10.931203,21.24,104.117035,7.56,1.4572546,735.7389,655.7416,1975831.5,920267.5,252.2,248.6,565.0,414.87997,82.82895,50
2025-02-20 16:00:00+00:00,1.0,18.7815,16.231499,17.073164,19.590084,15.78142,16.98612,41296.22,0.0,0.5,0.3,5.0,13.53236,23.4,25.815523,1.58,0.77502334,752.8121,672.7277,2017127.8,920267.5,252.7,248.90001,570.0,416.45996,83.60397,51
2025-02-21 16:00:00+00:00,1.0,17.7815,16.2815,16.914831,18.447655,15.388113,16.67718,41379.402,0.0,3.2999995,0.8000001,19.0,16.299694,26.64,62.56653,1.04,0.6795872,769.7269,689.4049,2058507.1,920267.5,256.0,249.70001,589.0,417.49997,84.28356,52
2025-02-22 16:00:00+00:00,1.0,16.981499,15.2315,16.427332,17.835352,14.151026,16.532389,41463.18,0.0,9.700001,9.5,16.0,14.05845,23.039999,28.634983,1.4,0.6088989,786.15424,705.9373,2099970.2,920267.5,265.7,259.2,605.0,418.89996,84.89246,53
2025-02-23 16:00:00+00:00,1.0,15.0815,13.4315,14.064834,14.235426,10.86447,12.304774,41547.48,0.0,7.1,4.8999996,21.0,20.073025,33.48,59.49658,2.93,1.0486764,800.21906,718.24207,2141517.8,920267.5,272.80002,264.1,626.0,421.82996,85.94114,54
2025-02-24 16:00:00+00:00,1.0,17.5815,13.7815,15.939835,18.31643,12.539108,16.118437,41632.24,3192.8293,0.5,0.0,3.0,9.83268,16.919998,120.403366,5.1,1.0943279,816.1589,734.3605,2183150.0,923460.3,273.30002,264.1,629.0,426.92996,87.03547,55
2025-02-25 16:00:00+00:00,1.0,18.5815,15.7315,17.273167,19.932964,16.335175,17.84824,41717.38,0.0,3.3000002,2.1,15.0,17.595861,27.359999,33.486248,1.98,0.66290426,833.43207,752.20874,2224867.5,923460.3,276.6,266.2,644.0,428.90997,87.69837,56
2025-02-26 16:00:00+00:00,1.0,21.3315,17.6815,19.039835,23.601812,18.747633,20.8436,41802.836,3922.3765,1.5000001,1.5000001,9.0,7.145796,11.5199995,350.49057,4.42,0.9840882,852.4719,773.05237,2266670.2,927382.7,278.1,267.7,653.0,433.33,88.68246,57
2025-02-27 16:00:00+00:00,1.0,24.6815,16.6815,20.70025,27.74983,17.531874,22.997133,41888.535,37628.69,0.0,0.0,0.0,10.661107,18.72,120.21127,17.0,3.0240662,873.1722,796.0495,2308558.8,965011.4,278.1,267.7,653.0,450.33,91.70652,58
2025-02-28 16:00:00+00:00,1.0,23.7815,19.981499,21.604416,25.891342,23.139046,24.487062,41974.41,18842.676,0.6,0.0,6.0,13.849477,23.4,124.44974,11.72,2.120452,894.7766,820.53656,2350533.2,983854.06,278.7,267.7,659.0,462.05,93.82697,59
2025-03-01 16:00:00+00:00,1.0,27.1125,19.231499,22.296707,30.428436,21.36342,25.32248,42060.395,32981.117,0.0,0.0,0.0,7.9932976,12.599999,58.260902,16.33,3.1439116,917.0733,845.859,2392593.8,1016835.2,278.7,267.7,659.0,478.37997,96.97089,60
2025-03-02 16:00:00+00:00,1.0,26.1125,20.1625,22.797918,29.741604,23.167168,25.950775,42146.42,39239.57,0.0,0.0,0.0,9.3876505,6.4799995,43.562824,16.86,3.1630297,939.8712,871.8098,2434740.2,1056074.8,278.7,267.7,659.0,495.24,100.13392,61
2025-03-03 16:00:00+00:00,1.0,27.3625,20.9625,23.197914,30.153214,24.246775,26.359283,42232.42,33691.43,0.3,0.0,3.0,9.826088,9.36,70.90639,15.49,3.028592,963.06915,898.16907,2476972.8,1089766.1,279.0,267.7,662.0,510.72998,103.16251,62
2025-03-04 16:00:00+00:00,1.0,25.9125,16.1125,20.227085,29.719913,15.834578,22.077581,42318.336,20656.953,4.4999995,2.6999998,18.0,13.324863,35.64,40.815,10.9,2.0371754,983.29626,920.24664,2519291.0,1110423.1,283.5,270.40002,680.0,521.63,105.19969,63
2025-03-05 16:00:00+00:00,1.0,15.862499,12.3125,13.674998,15.554611,11.500341,13.128871,42404.094,0.0,9.6,8.4,15.0,12.879752,34.2,19.540684,1.27,0.4688711,996.97125,933.3755,2561695.0,1110423.1,293.1,278.80002,695.0,522.9,105.668564,64
2025-03-06 16:00:00+00:00,1.0,14.2125,12.112499,12.970833,13.08284,10.927845,12.193043,42489.633,5918.8433,0.0,0.0,0.0,7.928177,29.88,52.997364,4.49,0.9564754,1009.9421,945.56854,2604184.8,1116342.0,293.1,278.80002,695.0,527.39,106.62504,65
2025-03-07 16:00:00+00:00,1.0,13.862499,12.4625,13.000001,13.64402,12.435312,13.000745,42574.895,0.0,0.9000001,0.9000001,9.0,7.7043357,24.119999,29.054522,1.87,0.52444494,1022.9421,958.5693,2646759.8,1116342.0,294.0,279.7,704.0,529.26,107.14948,66
2025-03-08 16:00:00+00:00,1.0,15.2125,12.2125,13.852082,15.124851,12.565607,13.958057,42660.426,4542.616,0.6,0.6,3.0,6.2145634,19.8,8.583517,4.24,0.8615592,1036.7942,972.52734,2689420.2,1120884.6,294.6,280.30002,707.0,533.5,108.01104,67
2025-03-09 16:00:00+00:00,1.0,19.1625,11.612499,,19.020657,11.194486,,42746.496,,,,0.0,8.905908,20.519999,,,,,,2732166.8,,,,707.0,,,68
