date,elevation,temperature_2m_max,temperature_2m_min,temperature_2m_mean,apparent_temperature_max,apparent_temperature_min,apparent_temperature_mean,daylight_duration,sunshine_duration,precipitation_sum,rain_sum,precipitation_hours,wind_speed_10m_max,wind_gusts_10m_max,wind_direction_10m_dominant,shortwave_radiation_sum,et0_fao_evapotranspiration,cumulative_temperature_2m_mean,cumulative_apparent_temperature_mean,cumulative_daylight_duration,cumulative_sunshine_duration,cumulative_precipitation_sum,cumulative_rain_sum,cumulative_precipitation_hours,cumulative_shortwave_radiation_sum,cumulative_et0_fao_evapotranspiration,day
2025-01-01 16:00:00+00:00,919.0,15.995501,13.3455,14.580918,16.455437,13.711918,15.078823,38724.707,353.6847,10.8,10.8,24.0,9.354806,21.24,36.038403,2.53,0.5153495,14.580918,15.078823,38724.707,353.6847,10.8,10.8,24.0,2.53,0.5153495,1
2025-01-02 16:00:00+00:00,919.0,14.5955,11.2955,13.410085,14.266914,10.190876,13.019528,38747.137,2111.8054,12.799999,12.799999,24.0,12.097553,30.960001,38.767147,3.11,0.56017476,27.991003,28.09835,77471.84,2465.4902,23.599998,23.599998,48.0,5.64,1.0755243,2
2025-01-03 16:00:00+00:00,919.0,15.6455,10.0455,12.493417,14.28307,8.576195,11.438687,38771.21,35891.02,3.2000003,3.2000003,19.0,10.8015,34.2,36.58008,11.88,1.7916461,40.48442,39.537037,116243.055,38356.508,26.8,26.8,67.0,17.52,2.8671703,3
2025-01-04 16:00:00+00:00,919.0,17.1955,11.0955,14.295501,16.858341,10.578125,14.343715,38796.918,35676.406,4.2000003,4.2000003,21.0,7.001514,24.119999,95.19456,11.23,1.8421093,54.779922,53.880753,155039.97,74032.914,31.0,31.0,88.0,28.75,4.7092795,4
2025-01-05 16:00:00+00:00,919.0,15.945499,10.1955,12.812167,14.897284,9.381401,11.971604,38824.22,31385.238,5.899999,5.899999,24.0,11.770403,32.760002,45.29861,8.62,1.414365,67.59209,65.852356,193864.19,105418.16,36.899998,36.899998,112.0,37.37,6.123645,5
2025-01-06 16:00:00+00:00,919.0,14.0955,8.745501,11.341334,12.695255,7.3766956,10.13644,38853.1,23413.65,5.8999996,5.8999996,21.0,9.979859,24.48,49.033234,8.08,1.2756463,78.93342,75.9888,232717.28,128831.805,42.799995,42.799995,133.0,45.449997,7.399291,6
2025-01-07 16:00:00+00:00,919.0,16.3955,8.0955,11.937167,15.441233,6.5852423,11.102361,38883.867,34834.39,12.3,12.3,24.0,8.656858,29.88,30.739761,9.93,1.6267092,90.87058,87.09116,271601.16,163666.19,55.099995,55.099995,157.0,55.379997,9.026,7
2025-01-08 16:00:00+00:00,919.0,14.8455,8.0955,11.422584,13.403074,6.113332,10.078555,38916.605,25272.697,13.1,13.1,24.0,12.232057,31.319998,35.122257,6.77,1.1419226,102.29317,97.169716,310517.75,188938.89,68.2,68.2,181.0,62.149998,10.167923,8
2025-01-09 16:00:00+00:00,919.0,11.0955,8.3455,9.685083,9.306505,6.360775,7.858618,38951.266,4985.0493,14.599999,14.599999,24.0,13.032298,33.12,43.62524,4.32,0.65129936,111.97825,105.028336,349469.0,193923.94,82.799995,82.799995,205.0,66.47,10.819222,9
2025-01-10 16:00:00+00:00,919.0,11.9455,8.2955,9.701749,10.754277,6.3987694,8.308604,38987.758,8657.327,18.4,18.4,24.0,9.734987,24.84,40.98853,4.89,0.74737525,121.68,113.33694,388456.75,202581.27,101.2,101.2,229.0,71.36,11.566598,10
2025-01-11 16:00:00+00:00,919.0,12.8955,5.9955,9.760084,11.047529,3.654729,8.068118,39026.023,31918.11,11.4,11.4,24.0,11.043261,30.239998,41.739986,7.98,1.2193662,131.44008,121.40505,427482.78,234499.38,112.6,112.6,253.0,79.340004,12.785964,11
2025-01-12 16:00:00+00:00,919.0,13.745501,5.7455,9.645499,12.0803585,3.645131,7.9715133,39065.98,35853.805,2.0,2.0,13.0,10.4166975,29.88,40.663044,13.84,1.9398677,141.08557,129.37657,466548.75,270353.2,114.6,114.6,266.0,93.18001,14.725832,12
2025-01-13 16:00:00+00:00,919.0,17.1955,6.6455,12.405917,17.314812,5.1108513,11.91676,39107.56,35854.504,1.4000001,1.4000001,8.0,8.557102,25.56,52.023926,15.79,2.4127612,153.49149,141.29333,505656.3,306207.7,116.0,116.0,274.0,108.97001,17.138594,13
2025-01-14 16:00:00+00:00,919.0,14.0455,9.995501,12.768417,14.267143,8.44479,12.358922,39150.69,0.0,22.5,22.5,24.0,12.124306,31.319998,36.244785,1.95,0.40452483,166.2599,153.65225,544807.0,306207.7,138.5,138.5,298.0,110.920006,17.54312,14
2025-01-15 16:00:00+00:00,919.0,11.995501,8.8455,10.049666,10.273052,7.3777122,8.482305,39195.305,15021.143,8.6,8.6,23.0,10.495713,26.28,48.945316,7.0,1.0324401,176.30957,162.13455,584002.3,321228.84,147.1,147.1,321.0,117.920006,18.57556,15
2025-01-16 16:00:00+00:00,919.0,12.6955,5.6455,9.695501,10.753102,3.4907985,7.9572625,39241.33,27080.91,5.2999997,5.2999997,24.0,10.897063,30.599998,41.91653,8.34,1.2616552,186.00507,170.09181,623243.6,348309.75,152.40001,152.40001,345.0,126.26001,19.837215,16
2025-01-17 16:00:00+00:00,919.0,13.1455,6.7955003,10.749668,12.614876,4.8800526,9.796849,39288.695,25070.592,6.1,6.1,15.0,7.5685663,23.039999,36.33747,8.04,1.2578164,196.75473,179.88866,662532.3,373380.34,158.50002,158.50002,360.0,134.3,21.095032,17
2025-01-18 16:00:00+00:00,919.0,16.7455,11.5455,13.858001,16.804426,11.129025,13.941865,39337.332,32327.402,21.200003,21.200003,24.0,8.085988,29.88,57.09477,8.58,1.417465,210.61273,193.83052,701869.6,405707.75,179.70001,179.70001,384.0,142.88,22.512497,18
2025-01-19 16:00:00+00:00,919.0,16.6455,8.8955,12.420501,15.957035,7.7357597,11.559215,39387.168,32078.018,6.5,6.5,19.0,10.51576,29.16,46.10072,12.7,1.9998319,223.03323,205.38974,741256.8,437785.78,186.20001,186.20001,403.0,155.58,24.51233,19
2025-01-20 16:00:00+00:00,919.0,15.1455,8.745501,11.86425,14.308399,7.421089,10.881879,39438.145,34607.36,3.0999994,3.0999994,14.0,9.47012,30.599998,40.82253,11.31,1.7421606,234.89749,216.27162,780694.94,472393.12,189.30002,189.30002,417.0,166.89,26.25449,20
2025-01-21 16:00:00+00:00,919.0,15.7955,10.0455,12.949669,15.963049,8.86317,12.731259,39490.184,20222.85,7.2,7.2,17.0,6.424764,18.72,21.703066,6.17,1.0894914,247.84717,229.00288,820185.1,492615.97,196.50002,196.50002,434.0,173.06,27.34398,21
2025-01-22 16:00:00+00:00,919.0,19.2455,10.995501,15.041333,19.51483,10.627409,15.2943125,39543.227,35586.414,24.8,24.8,24.0,8.9873905,26.28,149.42088,12.4,2.0771298,262.8885,244.2972,859728.4,528202.4,221.30002,221.30002,458.0,185.45999,29.42111,22
2025-01-23 16:00:00+00:00,919.0,18.4955,12.2955,14.895501,18.575016,12.027988,15.01814,39597.207,33590.41,8.300001,8.300001,16.0,9.9408245,31.68,42.952507,11.51,1.9043782,277.784,259.31534,899325.56,561792.8,229.60002,229.60002,474.0,196.96999,31.325489,23
2025-01-24 16:00:00+00:00,919.0,17.8455,11.0455,14.103835,17.718187,10.521391,13.851199,39652.06,32975.574,13.299999,13.299999,24.0,10.261579,34.2,40.176857,10.88,1.7924447,291.88782,273.16653,938977.6,594768.4,242.90002,242.90002,498.0,207.84999,33.117935,24
2025-01-25 16:00:00+00:00,919.0,15.8955,10.6955,13.180919,15.379635,9.876745,12.6693945,39707.715,24239.232,20.100002,20.100002,24.0,9.194106,27.0,44.32178,6.96,1.2230253,305.06873,285.83594,978685.3,619007.6,263.00003,263.00003,522.0,214.81,34.34096,25
2025-01-26 16:00:00+00:00,919.0,11.745501,7.7455006,10.199667,11.246481,5.9035215,8.898135,39764.12,1585.8595,33.4,33.4,24.0,10.83893,28.44,53.044617,3.05,0.49227843,315.2684,294.73407,1018449.44,620593.5,296.40002,296.40002,546.0,217.86,34.83324,26
2025-01-27 16:00:00+00:00,919.0,11.245501,7.6955004,9.155917,9.35688,5.636795,7.1808887,39821.79,17449.426,5.9,5.9,21.0,10.24578,28.44,51.30161,7.06,1.0692956,324.42432,301.91495,1058271.2,638042.94,302.30002,302.30002,567.0,224.92,35.902534,27
2025-01-28 16:00:00+00:00,919.0,11.1455,7.6955004,9.13925,9.520976,6.0890446,7.4387393,39880.926,12221.864,6.4999995,6.4999995,24.0,10.132897,26.64,51.80782,6.96,1.0336106,333.56357,309.3537,1098152.1,650264.8,308.80002,308.80002,591.0,231.88,36.936146,28
2025-01-29 16:00:00+00:00,919.0,14.6955,6.2455,10.649667,13.54542,4.3478794,9.386045,39941.457,36048.355,4.1000004,4.1000004,17.0,8.967541,26.28,39.482376,12.02,1.8132123,344.21323,318.73975,1138093.6,686313.2,312.90002,312.90002,608.0,243.90001,38.74936,29
2025-01-30 16:00:00+00:00,919.0,15.7955,10.0955,12.710084,16.734491,8.896792,12.782065,40003.29,12562.678,17.599998,17.599998,23.0,6.320538,20.519999,333.54065,4.39,0.82046175,356.9233,331.52182,1178096.9,698875.9,330.50003,330.50003,631.0,248.29001,39.56982,30
2025-01-31 16:00:00+00:00,919.0,18.2455,13.0955,15.576752,19.66613,13.572678,16.625658,40066.344,23101.021,21.799997,21.799997,24.0,5.896202,24.84,104.50018,7.05,1.2607191,372.50006,348.1475,1218163.2,721976.9,352.30002,352.30002,655.0,255.34001,40.83054,31
2025-02-01 16:00:00+00:00,919.0,18.3955,13.1955,15.337166,18.651268,13.207678,15.734799,40130.53,31981.223,16.999998,16.999998,24.0,10.7714615,41.399998,56.29151,9.55,1.5811176,387.83722,363.8823,1258293.8,753958.1,369.30002,369.30002,679.0,264.89,42.41166,32
2025-02-02 16:00:00+00:00,919.0,15.695499,10.4455,13.274666,15.112337,9.077089,12.838517,40195.773,23926.402,21.7,21.7,24.0,11.792404,32.760002,52.115726,7.69,1.2132932,401.11188,376.72083,1298489.5,777884.5,391.00003,391.00003,703.0,272.58002,43.624954,33
2025-02-03 16:00:00+00:00,919.0,10.5455,8.0955,9.528833,8.911176,6.4759817,7.816653,40261.992,3328.9424,12.500001,12.500001,23.0,10.583326,27.359999,50.076805,4.97,0.7690619,410.64072,384.53748,1338751.5,781213.44,403.50003,403.50003,726.0,277.55002,44.394016,34
2025-02-04 16:00:00+00:00,919.0,11.9455,7.1455,9.568418,10.306079,5.594145,8.29762,40329.11,24916.398,9.4,9.4,21.0,9.555271,23.4,64.93129,8.72,1.2630572,420.20914,392.83508,1379080.6,806129.8,412.90002,412.90002,747.0,286.27002,45.657074,35
2025-02-05 16:00:00+00:00,919.0,15.745501,9.4455,12.437167,15.40386,8.823643,12.151763,40397.04,27772.354,20.299997,20.299997,24.0,7.596341,21.96,59.174232,8.01,1.3407867,432.6463,404.98685,1419477.6,833902.2,433.2,433.2,771.0,294.28003,46.99786,36
2025-02-06 16:00:00+00:00,919.0,16.2455,9.6455,12.664249,14.973608,7.7207174,11.5593,40465.707,32973.105,12.6,12.6,24.0,14.973577,39.239998,39.74933,10.63,1.6531981,445.31055,416.54614,1459943.4,866875.3,445.80002,445.80002,795.0,304.91003,48.65106,37
2025-02-07 16:00:00+00:00,919.0,9.8455,6.8455,8.522584,7.470668,4.6718445,6.2871723,40535.047,18755.992,9.1,9.1,24.0,13.229693,34.2,49.077957,7.32,0.96530783,453.83313,422.8333,1500478.4,885631.3,454.90002,454.90002,819.0,312.23004,49.616367,38
2025-02-08 16:00:00+00:00,919.0,10.6955,6.9955,8.608001,8.667412,5.0268393,6.7251563,40604.973,15370.361,10.400001,10.400001,24.0,11.534054,30.239998,48.536774,7.11,0.9983456,462.44113,429.55847,1541083.4,901001.7,465.30002,465.30002,843.0,319.34003,50.61471,39
2025-02-09 16:00:00+00:00,919.0,14.6955,5.6955004,10.310083,13.794556,3.5342884,8.903359,40675.418,36070.6,3.1999998,3.1999998,18.0,9.3669195,28.08,47.299828,13.78,2.0073698,472.75122,438.46182,1581758.8,937072.3,468.50003,468.50003,861.0,333.12003,52.62208,40
2025-02-10 16:00:00+00:00,919.0,16.7955,8.6455,13.237168,16.957655,7.4784117,13.095982,40746.305,34893.29,2.6000001,2.6000001,14.0,7.689603,25.919998,60.30941,11.97,1.9197365,485.9884,451.5578,1622505.0,971965.6,471.10004,471.10004,875.0,345.09003,54.541817,41
2025-02-11 16:00:00+00:00,919.0,17.6455,14.4455,15.847585,19.047504,14.776131,16.908346,40817.56,0.0,36.300003,36.300003,24.0,6.2145634,19.8,189.80304,1.79,0.47487906,501.836,468.46616,1663322.5,971965.6,507.40002,507.40002,899.0,346.88004,55.016697,42
2025-02-12 16:00:00+00:00,919.0,16.2455,12.245501,13.887168,17.524479,11.683223,13.716579,40889.125,0.0,49.300003,49.300003,24.0,12.284918,31.68,39.041405,3.04,0.5476465,515.72314,482.18274,1704211.6,971965.6,556.7,556.7,923.0,349.92004,55.564342,43
2025-02-13 16:00:00+00:00,919.0,15.695499,11.6455,13.645501,16.121286,11.08692,13.68087,40960.918,10445.033,3.8000004,3.8000004,18.0,7.458606,20.880001,36.181755,6.03,1.0333285,529.36865,495.86362,1745172.5,982410.7,560.5,560.5,941.0,355.95004,56.59767,44
2025-02-14 16:00:00+00:00,919.0,20.5455,11.8955,16.168417,22.33499,11.286056,17.069809,41032.88,34414.477,1.2,1.2,7.0,8.865799,26.64,32.794254,15.58,2.6277971,545.53705,512.9334,1786205.4,1016825.2,561.7,561.7,948.0,371.53003,59.225468,45
2025-02-15 16:00:00+00:00,919.0,20.4455,13.4455,16.410086,20.35839,13.234913,16.422071,41104.945,36368.402,5.7,5.7,19.0,10.874741,28.8,39.336277,13.2,2.353183,561.94714,529.35547,1827310.4,1053193.6,567.4,567.4,967.0,384.73004,61.57865,46
2025-02-16 16:00:00+00:00,919.0,15.4505005,9.6005,12.492166,15.652897,9.287727,12.11954,41192.227,36476.65,0.0,0.0,0.0,12.9249525,38.519997,92.8912,16.36,2.316036,574.43933,541.47504,1868502.6,1089670.2,567.4,567.4,967.0,401.09003,63.894688,47
2025-02-17 16:00:00+00:00,919.0,15.7005005,9.9005,12.415084,14.847935,8.9956,11.837892,41265.395,29355.086,0.0,0.0,0.0,10.636766,30.239998,99.58528,12.57,1.8573059,586.85443,553.3129,1909768.0,1119025.4,567.4,567.4,967.0,413.66003,65.75199,48
2025-02-18 16:00:00+00:00,919.0,14.1005,11.4505005,12.598418,13.4643,11.597103,12.569289,41339.387,17045.531,0.0,0.0,0.0,8.557102,27.72,97.953,6.41,1.0400717,599.4528,565.8822,1951107.4,1136070.9,567.4,567.4,967.0,420.07004,66.79206,49
2025-02-19 16:00:00+00:00,919.0,15.7005005,12.5505,13.892166,15.698847,12.874479,14.232478,41414.133,21963.795,1.1000001,0.0,9.0,8.714677,25.199999,133.39105,7.63,1.2182143,613.345,580.1147,1992521.5,1158034.6,568.5,567.4,976.0,427.70004,68.01028,50
2025-02-20 16:00:00+00:00,919.0,15.9505005,12.4505005,13.871334,16.18377,12.536331,13.925199,41489.566,9011.852,0.1,0.0,1.0,8.905908,25.56,103.26334,5.05,0.8273181,627.2163,594.03986,2034011.1,1167046.5,568.6,567.4,977.0,432.75003,68.83759,51
2025-02-21 16:00:00+00:00,919.0,16.6005,11.4505005,13.594251,16.18364,11.431424,13.678906,41565.62,23532.883,0.1,0.0,1.0,8.427383,23.039999,73.03377,8.21,1.4001489,640.81055,607.71875,2075576.8,1190579.4,568.69995,567.4,978.0,440.96002,70.23774,52
2025-02-22 16:00:00+00:00,919.0,16.6005,12.2005005,13.885918,16.655243,11.760416,13.795165,41642.223,23779.44,0.0,0.0,0.0,10.630672,29.88,110.4152,9.86,1.5344166,654.6965,621.5139,2117219.0,1214358.9,568.69995,567.4,978.0,450.82,71.772156,53
2025-02-23 16:00:00+00:00,919.0,12.0505,8.9005,10.846335,11.700696,7.7327337,9.913092,41719.312,8330.059,0.0,0.0,0.0,10.08,27.359999,89.00942,5.61,0.9140751,665.5428,631.427,2158938.2,1222688.9,568.69995,567.4,978.0,456.43,72.68623,54
2025-02-24 16:00:00+00:00,919.0,13.750501,8.2005005,11.28175,12.6916275,6.93746,10.652034,41796.82,25202.488,0.0,0.0,0.0,10.636766,29.519999,118.25789,11.07,1.5725973,676.8245,642.07904,2200735.0,1247891.4,568.69995,567.4,978.0,467.5,74.25883,55
2025-02-25 16:00:00+00:00,919.0,15.2005005,11.500501,13.242168,15.02717,11.000547,13.21322,41874.684,24128.533,0.3,0.0,3.0,7.9036193,21.599998,110.01885,8.89,1.4161831,690.0667,655.29224,2242609.8,1272019.9,568.99994,567.4,981.0,476.39,75.67501,56
2025-02-26 16:00:00+00:00,919.0,16.8505,13.0505,14.823417,17.22039,13.264231,15.461048,41952.84,28595.494,0.3,0.0,3.0,9.449572,27.0,131.12866,9.17,1.461536,704.89014,670.7533,2284562.5,1300615.4,569.2999,567.4,984.0,485.56003,77.13654,57
2025-02-27 16:00:00+00:00,919.0,18.9005,14.1005,16.390085,19.383438,14.624235,17.400854,42031.22,37579.348,0.0,0.0,0.0,9.422101,25.919998,105.64233,13.35,2.1915288,721.2802,688.1542,2326593.8,1338194.8,569.2999,567.4,984.0,498.91003,79.32807,58
2025-02-28 16:00:00+00:00,919.0,18.950499,15.4005,16.867167,19.869568,16.444141,18.257223,42109.766,29153.498,0.0,0.0,0.0,8.435069,24.119999,115.20106,10.71,1.8021994,738.1474,706.4114,2368703.5,1367348.2,569.2999,567.4,984.0,509.62003,81.13027,59
2025-03-01 16:00:00+00:00,919.0,22.6755,15.9005,18.42654,25.02053,17.017096,20.021013,42188.414,34654.133,0.0,0.0,0.0,12.387348,9.36,123.3171,22.02,3.6921258,756.5739,726.4324,2410892.0,1402002.4,569.2999,567.4,984.0,531.64,84.822395,60
2025-03-02 16:00:00+00:00,919.0,21.525501,14.8255,17.735918,22.196665,15.091087,18.687714,42267.105,38113.58,0.0,0.0,0.0,13.324863,8.28,149.8955,14.54,2.5304492,774.3098,745.1201,2453159.0,1440116.0,569.2999,567.4,984.0,546.18,87.352844,61
2025-03-03 16:00:00+00:00,919.0,23.025501,14.9255,18.598417,24.907742,15.1994095,19.328579,42345.777,39711.223,0.0,0.0,0.0,14.512064,10.799999,173.15735,23.55,3.9905174,792.9082,764.44867,2495504.8,1479827.2,569.2999,567.4,984.0,569.73,91.34336,62
2025-03-04 16:00:00+00:00,919.0,23.525501,14.9255,18.890083,26.217796,16.02494,19.813623,42424.37,37721.48,0.6,0.0,6.0,13.493999,15.4800005,144.23543,20.97,3.6777887,811.7983,784.26227,2537929.0,1517548.8,569.8999,567.4,990.0,590.69995,95.02115,63
2025-03-05 16:00:00+00:00,919.0,14.5755,7.7255,11.438001,15.647301,6.167242,10.877369,42502.824,11988.8955,0.0,0.0,0.0,9.028754,20.16,90.3016,4.22,0.6982985,823.23627,795.13965,2580431.8,1529537.6,569.8999,567.4,990.0,594.9199,95.719444,64
2025-03-06 16:00:00+00:00,919.0,10.4755,7.4255,9.029667,8.695369,6.14942,7.67086,42581.08,31898.545,0.0,0.0,0.0,10.24578,13.679999,104.9778,7.74,1.0716088,832.2659,802.8105,2623012.8,1561436.1,569.8999,567.4,990.0,602.6599,96.79105,65
2025-03-07 16:00:00+00:00,919.0,12.5255,9.1255,10.558834,11.263862,8.367867,9.626411,42659.09,24520.49,0.3,0.3,3.0,8.557102,11.5199995,106.78544,9.01,1.3530923,842.82477,812.4369,2665671.8,1585956.6,570.1999,567.7,993.0,611.6699,98.14415,66
2025-03-08 16:00:00+00:00,919.0,13.4255,9.5755,11.463001,12.56131,8.925334,10.796319,42737.34,31407.719,1.2,1.2,6.0,11.269782,12.599999,123.69009,11.62,1.5957447,854.2878,823.2332,2708409.0,1617364.4,571.3999,568.9,999.0,623.2899,99.73989,67
2025-03-09 16:00:00+00:00,919.0,18.6755,9.6755,,19.61003,7.7571383,,42816.09,,,,0.0,12.538134,6.8399997,,,,,,2751225.0,,,,999.0,,,68
