date,elevation,temperature_2m_max,temperature_2m_min,temperature_2m_mean,apparent_temperature_max,apparent_temperature_min,apparent_temperature_mean,daylight_duration,sunshine_duration,precipitation_sum,rain_sum,precipitation_hours,wind_speed_10m_max,wind_gusts_10m_max,wind_direction_10m_dominant,shortwave_radiation_sum,et0_fao_evapotranspiration,cumulative_temperature_2m_mean,cumulative_apparent_temperature_mean,cumulative_daylight_duration,cumulative_sunshine_duration,cumulative_precipitation_sum,cumulative_rain_sum,cumulative_precipitation_hours,cumulative_shortwave_radiation_sum,cumulative_et0_fao_evapotranspiration,day
2025-01-01 16:00:00+00:00,516.0,19.4395,18.1395,18.81867,17.869686,15.781036,16.84965,38914.54,5370.0234,1.3000002,1.3000002,9.0,31.836092,43.92,38.168427,5.58,1.8949617,18.81867,16.84965,38914.54,5370.0234,1.3000002,1.3000002,9.0,5.58,1.8949617,1
2025-01-02 16:00:00+00:00,516.0,18.6395,16.7395,17.718668,16.970242,9.894878,14.075306,38936.07,0.0,6.4,6.4,22.0,53.085655,72.36,41.1227,2.71,1.6899481,36.53734,30.924955,77850.61,5370.0234,7.7000003,7.7000003,31.0,8.29,3.58491,2
2025-01-03 16:00:00+00:00,516.0,18.5895,16.2395,17.145752,12.496183,9.342121,10.7408905,38959.18,35941.734,0.2,0.2,2.0,53.186573,72.0,53.172806,15.64,3.759147,53.68309,41.665848,116809.79,41311.758,7.9,7.9,33.0,23.93,7.344057,3
2025-01-04 16:00:00+00:00,516.0,18.9895,16.539501,17.75825,17.855347,10.944598,15.33117,38983.848,22443.744,2.0,2.0,8.0,44.402023,62.639996,47.550537,7.61,2.4443836,71.44134,56.997017,155793.64,63755.5,9.9,9.9,41.0,31.54,9.788441,4
2025-01-05 16:00:00+00:00,516.0,18.8395,15.9895,17.33117,15.894041,9.257156,13.401769,39010.06,35917.57,0.3,0.3,3.0,46.64536,67.32,50.522884,15.06,3.011615,88.77251,70.39879,194803.7,99673.07,10.2,10.2,44.0,46.600002,12.8000555,5
2025-01-06 16:00:00+00:00,516.0,17.289501,15.2395,16.1145,12.828087,8.513448,10.275447,39037.79,21000.748,0.0,0.0,0.0,47.827526,68.4,58.46489,11.11,3.5354855,104.88701,80.67423,233841.5,120673.82,10.2,10.2,44.0,57.710003,16.33554,6
2025-01-07 16:00:00+00:00,516.0,19.2395,15.4895,17.202002,16.978107,10.499586,14.075316,39067.316,33145.312,0.0,0.0,0.0,37.690125,52.92,55.773426,11.33,2.9120924,122.08901,94.74955,272908.8,153819.12,10.2,10.2,44.0,69.04,19.247633,7
2025-01-08 16:00:00+00:00,516.0,18.289501,15.689501,16.979086,15.277262,9.0753,12.659004,39098.746,21108.766,0.3,0.3,3.0,47.664665,67.67999,47.898083,9.46,2.6507719,139.0681,107.408554,312007.56,174927.89,10.5,10.5,47.0,78.5,21.898405,8
2025-01-09 16:00:00+00:00,516.0,15.7395,13.9895,14.985333,9.209358,6.7853813,8.061229,39132.016,22688.7,0.6,0.6,6.0,49.841805,71.64,48.30012,8.76,2.9748173,154.05344,115.46978,351139.56,197616.6,11.1,11.1,53.0,87.26,24.873222,9
2025-01-10 16:00:00+00:00,516.0,15.4895,13.789499,14.518666,11.664928,6.961562,9.333147,39167.05,1414.2133,1.0000001,1.0000001,10.0,46.132004,66.6,43.366924,4.8,2.2849116,168.5721,124.802925,390306.62,199030.81,12.1,12.1,63.0,92.060005,27.158134,10
2025-01-11 16:00:00+00:00,516.0,16.3895,13.9895,14.987419,11.338858,7.329235,9.983932,39203.785,35881.727,0.3,0.3,3.0,46.39847,65.88,45.552036,14.85,3.0656452,183.55951,134.78685,429510.4,234912.53,12.400001,12.400001,66.0,106.91,30.22378,11
2025-01-12 16:00:00+00:00,516.0,16.9395,13.7395,15.212417,10.864721,6.771822,8.534142,39242.14,35880.258,0.0,0.0,0.0,45.970535,65.88,59.07521,16.42,4.0819283,198.77193,143.32098,468752.56,270792.78,12.400001,12.400001,66.0,123.33,34.30571,12
2025-01-13 16:00:00+00:00,516.0,18.9395,15.189501,17.133251,16.290419,8.749338,13.238102,39282.062,23075.898,1.4,1.4,5.0,43.09675,60.120003,54.055115,8.61,3.020352,215.90518,156.55908,508034.62,293868.7,13.8,13.8,71.0,131.94,37.32606,13
2025-01-14 16:00:00+00:00,516.0,17.539501,15.2395,16.735336,16.170334,8.555926,13.625702,39323.473,0.0,11.999999,11.999999,24.0,49.307186,67.67999,32.514313,3.21,1.4601599,232.64052,170.18478,547358.1,293868.7,25.8,25.8,95.0,135.15001,38.78622,14
2025-01-15 16:00:00+00:00,516.0,15.789501,13.9895,14.789502,10.517624,7.42731,8.842167,39366.305,35883.62,0.4,0.4,4.0,50.187733,68.76,51.380142,15.53,3.3947866,247.43002,179.02695,586724.44,329752.3,26.199999,26.199999,99.0,150.68001,42.181007,15
2025-01-16 16:00:00+00:00,516.0,16.7395,14.0895,15.202001,11.194941,7.6368484,9.428032,39410.496,35887.336,0.0,0.0,0.0,47.14385,68.76,52.990578,15.79,3.6055987,262.63202,188.45499,626134.94,365639.66,26.199999,26.199999,99.0,166.47,45.786606,16
2025-01-17 16:00:00+00:00,516.0,16.7395,14.5895,15.699917,13.639345,7.5937605,10.775074,39455.973,8290.092,1.2000002,1.2000002,12.0,47.059933,68.4,50.080627,6.78,2.7783015,278.33194,199.23006,665590.94,373929.75,27.4,27.4,111.0,173.25,48.564907,17
2025-01-18 16:00:00+00:00,516.0,20.039501,16.3895,17.647835,20.45133,13.482769,16.28251,39502.67,28542.166,2.9,2.9,14.0,33.7004,51.12,33.132446,9.95,2.4133284,295.97977,215.51257,705093.6,402471.9,30.3,30.3,125.0,183.2,50.978237,18
2025-01-19 16:00:00+00:00,516.0,19.039501,15.5895,17.029085,15.975994,10.34128,12.745646,39550.527,35984.027,0.2,0.2,2.0,41.215282,56.88,56.814117,17.46,3.7041094,313.00885,228.25822,744644.1,438455.94,30.5,30.5,127.0,200.66,54.682346,19
2025-01-20 16:00:00+00:00,516.0,18.7395,15.7395,17.118668,13.07357,10.682775,11.695518,39599.473,35915.43,0.0,0.0,0.0,44.33996,63.36,60.324696,17.74,4.1638746,330.1275,239.95374,784243.6,474371.38,30.5,30.5,127.0,218.40001,58.846222,20
2025-01-21 16:00:00+00:00,516.0,19.1895,16.6895,17.720753,16.617353,10.822592,13.95968,39649.445,32441.895,1.5000001,1.5000001,9.0,44.389988,61.56,61.760197,11.82,3.2419186,347.84827,253.91342,823893.06,506813.28,32.0,32.0,136.0,230.22,62.088142,21
2025-01-22 16:00:00+00:00,516.0,21.4395,16.9895,18.889502,23.275024,15.856052,18.692293,39700.38,35954.17,0.70000005,0.70000005,5.0,20.73753,38.88,9.215569,16.02,3.1373851,366.73776,272.6057,863593.44,542767.44,32.7,32.7,141.0,246.24,65.225525,22
2025-01-23 16:00:00+00:00,516.0,20.8395,17.5895,18.891584,18.771385,14.947306,16.46697,39752.215,35950.574,0.90000004,0.90000004,6.0,32.508316,46.44,58.197598,14.42,2.987615,385.62933,289.0727,903345.6,578718.0,33.600002,33.600002,147.0,260.66,68.21314,23
2025-01-24 16:00:00+00:00,516.0,20.3395,17.289501,18.545752,18.47954,14.246609,15.957787,39804.887,35965.008,0.0,0.0,0.0,31.20444,44.28,48.923733,16.12,3.341676,404.17508,305.0305,943150.5,614683.0,33.600002,33.600002,147.0,276.78,71.55482,24
2025-01-25 16:00:00+00:00,516.0,19.4395,16.039501,17.697836,17.966112,13.764723,15.385727,39858.336,35561.81,2.4,2.4,9.0,31.574484,40.32,35.52014,15.3,3.1511505,421.87292,320.4162,983008.8,650244.8,36.000004,36.000004,156.0,292.08,74.70597,25
2025-01-26 16:00:00+00:00,516.0,15.8895,13.3395,14.772835,13.319155,6.0635443,10.222712,39912.508,32561.36,3.7999997,3.7999997,18.0,47.937145,65.88,39.088234,10.54,2.2941434,436.64575,330.63892,1022921.3,682806.2,39.800003,39.800003,174.0,302.62,77.000114,26
2025-01-27 16:00:00+00:00,516.0,15.1395,13.189501,13.879083,8.077227,5.724146,6.793638,39967.89,25384.582,2.4,2.4,10.0,48.636654,68.76,53.687298,9.33,3.2388415,450.52484,337.43256,1062889.2,708190.75,42.200005,42.200005,184.0,311.94998,80.23895,27
2025-01-28 16:00:00+00:00,516.0,15.6395,13.3895,14.3290825,8.982488,6.369521,7.3034177,40024.69,34297.13,0.5,0.5,3.0,48.86494,67.32,60.537403,13.76,3.6871934,464.8539,344.73596,1102914.0,742487.9,42.700005,42.700005,187.0,325.71,83.92615,28
2025-01-29 16:00:00+00:00,516.0,18.3895,14.1395,16.322836,12.746374,6.802105,10.262557,40082.824,36497.19,0.1,0.1,1.0,48.299065,68.03999,63.984653,17.05,4.4615927,481.17676,354.9985,1142996.9,778985.06,42.800003,42.800003,188.0,342.75998,88.38774,29
2025-01-30 16:00:00+00:00,516.0,18.289501,16.289501,17.291586,14.750429,11.036701,12.902232,40142.215,11898.893,16.7,16.7,24.0,41.86113,57.96,64.92289,6.35,2.172967,498.46835,367.90073,1183139.1,790883.94,59.500004,59.500004,212.0,349.11,90.56071,30
2025-01-31 16:00:00+00:00,516.0,21.289501,18.0895,19.522833,19.800724,14.881351,17.49175,40202.773,31571.453,7.8999996,7.8999996,17.0,38.092438,52.199997,63.00762,12.78,2.4332693,517.9912,385.3925,1223341.9,822455.4,67.4,67.4,229.0,361.88998,92.99397,31
2025-02-01 16:00:00+00:00,516.0,20.4895,17.7395,19.108252,19.030113,15.520689,17.73316,40264.434,30783.59,0.1,0.1,1.0,27.171059,42.839996,56.997536,12.08,2.443074,537.0995,403.12564,1263606.2,853238.94,67.5,67.5,230.0,373.96997,95.43705,32
2025-02-02 16:00:00+00:00,516.0,19.2395,14.8895,17.34575,19.182714,10.0356655,15.076324,40327.098,36196.77,2.4999998,2.4999998,15.0,42.89366,55.8,43.092075,16.3,2.9621317,554.44525,418.20197,1303933.4,889435.7,70.0,70.0,245.0,390.26996,98.399185,33
2025-02-03 16:00:00+00:00,516.0,15.3895,13.7395,14.510335,10.059011,6.369871,8.501929,40390.71,36000.0,0.9,0.9,5.0,47.110508,66.96,48.656494,15.24,3.2119575,568.95557,426.7039,1344324.1,925435.7,70.9,70.9,250.0,405.50995,101.611145,34
2025-02-04 16:00:00+00:00,516.0,15.2395,13.2395,14.277,9.876532,6.110386,7.9761453,40455.18,19241.133,0.2,0.2,2.0,46.274006,68.4,63.941406,8.04,3.0038927,583.23254,434.68002,1384779.2,944676.8,71.1,71.1,252.0,413.54996,104.615036,35
2025-02-05 16:00:00+00:00,516.0,18.8895,14.7395,16.856167,15.82782,9.81212,13.298102,40520.438,26999.064,1.9000001,1.9000001,11.0,34.171566,47.519997,74.56652,9.66,2.664584,600.0887,447.97812,1425299.8,971675.9,73.0,73.0,263.0,423.20996,107.27962,36
2025-02-06 16:00:00+00:00,516.0,19.2395,14.789501,17.268667,17.156328,7.8122387,13.834302,40586.406,27025.348,0.2,0.2,2.0,49.02646,69.479996,48.074875,12.59,2.7670872,617.35736,461.8124,1465886.1,998701.25,73.2,73.2,265.0,435.79996,110.04671,37
2025-02-07 16:00:00+00:00,516.0,14.6395,12.7395,13.885334,7.350765,4.8187428,6.263107,40653.02,31794.217,0.0,0.0,0.0,51.383614,75.24,52.692356,12.84,3.2380812,631.2427,468.0755,1506539.1,1030495.44,73.2,73.2,265.0,448.63995,113.28479,38
2025-02-08 16:00:00+00:00,516.0,15.289501,12.4895,13.85825,9.186988,5.5321264,7.411864,40720.195,32445.643,0.0,0.0,0.0,46.537918,66.24,51.98158,13.98,3.3475559,645.10095,475.48737,1547259.4,1062941.1,73.2,73.2,265.0,462.61996,116.63235,39
2025-02-09 16:00:00+00:00,516.0,17.6395,13.689501,15.597832,12.671587,6.734604,10.088024,40787.87,35288.26,0.0,0.0,0.0,46.04096,64.439995,55.877617,12.64,3.6159186,660.6988,485.57538,1588047.2,1098229.4,73.2,73.2,265.0,475.25998,120.24827,40
2025-02-10 16:00:00+00:00,516.0,19.7395,15.939501,17.949919,14.9787655,10.970213,13.226215,40855.973,27258.035,1.8,1.8,8.0,43.72481,59.039997,72.09124,11.39,3.0844707,678.6487,498.8016,1628903.2,1125487.4,75.0,75.0,273.0,486.65,123.33274,41
2025-02-11 16:00:00+00:00,516.0,20.039501,18.789501,19.304083,19.011345,14.886402,17.499336,40924.44,6012.485,21.199999,21.199999,24.0,41.219997,54.719997,85.96301,5.44,1.4627379,697.95276,516.30096,1669827.8,1131499.9,96.2,96.2,297.0,492.09,124.79548,42
2025-02-12 16:00:00+00:00,516.0,19.4895,17.0895,18.127,20.42569,11.444689,14.729951,40993.2,16451.037,38.3,38.3,22.0,48.773357,66.96,49.539692,8.35,1.8320513,716.0798,531.03094,1710821.0,1147950.9,134.5,134.5,319.0,500.44,126.62753,43
2025-02-13 16:00:00+00:00,516.0,19.2395,17.0895,18.068666,16.73768,11.942505,14.386375,41062.184,13660.202,0.5,0.5,4.0,44.436306,60.120003,47.321014,8.29,2.43972,734.14844,545.4173,1751883.1,1161611.1,135.0,135.0,323.0,508.73,129.06725,44
2025-02-14 16:00:00+00:00,516.0,22.1395,18.6395,20.012417,23.8954,16.639828,20.086077,41131.324,37027.812,0.0,0.0,0.0,26.733484,39.239998,21.769825,15.73,3.0272772,754.1608,565.50336,1793014.5,1198639.0,135.0,135.0,323.0,524.46,132.09453,45
2025-02-15 16:00:00+00:00,516.0,22.4395,18.039501,19.856167,23.949726,14.973867,19.685518,41200.574,37064.844,0.0,0.0,0.0,39.04299,50.76,41.041912,17.49,3.1353312,774.01697,585.1889,1834215.1,1235703.9,135.0,135.0,323.0,541.95,135.22986,46
2025-02-16 16:00:00+00:00,516.0,18.8895,16.7395,17.816584,14.652451,11.4326315,12.696533,41270.445,37955.92,0.0,0.0,0.0,46.274006,63.72,57.732517,20.4,4.032092,791.83356,597.88544,1875485.6,1273659.8,135.0,135.0,323.0,562.35004,139.26195,47
2025-02-17 16:00:00+00:00,516.0,21.768,15.318,17.836748,22.703234,13.935968,17.55099,41335.598,34258.25,0.0,0.0,0.0,9.793058,30.960001,68.33979,16.44,3.1765363,809.6703,615.4364,1916821.2,1307918.0,135.0,135.0,323.0,578.79004,142.43848,48
2025-02-18 16:00:00+00:00,516.0,21.518,16.067999,17.972166,22.219969,15.392494,17.927183,41407.324,36203.863,0.0,0.0,0.0,9.021574,38.519997,54.368362,16.38,3.048166,827.64246,633.3636,1958228.6,1344121.9,135.0,135.0,323.0,595.17004,145.48665,49
2025-02-19 16:00:00+00:00,516.0,22.567999,16.268,18.67425,24.404451,16.78957,19.446274,41479.777,36000.0,0.0,0.0,0.0,7.628263,36.36,65.27269,15.38,2.8367913,846.3167,652.8099,1999708.4,1380121.9,135.0,135.0,323.0,610.55005,148.32344,50
2025-02-20 16:00:00+00:00,516.0,22.618,15.618001,18.597166,23.255424,16.110228,18.894838,41552.902,34226.098,0.0,0.0,0.0,12.0694,43.92,72.5895,13.32,2.711065,864.9139,671.7047,2041261.2,1414348.0,135.0,135.0,323.0,623.87006,151.0345,51
2025-02-21 16:00:00+00:00,516.0,22.768,16.618,18.942999,23.578932,15.436651,18.706621,41626.625,36812.527,0.0,0.0,0.0,11.183201,50.039997,61.56481,18.49,3.6260936,883.8569,690.4113,2082887.9,1451160.5,135.0,135.0,323.0,642.36005,154.6606,52
2025-02-22 16:00:00+00:00,516.0,23.168,16.268,18.805498,25.509226,16.693092,19.507381,41700.883,34861.188,0.0,0.0,0.0,9.0,29.16,74.53872,14.76,2.8559914,902.66235,709.9187,2124588.8,1486021.8,135.0,135.0,323.0,657.12006,157.51659,53
2025-02-23 16:00:00+00:00,516.0,19.717999,14.818,17.020084,18.25729,12.185263,15.187476,41775.617,35937.465,0.0,0.0,0.0,17.114204,58.32,72.45782,16.38,3.467077,919.68243,725.1062,2166364.2,1521959.2,135.0,135.0,323.0,673.50006,160.98366,54
2025-02-24 16:00:00+00:00,516.0,20.967999,14.268001,16.851334,22.237532,11.93779,15.952531,41850.75,36032.707,0.0,0.0,0.0,14.689589,51.839996,62.56695,18.57,3.6119764,936.53375,741.0587,2208215.0,1557992.0,135.0,135.0,323.0,692.07007,164.59563,55
2025-02-25 16:00:00+00:00,516.0,20.868,14.218,17.524248,19.988062,14.137468,17.180765,41926.234,36093.125,0.0,0.0,0.0,11.177405,35.28,61.906063,14.16,2.711131,954.058,758.2395,2250141.2,1594085.1,135.0,135.0,323.0,706.23004,167.30676,56
2025-02-26 16:00:00+00:00,516.0,22.717999,16.768,19.19925,23.187704,17.50716,19.839453,42002.004,36353.61,0.0,0.0,0.0,6.87779,29.519999,77.124954,13.87,2.658547,973.2572,778.079,2292143.2,1630438.8,135.0,135.0,323.0,720.10004,169.96532,57
2025-02-27 16:00:00+00:00,516.0,25.368,18.268,21.018002,27.521357,19.06285,21.720228,42077.992,39388.566,0.0,0.0,0.0,15.192682,57.96,71.60522,18.75,3.7811291,994.2752,799.7992,2334221.2,1669827.4,135.0,135.0,323.0,738.85004,173.74644,58
2025-02-28 16:00:00+00:00,516.0,25.768,19.118,21.551332,26.80827,18.750383,21.469276,42154.14,39263.32,0.0,0.0,0.0,16.039202,59.399998,75.73095,19.61,4.3630767,1015.82654,821.2685,2376375.5,1709090.8,135.0,135.0,323.0,758.46,178.10953,59
2025-03-01 16:00:00+00:00,516.0,26.168,19.817999,22.330498,26.995115,20.203508,22.659195,42230.39,38101.42,0.0,0.0,0.0,16.65754,54.36,84.30195,17.54,3.9868557,1038.157,843.9277,2418606.0,1747192.1,135.0,135.0,323.0,776.0,182.09639,60
2025-03-02 16:00:00+00:00,516.0,24.9385,20.838501,22.268312,26.93581,22.104431,23.788696,42306.684,28514.203,0.3,0.3,3.0,15.158522,42.48,161.13896,10.77,2.452705,1060.4253,867.7164,2460912.8,1775706.4,135.3,135.3,326.0,786.77,184.54909,61
2025-03-03 16:00:00+00:00,516.0,21.1385,15.738501,19.003084,22.20069,13.901157,19.538877,42382.96,33359.832,0.0,0.0,0.0,24.192429,29.88,55.054237,11.58,1.9450221,1079.4283,887.25525,2503295.8,1809066.2,135.3,135.3,326.0,798.35004,186.49411,62
2025-03-04 16:00:00+00:00,516.0,16.7885,12.738501,14.811418,14.058409,7.2207584,11.729091,42459.156,35232.023,0.0,0.0,0.0,39.202,51.839996,49.41265,11.74,1.9369869,1094.2397,898.9843,2545755.0,1844298.2,135.3,135.3,326.0,810.09,188.43109,63
2025-03-05 16:00:00+00:00,516.0,17.338501,11.6385,14.161416,14.838581,6.586317,10.491747,42535.223,39733.19,0.0,0.0,0.0,38.18716,52.199997,44.408035,20.56,3.1474319,1108.4011,909.4761,2588290.2,1884031.5,135.3,135.3,326.0,830.65,191.57852,64
2025-03-06 16:00:00+00:00,516.0,19.6385,14.0885,16.369751,20.291643,12.3053875,15.757096,42611.094,30374.996,0.6,0.6,6.0,20.188908,31.319998,50.069073,13.22,2.4242876,1124.7709,925.23315,2630901.2,1914406.5,135.90001,135.90001,332.0,843.87,194.0028,65
2025-03-07 16:00:00+00:00,516.0,19.0385,14.988501,16.41975,18.11689,12.94232,14.371682,42686.734,35916.78,0.0,0.0,0.0,25.812277,33.839996,47.89243,17.2,2.8760152,1141.1907,939.60486,2673588.0,1950323.2,135.90001,135.90001,332.0,861.07,196.87883,66
2025-03-08 16:00:00+00:00,516.0,19.338501,15.488501,17.336416,17.715267,13.116856,15.744245,42762.6,39740.715,0.6,0.0,6.0,24.86868,34.56,53.66626,14.28,2.5073664,1158.5271,955.3491,2716350.5,1990064.0,136.50002,135.90001,338.0,875.35004,199.3862,67
2025-03-09 16:00:00+00:00,516.0,21.338501,16.9385,18.76975,21.445744,15.299545,17.70795,42838.957,38940.01,0.0,0.0,0.0,26.554728,35.64,67.12934,18.71,3.3468988,1177.2969,973.05707,2759189.5,2029004.0,136.50002,135.90001,338.0,894.06006,202.7331,68
2025-03-10 16:00:00+00:00,516.0,21.4385,17.6385,,21.630459,17.888508,,42915.734,,,,3.0,19.33639,23.759998,,,,,,2802105.2,,,,341.0,,,69
