date,elevation,temperature_2m_max,temperature_2m_min,temperature_2m_mean,apparent_temperature_max,apparent_temperature_min,apparent_temperature_mean,daylight_duration,sunshine_duration,precipitation_sum,rain_sum,precipitation_hours,wind_speed_10m_max,wind_gusts_10m_max,wind_direction_10m_dominant,shortwave_radiation_sum,et0_fao_evapotranspiration,cumulative_temperature_2m_mean,cumulative_apparent_temperature_mean,cumulative_daylight_duration,cumulative_sunshine_duration,cumulative_precipitation_sum,cumulative_rain_sum,cumulative_precipitation_hours,cumulative_shortwave_radiation_sum,cumulative_et0_fao_evapotranspiration,day
2025-01-01 16:00:00+00:00,198.0,16.5655,14.5155,15.469668,14.654537,12.718166,13.905518,38288.64,147.83998,5.7,5.7,13.0,24.366573,44.639996,44.414604,2.96,0.81781566,15.469668,13.905518,38288.64,147.83998,5.7,5.7,13.0,2.96,0.81781566,1
2025-01-02 16:00:00+00:00,198.0,14.8155,13.1155,13.746751,12.420685,8.816103,10.1677885,38313.15,5700.021,0.2,0.2,2.0,28.783117,56.16,51.62861,5.09,1.5217586,29.21642,24.073307,76601.79,5847.861,5.8999996,5.8999996,15.0,8.05,2.3395743,2
2025-01-03 16:00:00+00:00,198.0,18.9155,12.3655,15.325917,14.94029,7.840328,11.426038,38339.457,34422.324,0.0,0.0,0.0,30.535341,61.920002,74.211075,11.54,2.920051,44.542336,35.499344,114941.25,40270.184,5.8999996,5.8999996,15.0,19.59,5.2596254,3
2025-01-04 16:00:00+00:00,198.0,19.1155,13.415501,15.315501,19.296143,11.52474,14.7831955,38367.535,26773.352,0.2,0.2,2.0,21.30093,35.28,41.423542,8.37,1.4634799,59.857838,50.28254,153308.78,67043.53,6.0999994,6.0999994,17.0,27.96,6.7231054,4
2025-01-05 16:00:00+00:00,198.0,15.8655,11.5155,13.642583,14.087376,6.7589703,10.695766,38397.363,35471.28,0.0,0.0,0.0,27.050951,51.12,55.77261,14.12,2.4452312,73.50042,60.978306,191706.14,102514.81,6.0999994,6.0999994,17.0,42.079998,9.168337,5
2025-01-06 16:00:00+00:00,198.0,16.4155,10.7155,12.930081,12.470606,5.773574,8.626264,38428.918,35214.566,0.0,0.0,0.0,27.83722,54.0,68.75029,12.59,2.7919192,86.430504,69.60457,230135.06,137729.38,6.0999994,6.0999994,17.0,54.67,11.960257,6
2025-01-07 16:00:00+00:00,198.0,17.8655,11.6155,14.378001,15.691093,8.26537,11.987605,38462.523,32611.883,0.0,0.0,0.0,21.222448,41.399998,65.52385,9.91,2.0388322,100.8085,81.59217,268597.6,170341.25,6.0999994,6.0999994,17.0,64.58,13.999088,7
2025-01-08 16:00:00+00:00,198.0,13.7655,10.0655,12.563416,11.048644,5.386038,8.817239,38498.29,12113.317,0.6,0.6,6.0,28.622265,54.36,52.239365,5.76,1.4706904,113.37192,90.40941,307095.88,182454.56,6.6999993,6.6999993,23.0,70.340004,15.469779,8
2025-01-09 16:00:00+00:00,198.0,10.165501,8.8155,9.5009165,5.0347233,4.115057,4.564441,38536.15,0.0,0.5,0.5,5.0,28.673721,54.719997,51.457542,4.39,1.3476851,122.87283,94.97385,345632.03,182454.56,7.1999993,7.1999993,28.0,74.73,16.817465,9
2025-01-10 16:00:00+00:00,198.0,12.5155,9.3655,10.496751,7.8543034,4.8554335,6.2661457,38576.01,9665.948,1.4000001,1.4000001,11.0,26.729847,52.56,52.323433,5.28,1.4199805,133.36958,101.23999,384208.03,192120.52,8.599999,8.599999,39.0,80.01,18.237446,10
2025-01-11 16:00:00+00:00,198.0,13.6155,9.2655,10.717584,10.277857,4.858921,7.0190673,38617.8,35648.977,0.0,0.0,0.0,20.093191,37.8,55.511093,14.61,2.5670607,144.08717,108.259056,422825.84,227769.5,8.599999,8.599999,39.0,94.62,20.804506,11
2025-01-12 16:00:00+00:00,198.0,17.765501,8.6155,12.619667,14.275524,4.079692,8.4793415,38661.44,35650.305,0.0,0.0,0.0,26.79341,52.199997,78.83637,16.26,3.2101734,156.70685,116.738396,461487.28,263419.8,8.599999,8.599999,39.0,110.880005,24.014679,12
2025-01-13 16:00:00+00:00,198.0,20.015501,8.915501,14.617584,20.833534,6.8202505,13.856041,38706.85,35653.03,0.0,0.0,0.0,16.459915,31.319998,89.12868,15.35,2.6202433,171.32443,130.59444,500194.12,299072.84,8.599999,8.599999,39.0,126.23,26.634922,13
2025-01-14 16:00:00+00:00,198.0,15.2155,9.3155,12.305083,15.924305,4.3796043,9.352006,38753.953,0.0,3.7999997,3.7999997,13.0,29.227144,56.519997,38.773155,3.01,0.7608194,183.62952,139.94644,538948.06,299072.84,12.4,12.4,52.0,129.24,27.39574,14
2025-01-15 16:00:00+00:00,198.0,13.7155,9.0155,10.555083,9.1672735,4.1782227,6.125379,38802.676,27508.023,0.1,0.1,1.0,27.185362,52.199997,54.644684,9.45,1.9835147,194.1846,146.07182,577750.75,326580.88,12.5,12.5,53.0,138.69,29.379255,15
2025-01-16 16:00:00+00:00,198.0,14.2155,10.1155,11.511333,9.390748,5.596386,6.8634987,38852.926,34880.58,0.0,0.0,0.0,27.86921,53.639996,59.89422,11.91,2.5545864,205.69594,152.93532,616603.7,361461.44,12.5,12.5,53.0,150.6,31.933842,16
2025-01-17 16:00:00+00:00,198.0,18.6155,10.0155,14.113416,16.41112,5.9254885,11.780622,38904.64,29894.955,0.4,0.4,4.0,24.957764,47.519997,74.50957,9.77,2.1111917,219.80936,164.71594,655508.3,391356.4,12.9,12.9,57.0,160.37001,34.045033,17
2025-01-18 16:00:00+00:00,198.0,15.1155,11.4655,13.830083,14.943148,9.243973,12.665334,38957.742,22397.87,3.4999995,3.4999995,15.0,16.38,32.039997,32.75289,6.3,1.0150646,233.63943,177.38127,694466.06,413754.28,16.4,16.4,72.0,166.67001,35.060097,18
2025-01-19 16:00:00+00:00,198.0,17.9655,10.8655,13.57175,15.394247,8.036679,10.63007,39012.156,35698.78,0.0,0.0,0.0,24.458813,48.6,63.199017,15.79,2.802377,247.21118,188.01134,733478.25,449453.06,16.4,16.4,72.0,182.46,37.862473,19
2025-01-20 16:00:00+00:00,198.0,19.6655,11.5155,15.009251,17.021154,8.279855,11.834587,39067.8,35711.33,0.0,0.0,0.0,26.07081,53.639996,75.23404,16.55,3.2795703,262.22043,199.84592,772546.06,485164.38,16.4,16.4,72.0,199.01001,41.142044,20
2025-01-21 16:00:00+00:00,198.0,19.6655,12.7155,15.955083,20.394587,10.370926,15.387113,39124.61,31075.633,0.0,0.0,0.0,19.59356,34.92,126.31492,9.91,1.987083,278.1755,215.23303,811670.7,516240.0,16.4,16.4,72.0,208.92001,43.129128,21
2025-01-22 16:00:00+00:00,198.0,16.9155,12.9655,14.794666,16.574818,12.268915,14.564784,39182.508,25730.27,0.5,0.5,5.0,14.256409,25.56,359.0154,9.33,1.398224,292.97018,229.79782,850853.2,541970.25,16.9,16.9,77.0,218.25002,44.52735,22
2025-01-23 16:00:00+00:00,198.0,18.1155,13.5655,15.82175,16.318085,12.540342,14.502362,39241.42,24913.762,0.6,0.6,6.0,24.162947,43.199997,42.16157,8.74,1.4841961,308.79193,244.30019,890094.6,566884.0,17.5,17.5,83.0,226.99002,46.011547,23
2025-01-24 16:00:00+00:00,198.0,17.3155,14.7655,15.68217,15.006151,12.892817,13.743381,39301.285,25415.402,1.0000001,1.0000001,10.0,25.476198,46.44,44.033413,8.03,1.4241244,324.4741,258.04358,929395.94,592299.4,18.5,18.5,93.0,235.02002,47.435673,24
2025-01-25 16:00:00+00:00,198.0,16.6155,11.0155,14.121751,14.095308,7.9171896,11.589011,39362.027,14889.041,6.0,6.0,10.0,25.051706,46.44,32.995747,6.14,1.2349062,338.59586,269.6326,968757.94,607188.44,24.5,24.5,103.0,241.16002,48.670578,25
2025-01-26 16:00:00+00:00,198.0,10.7155,7.2155,8.357167,7.498043,2.6288972,4.1222587,39423.582,21987.248,9.4,9.4,14.0,24.387177,46.8,32.572014,7.33,1.1824703,346.95303,273.75485,1008181.5,629175.7,33.9,33.9,117.0,248.49002,49.85305,26
2025-01-27 16:00:00+00:00,198.0,14.3155,6.8655005,9.896751,10.326294,2.4002433,5.4999003,39486.508,35839.094,0.0,0.0,0.0,25.113064,50.76,65.21283,16.42,2.9397068,356.8498,279.25476,1047668.0,665014.75,33.9,33.9,117.0,264.91003,52.792755,27
2025-01-28 16:00:00+00:00,198.0,15.5655,7.9655,11.178,11.466969,3.4864764,6.549417,39551.035,35940.547,0.0,0.0,0.0,27.667353,54.0,77.90652,17.15,3.2042634,368.0278,285.80417,1087219.0,700955.3,33.9,33.9,117.0,282.06003,55.997017,28
2025-01-29 16:00:00+00:00,198.0,20.2155,9.0655,14.259252,19.72372,5.836462,11.879551,39617.074,35962.867,0.0,0.0,0.0,23.042812,44.28,91.05087,17.33,3.2775197,382.28705,297.68372,1126836.1,736918.2,33.9,33.9,117.0,299.39,59.274536,29
2025-01-30 16:00:00+00:00,198.0,19.265501,12.0155,15.461334,19.20469,9.29752,14.727355,39684.53,29149.17,0.1,0.1,1.0,15.858398,29.88,131.87778,8.02,1.7738919,397.74838,312.41107,1166520.6,766067.4,34.0,34.0,118.0,307.41,61.048428,30
2025-01-31 16:00:00+00:00,198.0,21.0655,15.3655,17.542582,22.164764,13.7651615,17.803297,39753.316,28126.43,2.8000004,2.8000004,14.0,24.20381,44.28,44.28229,8.58,1.5274574,415.29095,330.21436,1206274.0,794193.8,36.8,36.8,132.0,315.99,62.575886,31
2025-02-01 16:00:00+00:00,198.0,16.1655,14.165501,15.007167,14.43055,11.9665165,13.228448,39823.336,9426.887,3.4999993,3.4999993,23.0,21.67487,41.760002,40.52175,6.03,1.1132153,430.29813,343.4428,1246097.4,803620.7,40.3,40.3,155.0,322.02,63.689102,32
2025-02-02 16:00:00+00:00,198.0,14.0655,9.5655,11.673835,11.800983,5.4468985,8.415761,39894.504,0.0,8.900001,8.900001,24.0,25.305208,46.8,32.913467,2.08,0.5735022,441.97195,351.85858,1285991.9,803620.7,49.2,49.2,179.0,324.09998,64.2626,33
2025-02-03 16:00:00+00:00,198.0,12.7155,8.0155,9.79675,8.676283,3.8283892,5.301682,39966.727,34846.85,2.4999998,2.4999998,7.0,26.317575,51.12,53.80412,15.07,2.3504887,451.7687,357.16028,1325958.6,838467.56,51.7,51.7,186.0,339.16998,66.61309,34
2025-02-04 16:00:00+00:00,198.0,16.3655,8.8155,12.288417,13.286068,4.5681286,8.647654,40039.92,36040.824,0.0,0.0,0.0,24.871935,49.68,81.2474,15.25,2.855431,464.05713,365.80792,1365998.5,874508.4,51.7,51.7,186.0,354.41998,69.46852,35
2025-02-05 16:00:00+00:00,198.0,17.6155,11.665501,14.775916,16.155544,8.7950945,12.577207,40114.004,15879.092,0.5,0.5,5.0,20.090773,35.28,75.04656,7.28,1.7694921,478.83304,378.38513,1406112.5,890387.44,52.2,52.2,191.0,361.69998,71.238014,36
2025-02-06 16:00:00+00:00,198.0,14.415501,8.665501,11.888416,12.546562,3.4907289,8.246559,40188.89,0.0,7.999999,7.999999,24.0,29.05983,56.519997,47.75797,2.8,0.90562594,490.72147,386.63168,1446301.4,890387.44,60.2,60.2,215.0,364.49997,72.14364,37
2025-02-07 16:00:00+00:00,198.0,8.2155,6.9154997,7.4884167,2.915545,1.1211114,1.8041509,40264.496,1717.4368,2.5999997,2.5999997,17.0,31.345333,59.399998,53.74214,5.32,1.2959936,498.20987,388.43582,1486565.9,892104.9,62.8,62.8,232.0,369.81998,73.43963,38
2025-02-08 16:00:00+00:00,198.0,12.4655,7.5655003,9.761334,7.6826878,2.4200907,4.8711023,40340.74,26934.496,0.0,0.0,0.0,28.656202,55.079998,58.530285,10.18,2.0925024,507.9712,393.30692,1526906.6,919039.4,62.8,62.8,232.0,379.99997,75.53213,39
2025-02-09 16:00:00+00:00,198.0,18.3155,9.5655,13.39675,16.546791,5.379714,10.061559,40417.54,36404.25,0.0,0.0,0.0,25.071096,47.16,73.68802,15.6,3.010883,521.3679,403.36847,1567324.1,955443.6,62.8,62.8,232.0,395.59998,78.54301,40
2025-02-10 16:00:00+00:00,198.0,21.5655,10.2655,15.93425,23.27169,8.206182,15.797154,40494.82,36402.92,0.0,0.0,0.0,15.484185,32.039997,100.31292,18.44,3.2107422,537.3022,419.16562,1607819.0,991846.56,62.8,62.8,232.0,414.03998,81.753746,41
2025-02-11 16:00:00+00:00,198.0,19.3655,14.3655,17.0655,21.589748,14.491219,18.063341,40572.504,0.0,20.999998,20.999998,19.0,24.709877,54.719997,66.74078,3.28,0.73164463,554.3677,437.22897,1648391.5,991846.56,83.799995,83.799995,251.0,417.31998,82.48539,42
2025-02-12 16:00:00+00:00,198.0,15.0155,12.5655,13.694668,12.4947815,9.397555,10.344157,40650.508,0.0,29.5,29.5,16.0,29.406729,57.96,59.39832,4.44,1.0203191,568.0623,447.57312,1689042.0,991846.56,113.299995,113.299995,267.0,421.75998,83.50571,43
2025-02-13 16:00:00+00:00,198.0,21.015501,13.415501,16.592583,20.218836,9.9426,15.080676,40728.766,35749.938,0.0,0.0,0.0,26.684355,49.68,69.1076,12.8,2.3609943,584.6549,462.6538,1729770.8,1027596.5,113.299995,113.299995,267.0,434.55997,85.8667,44
2025-02-14 16:00:00+00:00,198.0,22.015501,12.3655,16.957167,24.677916,11.804312,18.014116,40807.2,36501.805,0.0,0.0,0.0,11.091564,22.68,13.301702,17.36,2.8440108,601.61206,480.66794,1770578.0,1064098.2,113.299995,113.299995,267.0,451.91998,88.71071,45
2025-02-15 16:00:00+00:00,198.0,19.015501,14.2155,16.348833,18.206053,12.317547,15.774184,40885.742,28029.434,0.2,0.2,2.0,21.565474,39.96,44.526962,11.24,1.8773363,617.9609,496.4421,1811463.8,1092127.6,113.49999,113.49999,269.0,463.15997,90.58804,46
2025-02-16 16:00:00+00:00,198.0,21.192,13.992,16.875334,18.513641,10.28942,14.293036,40970.973,36833.3,0.0,0.0,0.0,26.496098,56.16,52.258297,19.8,4.076083,634.8362,510.73514,1852434.8,1128960.9,113.49999,113.49999,269.0,482.95996,94.66412,47
2025-02-17 16:00:00+00:00,198.0,16.692,14.392,15.308666,14.8140335,11.65172,13.183467,41051.016,18299.363,0.5,0.0,5.0,22.077717,45.719997,43.284237,8.49,1.9830654,650.14484,523.9186,1893485.8,1147260.2,113.99999,113.49999,274.0,491.44995,96.64719,48
2025-02-18 16:00:00+00:00,198.0,19.942,14.042,16.53575,18.856207,12.11075,15.532135,41131.953,29235.428,0.2,0.0,2.0,17.057314,37.079998,44.234615,10.41,2.2335894,666.6806,539.4507,1934617.8,1176495.6,114.19999,113.49999,276.0,501.85995,98.880775,49
2025-02-19 16:00:00+00:00,198.0,20.242,13.092,16.369083,20.711668,13.337994,16.917719,41213.715,29155.477,0.0,0.0,0.0,10.661107,21.24,10.969752,10.15,1.7950406,683.0497,556.3684,1975831.5,1205651.1,114.19999,113.49999,276.0,512.00995,100.67582,50
2025-02-20 16:00:00+00:00,198.0,15.642,13.441999,14.489914,15.183189,10.83643,12.416913,41296.22,2303.8875,0.1,0.1,1.0,24.703974,50.399998,37.27938,5.31,1.2567035,697.5396,568.78534,2017127.8,1207955.0,114.29999,113.59999,277.0,517.31995,101.932526,51
2025-02-21 16:00:00+00:00,198.0,20.792,13.842,16.379498,19.998251,11.683764,14.88201,41379.402,33295.414,0.2,0.0,2.0,21.38897,46.8,41.73709,14.21,2.6616983,713.9191,583.66736,2058507.1,1241250.4,114.499985,113.59999,279.0,531.52997,104.59422,52
2025-02-22 16:00:00+00:00,198.0,14.191999,12.892,13.685749,13.800159,9.117565,11.741039,41463.18,0.0,9.7,9.7,12.0,25.076267,52.199997,34.574284,2.78,0.8099969,727.60486,595.4084,2099970.2,1241250.4,124.19998,123.29999,291.0,534.31,105.40422,53
2025-02-23 16:00:00+00:00,198.0,14.342,11.492,12.675332,9.682264,7.78576,8.607678,41547.48,30660.91,0.0,0.0,0.0,30.319178,65.159996,44.06254,11.73,2.3188539,740.2802,604.01605,2141517.8,1271911.2,124.19998,123.29999,291.0,546.04,107.723076,54
2025-02-24 16:00:00+00:00,198.0,20.142,10.742,14.8169985,20.250303,9.464098,14.562448,41632.24,36000.0,0.0,0.0,0.0,11.720751,30.599998,8.874073,15.25,2.5491223,755.0972,618.5785,2183150.0,1307911.2,124.19998,123.29999,291.0,561.29,110.2722,55
2025-02-25 16:00:00+00:00,198.0,17.392,11.742,15.027416,15.988359,11.506007,14.4702635,41717.38,9578.316,0.0,0.0,0.0,20.696087,43.56,41.36968,9.91,1.5523348,770.12463,633.04877,2224867.5,1317489.6,124.19998,123.29999,291.0,571.19995,111.82454,56
2025-02-26 16:00:00+00:00,198.0,18.392,13.792,15.912831,19.741825,14.1657715,16.93141,41802.836,8328.932,0.3,0.3,3.0,5.937272,20.16,5.8471384,6.57,1.1677816,786.0375,649.98016,2266670.2,1325818.5,124.499985,123.59999,294.0,577.76996,112.99232,57
2025-02-27 16:00:00+00:00,198.0,22.092,12.742,17.467,25.221703,12.772682,18.873075,41888.535,38245.63,0.0,0.0,0.0,10.00256,23.039999,8.180126,17.98,2.9636598,803.50446,668.8532,2308558.8,1364064.1,124.499985,123.59999,294.0,595.74994,115.95598,58
2025-02-28 16:00:00+00:00,198.0,22.592,15.941999,18.394083,25.257895,17.29835,20.373726,41974.41,26832.666,0.0,0.0,0.0,7.24486,19.08,285.77197,13.88,2.4245198,821.89856,689.2269,2350533.2,1390896.8,124.499985,123.59999,294.0,609.62994,118.3805,59
2025-03-01 16:00:00+00:00,198.0,26.0615,16.092,20.960436,27.46238,17.886677,22.366776,42060.395,34537.797,0.0,0.0,0.0,12.599999,12.599999,278.32086,17.86,3.5154355,842.859,711.5937,2392593.8,1425434.5,124.499985,123.59999,294.0,627.4899,121.895935,60
2025-03-02 16:00:00+00:00,198.0,27.1615,18.8115,22.194834,28.895313,19.656244,23.4076,42146.42,39459.645,0.0,0.0,0.0,15.978484,6.4799995,1.5017585,21.29,4.1504116,865.05383,735.0013,2434740.2,1464894.1,124.499985,123.59999,294.0,648.7799,126.04635,61
2025-03-03 16:00:00+00:00,198.0,24.9615,19.511501,21.646914,25.238785,21.666016,23.13076,42232.42,38880.977,0.6,0.3,6.0,17.106628,9.36,255.30447,13.8,2.7632585,886.70074,758.132,2476972.8,1503775.1,125.09998,123.899994,300.0,662.5799,128.8096,62
2025-03-04 16:00:00+00:00,198.0,22.8615,15.461499,19.248999,24.510475,11.843475,19.391504,42318.336,30365.873,11.100003,7.4999995,24.0,32.47591,35.64,44.62481,12.8,2.4503374,905.94977,777.5235,2519291.0,1534141.0,136.19998,131.4,324.0,675.3799,131.25993,63
2025-03-05 16:00:00+00:00,198.0,15.0615,10.8615,12.080251,11.281858,4.866377,7.2461658,42404.094,0.0,9.3,9.3,15.0,35.04596,34.2,51.41436,1.52,1.0626546,918.03,784.76965,2561695.0,1534141.0,145.49998,140.7,339.0,676.8999,132.32259,64
2025-03-06 16:00:00+00:00,198.0,13.5615,10.761499,11.765667,9.086821,4.9771156,7.101616,42489.633,7334.5386,0.6,0.6,3.0,33.40831,29.88,46.399265,4.41,1.7773744,929.7957,791.8713,2604184.8,1541475.5,146.09999,141.3,342.0,681.3099,134.09996,65
2025-03-07 16:00:00+00:00,198.0,11.8615,10.3115,11.01775,8.107369,6.2906437,7.428093,42574.895,465.00745,4.2,4.2,12.0,27.217524,24.119999,40.516823,2.84,0.7736414,940.8135,799.2994,2646759.8,1541940.5,150.29999,145.5,354.0,684.1499,134.8736,66
2025-03-08 16:00:00+00:00,198.0,13.761499,10.6615,11.769834,11.390693,7.9460697,9.284116,42660.426,20252.547,1.8000002,1.8000002,9.0,19.406637,19.8,39.971485,6.53,1.1144727,952.5833,808.5835,2689420.2,1562193.0,152.09999,147.3,363.0,690.67993,135.98807,67
2025-03-09 16:00:00+00:00,198.0,21.9615,10.4115,,23.436737,8.907522,,42746.496,,,,0.0,16.92383,20.519999,,,,,,2732166.8,,,,363.0,,,68
