date,elevation,temperature_2m_max,temperature_2m_min,temperature_2m_mean,apparent_temperature_max,apparent_temperature_min,apparent_temperature_mean,daylight_duration,sunshine_duration,precipitation_sum,rain_sum,precipitation_hours,wind_speed_10m_max,wind_gusts_10m_max,wind_direction_10m_dominant,shortwave_radiation_sum,et0_fao_evapotranspiration,cumulative_temperature_2m_mean,cumulative_apparent_temperature_mean,cumulative_daylight_duration,cumulative_sunshine_duration,cumulative_precipitation_sum,cumulative_rain_sum,cumulative_precipitation_hours,cumulative_shortwave_radiation_sum,cumulative_et0_fao_evapotranspiration,day
2025-01-01 16:00:00+00:00,2360.0,10.0755,8.5255,9.258832,9.472089,7.534645,8.404313,38411.074,0.0,14.300003,14.300003,23.0,5.0432134,36.719997,180.98773,1.41,0.37515745,9.258832,8.404313,38411.074,0.0,14.300003,14.300003,23.0,1.41,0.37515745,1
2025-01-02 16:00:00+00:00,2360.0,10.1755,5.3255,7.9046674,9.11644,2.9458303,6.49943,38434.992,11438.658,2.5999997,2.5999997,20.0,6.8423676,37.079998,121.29846,4.82,0.8699576,17.1635,14.903744,76846.06,11438.658,16.900003,16.900003,43.0,6.23,1.245115,2
2025-01-03 16:00:00+00:00,2360.0,11.3255,3.7754998,7.042167,9.5856085,1.2676053,4.826191,38460.67,34464.395,0.6,0.6,6.0,6.198903,26.28,131.12134,12.44,1.8987789,24.205667,19.729935,115306.734,45903.055,17.500004,17.500004,49.0,18.67,3.143894,3
2025-01-04 16:00:00+00:00,2360.0,8.6755,5.2755,6.615083,5.862282,3.4356833,4.4759183,38488.086,31569.77,2.4999995,2.4999995,18.0,9.761578,46.8,241.82852,9.68,1.3879987,30.820751,24.205853,153794.81,77472.83,20.000004,20.000004,67.0,28.35,4.531893,4
2025-01-05 16:00:00+00:00,2360.0,10.7755,3.2754998,6.5463347,7.971637,1.0780287,4.164732,38517.203,35448.11,1.1,1.1,6.0,5.402999,40.68,199.2012,12.43,1.8713533,37.367085,28.370584,192312.02,112920.94,21.100004,21.100004,73.0,40.78,6.403246,5
2025-01-06 16:00:00+00:00,2360.0,8.4755,2.7254999,5.5067496,6.187627,-0.12733793,2.9325514,38548.008,32433.092,2.1000001,2.1000001,18.0,8.53815,55.8,186.82521,6.98,1.094096,42.873833,31.303135,230860.03,145354.03,23.200005,23.200005,91.0,47.76,7.497342,6
2025-01-07 16:00:00+00:00,2360.0,8.9255,3.3755,5.704666,6.0835896,1.0920768,3.2987604,38580.812,34740.883,1.3000002,1.3000002,13.0,8.211235,48.6,209.27515,10.07,1.4587911,48.5785,34.601894,269440.84,180094.9,24.500004,24.500004,104.0,57.829998,8.956133,7
2025-01-08 16:00:00+00:00,2360.0,8.4755,1.1755,4.7046666,5.345896,-1.3048756,2.2406383,38615.73,23765.213,4.1,4.1,15.0,9.109138,51.12,189.11261,7.37,1.1390465,53.283165,36.842533,308056.56,203860.12,28.600004,28.600004,119.0,65.2,10.09518,8
2025-01-09 16:00:00+00:00,2360.0,5.8255,2.1255,3.5463336,3.8781767,-0.5814915,1.2514518,38652.688,17435.693,6.3999996,6.3999996,24.0,6.5049515,42.12,119.55078,5.55,0.8248442,56.8295,38.093987,346709.25,221295.81,35.000004,35.000004,143.0,70.75,10.920024,9
2025-01-10 16:00:00+00:00,2360.0,4.3255,2.0255,2.9817495,1.9555111,-0.57380676,0.5445623,38691.598,26416.031,11.0,11.0,24.0,6.489992,49.68,188.21576,5.78,0.7773382,59.81125,38.63855,385400.84,247711.84,46.000004,46.000004,167.0,76.53,11.697362,10
2025-01-11 16:00:00+00:00,2360.0,6.9755,1.6755,3.8025835,4.500001,-0.5818,1.2806369,38732.4,32375.746,3.1999993,3.1999993,21.0,5.5596404,45.719997,177.67848,7.8,1.1636422,63.61383,39.919186,424133.25,280087.6,49.200005,49.200005,188.0,84.33,12.861004,11
2025-01-12 16:00:00+00:00,2360.0,9.2255,0.5255,5.067167,6.769931,-2.6128922,2.4757652,38775.004,35714.36,0.5,0.5,5.0,5.495161,41.760002,148.04776,9.11,1.4071866,68.681,42.39495,462908.25,315801.94,49.700005,49.700005,193.0,93.44,14.26819,12
2025-01-13 16:00:00+00:00,2360.0,11.5755,1.8755001,6.8109164,9.486502,-0.22738981,4.754974,38819.336,35224.43,1.3000001,1.3000001,4.0,6.0721655,46.8,220.18933,13.19,1.9917691,75.49191,47.149925,501727.6,351026.38,51.000004,51.000004,197.0,106.630005,16.25996,13
2025-01-14 16:00:00+00:00,2360.0,7.3255,2.9754999,5.4775834,6.0140934,0.4216342,3.7922156,38865.316,3629.9133,9.500002,9.500002,24.0,6.341009,41.399998,98.619705,3.29,0.56090325,80.9695,50.942142,540592.94,354656.28,60.500008,60.500008,221.0,109.920006,16.820864,14
2025-01-15 16:00:00+00:00,2360.0,7.6755,2.7754998,4.452584,5.4033327,0.43816662,2.1905253,38912.883,31387.938,2.9,2.9,24.0,5.815978,45.0,167.25177,7.2,1.0624686,85.42208,53.132668,579505.8,386044.22,63.40001,63.40001,245.0,117.12,17.883333,15
2025-01-16 16:00:00+00:00,2360.0,8.8255,2.2754998,5.192167,6.5298634,-0.4669075,2.767148,38961.95,32868.94,2.8999991,2.8999991,18.0,5.3517847,38.519997,150.45506,7.94,1.2645965,90.61425,55.899815,618467.75,418913.16,66.30001,66.30001,263.0,125.060005,19.14793,16
2025-01-17 16:00:00+00:00,2360.0,8.5255,3.8755,5.552583,5.8178444,1.659543,3.4367487,39012.44,24008.787,2.6000001,2.6000001,15.0,7.689603,52.199997,221.41783,7.07,1.0824051,96.16683,59.336563,657480.2,442921.94,68.90001,68.90001,278.0,132.13,20.230335,17
2025-01-18 16:00:00+00:00,2360.0,9.9755,4.7755,6.4963336,7.718053,2.924551,4.537414,39064.285,33793.73,4.5999994,4.5999994,22.0,7.5019197,47.519997,234.51163,9.38,1.3665332,102.66316,63.873978,696544.5,476715.66,73.50001,73.50001,300.0,141.51001,21.596869,18
2025-01-19 16:00:00+00:00,2360.0,9.9255,2.6755,5.877584,7.472002,0.32585573,3.585869,39117.41,33667.22,2.1000001,2.1000001,16.0,7.44121,46.44,196.62921,8.97,1.3824455,108.54075,67.45985,735661.94,510382.88,75.600006,75.600006,316.0,150.48001,22.979315,19
2025-01-20 16:00:00+00:00,2360.0,10.1255,2.8755,6.410916,7.9170465,0.15928888,4.075043,39171.746,31702.936,0.90000004,0.90000004,8.0,5.2323985,29.519999,153.10703,9.19,1.4753674,114.95167,71.53489,774833.7,542085.8,76.50001,76.50001,324.0,159.67001,24.454681,20
2025-01-21 16:00:00+00:00,2360.0,9.1255,3.9754999,6.1859164,6.231571,2.2862873,4.0493793,39227.215,35783.547,1.1,1.1,10.0,9.0,49.32,222.42514,11.45,1.6317894,121.13758,75.58427,814060.9,577869.4,77.600006,77.600006,334.0,171.12001,26.086472,21
2025-01-22 16:00:00+00:00,2360.0,10.8755,3.9255,6.933834,8.62527,1.9680462,4.854874,39283.746,35798.203,0.8000001,0.8000001,8.0,8.626865,57.239998,231.62743,13.62,2.010489,128.07141,80.43914,853344.6,613667.56,78.40001,78.40001,342.0,184.74,28.09696,22
2025-01-23 16:00:00+00:00,2360.0,12.4755,3.4255,7.5192494,10.3446,0.7941742,5.3115826,39341.273,35480.594,1.4000001,1.4000001,11.0,8.604301,51.12,207.39226,14.09,2.1693068,135.59067,85.750725,892685.9,649148.1,79.80001,79.80001,353.0,198.83,30.266266,23
2025-01-24 16:00:00+00:00,2360.0,11.5755,3.7254999,7.4921665,9.429026,1.5375524,5.5287004,39399.727,35700.785,1.5000002,1.5000002,10.0,4.613762,38.16,172.28825,12.43,1.9216661,143.08284,91.27943,932085.6,684848.94,81.30001,81.30001,363.0,211.26001,32.18793,24
2025-01-25 16:00:00+00:00,2360.0,9.7755,3.2254999,6.30675,7.3013773,1.0721602,4.261151,39459.035,33650.805,4.0000005,4.0000005,21.0,6.2613096,39.96,237.887,11.39,1.6948683,149.38959,95.54058,971544.7,718499.75,85.30001,85.30001,384.0,222.65001,33.8828,25
2025-01-26 16:00:00+00:00,2360.0,2.8255,-0.97449994,1.1775833,0.83115625,-4.113992,-1.2442018,39519.15,8555.113,17.300001,12.9,24.0,5.506941,40.32,39.625565,3.07,0.47528517,150.56717,94.29638,1011063.8,727054.9,102.60001,98.20001,408.0,225.72002,34.358086,26
2025-01-27 16:00:00+00:00,2360.0,6.5755,-3.6745,1.1317499,4.1092253,-7.2876987,-1.9885378,39580.594,35892.863,1.3000001,1.3000001,12.0,5.5887027,34.92,112.71842,14.46,1.9167913,151.69891,92.30784,1050644.4,762947.75,103.90002,99.500015,420.0,240.18002,36.274876,27
2025-01-28 16:00:00+00:00,2360.0,6.1254997,-1.4245,2.2629998,2.9772773,-4.64065,-0.738331,39643.605,35915.523,1.4000002,1.4000002,13.0,5.815978,41.760002,165.96368,10.44,1.4402075,153.96191,91.5695,1090288.0,798863.25,105.30002,100.90002,433.0,250.62003,37.715084,28
2025-01-29 16:00:00+00:00,2360.0,9.4255,1.5255,4.8005004,7.000863,-0.9875994,2.432474,39708.098,35251.355,0.4,0.4,4.0,5.020677,37.44,154.82648,11.25,1.6587554,158.76242,94.001976,1129996.1,834114.6,105.70002,101.30002,437.0,261.87003,39.37384,29
2025-01-30 16:00:00+00:00,2360.0,9.1255,2.3255,5.883833,8.031855,0.08908844,4.3381863,39773.977,7575.8184,4.7000003,4.7000003,17.0,3.2846913,43.56,121.11874,4.83,0.84898984,164.64626,98.340164,1169770.1,841690.44,110.40002,106.000015,454.0,266.7,40.22283,30
2025-01-31 16:00:00+00:00,2360.0,12.3255,7.0255,9.363,11.8708515,5.977372,8.695178,39841.145,26490.756,11.299999,11.299999,23.0,3.536439,49.32,178.6361,7.86,1.3433383,174.00926,107.03534,1209611.2,868181.2,121.70001,117.30002,477.0,274.56,41.56617,31
2025-02-01 16:00:00+00:00,2360.0,11.1755,6.4255,9.210917,8.946007,4.549176,7.6257534,39909.527,19533.719,4.0,4.0,23.0,8.893166,64.799995,230.17412,6.4,1.1378617,183.22018,114.661095,1249520.8,887714.9,125.70001,121.30002,500.0,280.96,42.704033,32
2025-02-02 16:00:00+00:00,2360.0,7.2755,3.3255,5.4129996,5.6273527,1.1807771,3.628033,39979.03,10722.104,11.599999,11.599999,24.0,5.441838,46.079998,212.77031,4.83,0.7714878,188.63318,118.28913,1289499.8,898437.0,137.30002,132.90002,524.0,285.78998,43.47552,33
2025-02-03 16:00:00+00:00,2360.0,5.3754997,1.1255,3.0755002,3.7590456,-1.6277409,0.7637057,40049.566,12442.022,7.799999,7.799999,24.0,6.3231,35.28,125.676476,5.49,0.83181757,191.70868,119.05283,1329549.4,910879.0,145.10002,140.70003,548.0,291.27997,44.30734,34
2025-02-04 16:00:00+00:00,2360.0,4.9255,1.7755,3.2755003,2.312132,-0.76879954,0.6944111,40121.06,30101.336,5.9999995,5.9999995,24.0,8.958504,61.56,216.55252,7.12,0.9162785,194.98418,119.747246,1369670.4,940980.3,151.10002,146.70003,572.0,298.39996,45.223618,35
2025-02-05 16:00:00+00:00,2360.0,7.8255,2.8755,5.2359166,5.4693365,0.5316658,3.1800807,40193.41,14614.307,4.1,4.1,23.0,7.823272,50.399998,224.99986,5.83,0.88820505,200.2201,122.92733,1409863.8,955594.6,155.20003,150.80003,595.0,304.22995,46.111824,36
2025-02-06 16:00:00+00:00,2360.0,10.0255,3.6755,6.3192515,7.90189,1.3865457,4.445278,40266.547,34189.367,1.8000002,1.8000002,13.0,6.9480934,49.32,186.47939,8.31,1.2894126,206.53934,127.372604,1450130.2,989784.0,157.00003,152.60004,608.0,312.53995,47.401237,37
2025-02-07 16:00:00+00:00,2360.0,6.7755,2.9255,4.3025837,5.233591,0.3660531,2.2381551,40340.395,10428.607,3.8999996,3.8999996,24.0,6.048107,46.8,135.15657,5.68,0.8555168,210.84192,129.61076,1490470.6,1000212.6,160.90002,156.50003,632.0,318.21994,48.256756,38
2025-02-08 16:00:00+00:00,2360.0,8.2255,2.7754998,4.7504992,6.2443104,0.45158577,2.4407122,40414.863,23756.775,2.7999995,2.7999995,22.0,6.8777895,48.6,166.82935,7.28,1.1142329,215.59242,132.05148,1530885.5,1023969.4,163.70003,159.30003,654.0,325.49994,49.370987,39
2025-02-09 16:00:00+00:00,2360.0,9.5755,3.5254998,6.0921664,7.0884914,1.1917706,3.9877453,40489.875,36000.0,0.6,0.6,6.0,6.601363,51.48,190.76904,9.71,1.4722345,221.68459,136.03923,1571375.4,1059969.4,164.30003,159.90004,660.0,335.20993,50.84322,40
2025-02-10 16:00:00+00:00,2360.0,13.2755,3.2754998,8.215083,11.974358,1.356555,6.6233163,40565.363,36000.0,0.0,0.0,0.0,5.223103,42.839996,175.14699,14.58,2.3136058,229.89967,142.66255,1611940.8,1095969.4,164.30003,159.90004,660.0,349.78992,53.156826,41
2025-02-11 16:00:00+00:00,2360.0,11.6255,7.5255,9.579667,11.731462,6.390401,9.201483,40641.24,0.0,34.7,34.7,23.0,3.438895,38.519997,91.648315,2.22,0.5362235,239.47934,151.86403,1652582.0,1095969.4,199.00003,194.60004,683.0,352.00992,53.69305,42
2025-02-12 16:00:00+00:00,2360.0,10.3255,7.9255,9.088,9.831696,6.6555576,8.135399,40717.438,0.0,47.399998,47.399998,21.0,5.720489,38.519997,122.81376,2.14,0.4751148,248.56734,159.99942,1693299.5,1095969.4,246.40002,242.00003,704.0,354.14993,54.168163,43
2025-02-13 16:00:00+00:00,2360.0,14.2765,7.3265,10.247334,13.0587845,5.0523233,8.165044,40784.145,34387.902,0.0,0.0,0.0,12.096214,79.92,230.86456,15.0,2.352033,258.81467,168.16446,1734083.6,1130357.2,246.40002,242.00003,704.0,369.14993,56.520195,44
2025-02-14 16:00:00+00:00,2360.0,16.0765,7.0265,10.32025,13.985973,4.3854885,7.8088956,40861.03,37799.027,0.0,0.0,0.0,15.277749,90.36,228.1513,20.98,3.2721775,269.13492,175.97336,1774944.6,1168156.2,246.40002,242.00003,704.0,390.12994,59.792374,45
2025-02-15 16:00:00+00:00,2360.0,16.276499,6.4265003,10.474416,14.225491,3.5944543,7.310249,40938.027,37844.62,0.0,0.0,0.0,15.192682,82.439995,237.83112,22.5,3.9051173,279.60934,183.2836,1815882.6,1206000.9,246.40002,242.00003,704.0,412.62994,63.69749,46
2025-02-16 16:00:00+00:00,2360.0,16.5765,5.8265,9.849418,14.439245,2.3131142,6.728744,41015.715,37943.66,0.0,0.0,0.0,13.1041975,79.56,248.89366,22.66,3.870302,289.45877,190.01234,1856898.4,1243944.5,246.40002,242.00003,704.0,435.28995,67.567795,47
2025-02-17 16:00:00+00:00,2360.0,11.4765005,5.1265,7.889,7.9386206,1.8923817,4.793189,41094.363,35551.098,0.0,0.0,0.0,14.332341,82.079994,254.48601,13.76,2.2439685,297.34778,194.80553,1897992.8,1279495.6,246.40002,242.00003,704.0,449.04996,69.81176,48
2025-02-18 16:00:00+00:00,2360.0,12.0265,4.3265,7.5452495,8.435464,1.8201652,4.866196,41173.9,36030.594,0.0,0.0,0.0,11.879999,78.479996,256.97513,13.62,2.1653762,304.89304,199.67172,1939166.6,1315526.2,246.40002,242.00003,704.0,462.66995,71.977135,49
2025-02-19 16:00:00+00:00,2360.0,12.1265,3.6764998,7.4973335,8.985219,1.0076165,4.861231,41254.234,37064.098,0.0,0.0,0.0,11.090103,70.2,251.3282,15.04,2.2994604,312.39038,204.53296,1980420.9,1352590.4,246.40002,242.00003,704.0,477.70996,74.276596,50
2025-02-20 16:00:00+00:00,2360.0,11.1765,4.8765,7.6848335,7.9959106,2.4936037,5.009182,41335.316,36364.715,0.1,0.0,1.0,12.313893,72.0,247.58018,12.53,1.9281583,320.07523,209.54214,2021756.2,1388955.1,246.50003,242.00003,705.0,490.23996,76.20476,51
2025-02-21 16:00:00+00:00,2360.0,12.0265,4.2265,7.7806664,9.07839,1.5854073,5.309343,41417.047,35038.19,0.0,0.0,0.0,11.631956,68.03999,239.1964,12.52,1.9855274,327.8559,214.85149,2063173.2,1423993.4,246.50003,242.00003,705.0,502.75995,78.190285,52
2025-02-22 16:00:00+00:00,2360.0,10.0765,5.9765,7.641083,7.7948017,3.4836955,5.3752923,41499.37,14061.683,0.6,0.3,6.0,8.654986,76.32,253.0673,5.57,1.0092814,335.49698,220.22678,2104672.5,1438055.0,247.10004,242.30003,711.0,508.32996,79.19957,53
2025-02-23 16:00:00+00:00,2360.0,11.9765005,5.0765,7.861917,8.669476,2.0350065,5.1843743,41582.22,38098.918,0.0,0.0,0.0,12.24,82.439995,255.8843,13.69,2.1088207,343.3589,225.41115,2146254.8,1476153.9,247.10004,242.30003,711.0,522.01996,81.30839,54
2025-02-24 16:00:00+00:00,2360.0,14.0265,4.8765,9.205667,12.14336,1.7742839,6.8306713,41665.504,38981.15,0.0,0.0,0.0,9.531505,64.079994,269.18347,17.77,2.8176012,352.56454,232.24182,2187920.2,1515135.0,247.10004,242.30003,711.0,539.79,84.12599,55
2025-02-25 16:00:00+00:00,2360.0,14.0265,5.6265,9.041082,12.769623,3.2275581,7.263642,41749.17,37291.043,0.90000004,0.90000004,3.0,6.151683,55.079998,235.30473,15.7,2.5008328,361.60562,239.50546,2229669.5,1552426.0,248.00003,243.20003,714.0,555.49,86.62682,56
2025-02-26 16:00:00+00:00,2360.0,8.6265,6.4765,7.5620213,7.322323,4.5342703,6.045683,41833.15,2201.598,4.799999,4.4999995,15.0,8.404285,56.519997,234.41089,1.78,0.38576478,369.16763,245.55115,2271502.8,1554627.6,252.80003,247.70003,729.0,557.27,87.01259,57
2025-02-27 16:00:00+00:00,2360.0,15.5,5.4,9.495833,14.417671,2.707993,7.8058643,41917.367,39249.29,0.0,0.0,0.0,14.458382,9.36,222.04115,24.32,3.5584393,378.66345,253.35701,2313420.0,1593876.9,252.80003,247.70003,729.0,581.59,90.57103,58
2025-02-28 16:00:00+00:00,2360.0,12.85,5.75,9.260415,9.8770485,2.5381107,6.9814434,42001.758,29820.61,1.2,1.2,6.0,8.0899935,10.799999,175.51962,12.37,2.0275555,387.92386,260.33844,2355421.8,1623697.5,254.00003,248.90002,735.0,593.96,92.59859,59
2025-03-01 16:00:00+00:00,2360.0,12.95,8.25,9.79375,12.269787,6.6261444,8.433658,42086.26,38736.89,4.799999,0.29999998,21.0,12.181625,19.08,229.05241,15.31,2.0427284,397.71762,268.7721,2397508.0,1662434.4,258.80002,249.20003,756.0,609.27,94.64131,60
2025-03-02 16:00:00+00:00,2360.0,16.05,7.65,10.720834,15.143202,6.0021544,9.293002,42170.805,39510.57,4.4999995,4.2,9.0,16.981165,19.44,243.43501,23.66,3.4540281,408.43845,278.0651,2439678.8,1701945.0,263.30002,253.40002,765.0,632.93,98.09534,61
2025-03-03 16:00:00+00:00,2360.0,13.15,5.1,8.466667,12.228024,3.4578538,6.8657823,42255.324,38181.543,0.3,0.0,3.0,13.1041975,13.32,248.83861,19.25,2.550561,416.90512,284.93088,2481934.0,1740126.5,263.6,253.40002,768.0,652.18,100.6459,62
2025-03-04 16:00:00+00:00,2360.0,8.35,4.35,6.533333,5.992816,2.858285,4.565311,42339.758,15398.512,1.8,1.8,6.0,12.904882,12.959999,226.16115,5.67,0.8087089,423.43845,289.4962,2524273.8,1755525.0,265.4,255.20003,774.0,657.85,101.454605,63
2025-03-05 16:00:00+00:00,2360.0,7.25,5.15,5.9812493,4.7425337,2.8884254,3.7850626,42424.035,6697.534,4.799999,4.799999,12.0,11.043261,10.799999,241.81433,3.83,0.58754826,429.4197,293.28125,2566697.8,1762222.5,270.19998,260.00003,786.0,661.68,102.04215,64
2025-03-06 16:00:00+00:00,2360.0,5.45,4.15,5.0104165,3.6977963,1.866406,2.857973,42508.098,0.0,3.3,3.3,12.0,9.339208,12.959999,240.4613,1.23,0.29455566,434.4301,296.13922,2609205.8,1762222.5,273.49997,263.30002,798.0,662.91,102.33671,65
