date,elevation,temperature_2m_max,temperature_2m_min,temperature_2m_mean,apparent_temperature_max,apparent_temperature_min,apparent_temperature_mean,daylight_duration,sunshine_duration,precipitation_sum,rain_sum,precipitation_hours,wind_speed_10m_max,wind_gusts_10m_max,wind_direction_10m_dominant,shortwave_radiation_sum,et0_fao_evapotranspiration,cumulative_temperature_2m_mean,cumulative_apparent_temperature_mean,cumulative_daylight_duration,cumulative_sunshine_duration,cumulative_precipitation_sum,cumulative_rain_sum,cumulative_precipitation_hours,cumulative_shortwave_radiation_sum,cumulative_et0_fao_evapotranspiration,day
2025-01-01 16:00:00+00:00,0.0,17.835,16.535,17.159998,16.5324,14.083878,15.179582,38508.28,0.0,6.2999997,6.2999997,11.0,30.950054,50.76,9.079866,2.45,1.1061692,17.159998,15.179582,38508.28,0.0,6.2999997,6.2999997,11.0,2.45,1.1061692,1
2025-01-02 16:00:00+00:00,0.0,17.935,15.835,16.737083,14.217642,11.982685,12.768037,38531.74,26803.7,0.0,0.0,0.0,39.771442,70.56,9.985768,8.07,2.427033,33.89708,27.947618,77040.016,26803.7,6.2999997,6.2999997,11.0,10.5199995,3.5332022,2
2025-01-03 16:00:00+00:00,0.0,21.085,15.635,17.774584,21.061981,12.836655,16.819468,38556.92,35597.27,0.0,0.0,0.0,23.233253,36.0,6.4836845,15.51,2.8844337,51.67166,44.767086,115596.94,62400.97,6.2999997,6.2999997,11.0,26.029999,6.417636,3
2025-01-04 16:00:00+00:00,0.0,19.435,14.835,16.870417,19.101446,13.375647,15.671223,38583.8,28404.926,0.0,0.0,0.0,26.105585,43.92,5.841756,9.57,1.698879,68.542076,60.43831,154180.73,90805.89,6.2999997,6.2999997,11.0,35.6,8.116515,4
2025-01-05 16:00:00+00:00,0.0,18.935,14.885,16.86625,15.202442,12.938904,14.073959,38612.355,35575.504,0.1,0.1,1.0,34.569374,63.72,13.982112,17.15,3.0909238,85.408325,74.51227,192793.1,126381.39,6.3999996,6.3999996,12.0,52.75,11.207439,5
2025-01-06 16:00:00+00:00,0.0,19.085,14.435,16.122501,17.330378,12.53664,14.3193245,38642.566,35567.42,0.0,0.0,0.0,20.83806,35.64,15.093479,14.65,2.789547,101.53082,88.83159,231435.66,161948.81,6.3999996,6.3999996,12.0,67.4,13.996986,6
2025-01-07 16:00:00+00:00,0.0,19.785,14.985001,16.91625,18.41696,13.406349,15.375893,38674.734,35560.992,0.0,0.0,0.0,25.816042,45.0,10.885482,15.39,2.7306542,118.447075,104.20748,270110.38,197509.81,6.3999996,6.3999996,12.0,82.79,16.72764,7
2025-01-08 16:00:00+00:00,0.0,17.885,14.385,16.255835,14.508949,9.353296,12.928361,38708.98,35017.57,0.0,0.0,0.0,34.987206,60.120003,11.278969,12.71,2.7048461,134.70291,117.13584,308819.34,232527.38,6.3999996,6.3999996,12.0,95.5,19.432486,8
2025-01-09 16:00:00+00:00,0.0,15.085,13.035001,14.005834,9.643084,7.1186857,8.285214,38745.22,35552.18,0.0,0.0,0.0,40.81279,70.56,10.237583,13.59,3.092292,148.70874,125.42106,347564.56,268079.56,6.3999996,6.3999996,12.0,109.09,22.524778,9
2025-01-10 16:00:00+00:00,0.0,16.635,13.485001,14.495418,12.5810795,8.862945,10.042169,38783.383,35549.8,0.0,0.0,0.0,38.066914,66.24,8.986047,15.6,3.1042213,163.20416,135.46323,386347.94,303629.38,6.3999996,6.3999996,12.0,124.689995,25.629,10
2025-01-11 16:00:00+00:00,0.0,16.635,12.985001,14.395417,11.429327,7.894308,9.741309,38823.4,35548.785,0.0,0.0,0.0,35.33918,61.56,12.2544565,17.35,3.6011224,177.59958,145.20453,425171.34,339178.16,6.3999996,6.3999996,12.0,142.04,29.230122,11
2025-01-12 16:00:00+00:00,0.0,19.085,13.385,15.574584,17.426567,10.772637,14.027668,38865.176,35549.12,0.0,0.0,0.0,16.029097,29.16,12.549207,17.57,3.0778089,193.17416,159.2322,464036.53,374727.28,6.3999996,6.3999996,12.0,159.60999,32.30793,12
2025-01-13 16:00:00+00:00,0.0,19.385,12.385,16.253748,19.044363,11.412487,15.860728,38908.656,35550.83,0.5,0.5,1.0,16.956345,32.399998,354.31595,16.16,2.541551,209.42792,175.09293,502945.2,410278.12,6.8999996,6.8999996,13.0,175.76999,34.84948,13
2025-01-14 16:00:00+00:00,0.0,16.535,13.335,15.1329155,15.636036,8.110727,11.488273,38953.758,6522.164,5.3,5.3,9.0,40.17993,68.4,13.070814,4.2,1.3933005,224.56084,186.58119,541898.94,416800.28,12.2,12.2,22.0,179.96999,36.24278,14
2025-01-15 16:00:00+00:00,0.0,16.285,12.635,13.874585,11.872202,7.613018,9.244283,39000.402,35558.312,0.0,0.0,0.0,37.64927,65.520004,10.038812,15.72,3.04132,238.43542,195.82547,580899.3,452358.6,12.2,12.2,22.0,195.68999,39.2841,15
2025-01-16 16:00:00+00:00,0.0,17.335,12.835,14.524582,14.007881,8.671585,10.9257965,39048.527,35564.105,0.0,0.0,0.0,28.205488,48.6,12.212656,17.09,3.1482482,252.96,206.75127,619947.8,487922.7,12.2,12.2,22.0,212.77998,42.432346,16
2025-01-17 16:00:00+00:00,0.0,18.635,13.585,15.912083,16.52976,12.039854,14.371101,39098.047,34427.992,0.5,0.5,5.0,20.929596,36.719997,5.396769,9.96,2.021372,268.8721,221.12238,659045.9,522350.7,12.7,12.7,27.0,222.73999,44.45372,17
2025-01-18 16:00:00+00:00,0.0,18.285,14.785001,16.1475,15.627283,12.786568,14.120277,39148.9,35132.223,0.0,0.0,0.0,29.414997,52.92,12.849721,13.81,2.1325161,285.0196,235.24265,698194.75,557482.94,12.7,12.7,27.0,236.54999,46.586235,18
2025-01-19 16:00:00+00:00,0.0,19.835,14.685,16.462082,19.123978,12.615145,14.604117,39201.004,35673.24,0.0,0.0,0.0,27.16569,46.8,10.622738,16.75,3.1119664,301.4817,249.84676,737395.75,593156.2,12.7,12.7,27.0,253.29999,49.6982,19
2025-01-20 16:00:00+00:00,0.0,20.435,14.535001,16.99125,20.169489,13.247147,16.319906,39254.293,35682.176,0.0,0.0,0.0,16.663374,30.599998,6.085006,16.77,2.873701,318.47293,266.16666,776650.06,628838.4,12.7,12.7,27.0,270.06998,52.5719,20
2025-01-21 16:00:00+00:00,0.0,19.535,13.635,16.753752,18.989672,13.744957,16.575052,39308.7,35613.723,0.0,0.0,0.0,18.175545,35.28,348.56802,14.9,2.2753394,335.22668,282.7417,815958.75,664452.1,12.7,12.7,27.0,284.96997,54.84724,21
2025-01-22 16:00:00+00:00,0.0,20.035,15.285001,16.86625,17.943235,14.091146,15.386044,39364.152,34363.83,0.1,0.1,1.0,28.410364,46.079998,13.837489,15.21,2.3419254,352.09293,298.12775,855322.9,698815.94,12.8,12.8,28.0,300.17996,57.189167,22
2025-01-23 16:00:00+00:00,0.0,20.484999,15.835,17.422499,18.972866,13.562939,15.834141,39420.574,35643.29,0.0,0.0,0.0,26.63635,47.519997,10.520982,15.4,2.544115,369.5154,313.96188,894743.44,734459.25,12.8,12.8,28.0,315.57996,59.733284,23
2025-01-24 16:00:00+00:00,0.0,20.585,15.935,17.374582,19.190659,13.900452,15.774227,39477.91,35725.953,0.0,0.0,0.0,30.657122,53.639996,12.361172,16.31,2.6333091,386.88998,329.7361,934221.4,770185.2,12.8,12.8,28.0,331.88995,62.366592,24
2025-01-25 16:00:00+00:00,0.0,19.234999,14.285001,16.2475,16.649397,9.378281,13.116328,39536.086,35678.477,0.0,0.0,0.0,39.10021,70.92,7.9025197,15.08,2.5363836,403.13748,342.85245,973757.44,805863.7,12.8,12.8,28.0,346.96994,64.90298,25
2025-01-26 16:00:00+00:00,0.0,13.835,11.385,12.343333,8.887308,4.489502,6.0406384,39595.05,18085.23,1.6000001,1.6000001,10.0,44.483677,77.76,11.470283,7.28,2.3820739,415.4808,348.8931,1013352.5,823948.94,14.400001,14.400001,38.0,354.24994,67.28505,26
2025-01-27 16:00:00+00:00,0.0,16.535,11.985001,13.814168,11.605676,5.5086737,8.438637,39655.324,36033.223,0.0,0.0,0.0,36.429882,63.72,11.092314,17.11,3.9742222,429.29498,357.33173,1053007.9,859982.2,14.400001,14.400001,38.0,371.35992,71.25927,27
2025-01-28 16:00:00+00:00,0.0,18.435,12.885,15.016251,16.009382,8.817015,12.118686,39717.137,36146.836,0.0,0.0,0.0,23.023119,39.239998,8.786715,17.34,3.50411,444.31122,369.4504,1092725.0,896129.0,14.400001,14.400001,38.0,388.69992,74.76338,28
2025-01-29 16:00:00+00:00,0.0,19.585,12.135,15.666247,19.430859,11.570971,15.23837,39780.4,36358.293,0.0,0.0,0.0,15.14783,27.72,349.5204,18.44,2.9617865,459.97748,384.68878,1132505.4,932487.3,14.400001,14.400001,38.0,407.13992,77.72517,29
2025-01-30 16:00:00+00:00,0.0,18.785,13.135,16.091248,18.319279,12.329458,15.704713,39845.02,18218.053,2.7,2.7,5.0,14.572219,22.319998,0.5957476,7.92,1.6100641,476.06873,400.3935,1172350.4,950705.4,17.1,17.1,43.0,415.05994,79.33523,30
2025-01-31 16:00:00+00:00,0.0,20.535,15.335,17.639166,20.393932,14.376974,17.070368,39910.914,35790.152,7.7,7.7,16.0,26.516266,38.88,12.534535,12.09,2.026476,493.7079,417.46387,1212261.2,986495.5,24.8,24.8,59.0,427.14993,81.3617,31
2025-02-01 16:00:00+00:00,0.0,19.335,15.735001,16.84125,17.999514,13.227594,14.756512,39977.996,36257.11,0.7,0.7,2.0,30.274265,52.92,8.100445,17.38,2.6034753,510.54913,432.22037,1252239.2,1022752.6,25.5,25.5,61.0,444.52994,83.96518,32
2025-02-02 16:00:00+00:00,0.0,15.585,12.935,14.589166,13.771431,7.0068417,10.220636,40046.18,34604.473,0.0,0.0,0.0,42.700993,74.520004,9.8746,12.56,2.1886146,525.1383,442.441,1292285.4,1057357.1,25.5,25.5,61.0,457.08994,86.15379,33
2025-02-03 16:00:00+00:00,0.0,15.785001,12.435,13.632918,10.873139,6.2742996,8.307207,40115.375,36316.88,0.0,0.0,0.0,40.36377,68.03999,11.897456,13.96,3.1956573,538.77124,450.74823,1332400.8,1093674.0,25.5,25.5,61.0,471.04993,89.34945,34
2025-02-04 16:00:00+00:00,0.0,18.535,13.335,15.695416,17.465038,10.032927,13.82111,40185.508,36451.99,0.0,0.0,0.0,19.514856,32.760002,3.3980784,16.56,3.1507704,554.4667,464.56934,1372586.2,1130126.0,25.5,25.5,61.0,487.60992,92.50022,35
2025-02-05 16:00:00+00:00,0.0,19.685,14.535001,16.574583,19.586391,14.373814,15.955518,40256.492,34297.74,0.1,0.1,1.0,20.539726,34.56,1.8813667,14.28,2.4856718,571.04126,480.52484,1412842.8,1164423.8,25.6,25.6,62.0,501.88992,94.98589,36
2025-02-06 16:00:00+00:00,0.0,17.335,12.535001,15.080833,14.482792,5.994503,10.804408,40328.246,36936.805,0.0,0.0,0.0,43.403893,77.03999,7.538334,17.64,2.8181314,586.1221,491.32925,1453171.0,1201360.5,25.6,25.6,62.0,519.5299,97.80402,37
2025-02-07 16:00:00+00:00,0.0,13.035001,11.185,12.180835,6.799885,4.805318,5.914376,40400.69,36395.97,0.0,0.0,0.0,42.407097,76.67999,10.31389,15.67,2.9421005,598.3029,497.24362,1493571.8,1237756.5,25.6,25.6,62.0,535.1999,100.746124,38
2025-02-08 16:00:00+00:00,0.0,16.335,11.485001,13.3099985,12.142838,6.7073956,8.830731,40473.754,36613.758,0.0,0.0,0.0,34.11938,57.96,12.804273,18.17,3.2267625,611.6129,506.07434,1534045.5,1274370.2,25.6,25.6,62.0,553.3699,103.972885,39
2025-02-09 16:00:00+00:00,0.0,18.935,12.585,15.301666,17.522228,10.659939,13.468957,40547.348,37285.754,0.0,0.0,0.0,23.046328,40.32,8.173104,19.54,3.176781,626.91455,519.5433,1574592.9,1311656.0,25.6,25.6,62.0,572.90985,107.149666,40
2025-02-10 16:00:00+00:00,0.0,19.635,11.485001,15.730832,19.357666,10.062182,15.061151,40621.41,36724.95,0.0,0.0,0.0,21.535404,36.0,356.76822,19.66,2.9139273,642.6454,534.60443,1615214.2,1348381.0,25.6,25.6,62.0,592.5698,110.06359,41
2025-02-11 16:00:00+00:00,0.0,17.835,15.185,16.526667,18.598076,14.479902,16.338423,40695.855,0.0,51.1,51.1,22.0,22.723528,38.16,11.341028,2.46,0.6582515,659.17206,550.9429,1655910.1,1348381.0,76.7,76.7,84.0,595.02985,110.72184,42
2025-02-12 16:00:00+00:00,0.0,16.734999,14.885,15.316251,14.7817745,11.098892,12.287025,40770.613,0.0,33.799995,33.799995,20.0,35.157185,56.519997,9.135355,3.29,0.9790698,674.4883,563.2299,1696680.8,1348381.0,110.49999,110.49999,104.0,598.3198,111.70091,43
2025-02-13 16:00:00+00:00,0.0,18.285,15.385,16.643332,17.203478,13.028259,15.316934,40845.617,22623.65,0.5,0.5,3.0,22.304028,35.64,3.3102696,8.18,1.6231388,691.1316,578.5469,1737526.4,1371004.6,110.99999,110.99999,107.0,606.4998,113.32405,44
2025-02-14 16:00:00+00:00,0.0,19.984999,15.335,17.251665,20.784967,14.509846,17.15341,40920.785,37670.938,0.0,0.0,0.0,18.202265,33.839996,1.8692089,18.73,2.6932895,708.38324,595.70026,1778447.1,1408675.5,110.99999,110.99999,107.0,625.2298,116.01734,45
2025-02-15 16:00:00+00:00,0.0,20.835,15.185,17.407917,20.314835,14.159161,16.319407,40996.07,37918.29,0.0,0.0,0.0,27.965536,49.68,11.028615,19.27,2.8128564,725.79114,612.01965,1819443.2,1446593.8,110.99999,110.99999,107.0,644.4998,118.8302,46
2025-02-16 16:00:00+00:00,0.0,20.613,15.863,17.610914,18.262882,13.064325,14.9998665,41089.73,36222.047,0.0,0.0,0.0,29.337238,49.32,11.238316,18.84,3.758118,743.40204,627.01953,1860533.0,1482815.8,110.99999,110.99999,107.0,663.33984,122.58832,47
2025-02-17 16:00:00+00:00,0.0,17.563,15.212999,16.0255,14.213766,11.519345,12.613746,41166.074,33760.22,0.0,0.0,0.0,35.945957,62.279995,11.286797,14.4,2.5071301,759.42755,639.6333,1901699.1,1516576.0,110.99999,110.99999,107.0,677.73987,125.09545,48
2025-02-18 16:00:00+00:00,0.0,19.163,14.863,16.358833,18.744818,13.027945,14.347232,41243.285,36332.047,0.0,0.0,0.0,29.522196,50.76,7.4681606,19.09,3.0439548,775.7864,653.9805,1942942.4,1552908.0,110.99999,110.99999,107.0,696.8299,128.1394,49
2025-02-19 16:00:00+00:00,0.0,17.513,15.212999,16.215086,15.4435425,12.669958,14.369208,41321.28,23718.842,0.0,0.0,0.0,27.381308,46.44,6.438974,11.82,1.8143405,792.00146,668.34973,1984263.6,1576626.9,110.99999,110.99999,107.0,708.6499,129.95375,50
2025-02-20 16:00:00+00:00,0.0,17.963001,15.113,15.929666,14.252182,10.5024185,11.947495,41399.984,30689.54,0.0,0.0,0.0,42.021423,73.439995,12.672464,15.47,2.4745712,807.93115,680.29724,2025663.6,1607316.4,110.99999,110.99999,107.0,724.1199,132.42831,51
2025-02-21 16:00:00+00:00,0.0,19.063,15.063,16.496336,17.7946,11.864414,13.736333,41479.34,35057.785,0.0,0.0,0.0,32.49785,56.88,10.830307,18.4,2.9975154,824.4275,694.03357,2067143.0,1642374.1,110.99999,110.99999,107.0,742.5199,135.42583,52
2025-02-22 16:00:00+00:00,0.0,16.113,14.712999,15.396333,12.437862,9.3780365,11.202184,41559.26,4117.299,0.0,0.0,0.0,41.47506,73.439995,14.084278,5.47,1.5834551,839.82385,705.2358,2108702.2,1646491.4,110.99999,110.99999,107.0,747.98987,137.00928,53
2025-02-23 16:00:00+00:00,0.0,16.463001,13.912999,14.927583,11.4497795,9.119652,10.368201,41639.688,34263.07,0.0,0.0,0.0,38.156605,67.32,15.204442,15.75,2.966374,854.75146,715.604,2150342.0,1680754.5,110.99999,110.99999,107.0,763.73987,139.97565,54
2025-02-24 16:00:00+00:00,0.0,18.413,13.613,15.642166,17.326431,11.540817,14.034585,41720.555,36811.867,0.0,0.0,0.0,24.48,41.039997,8.188089,19.38,2.9676383,870.3936,729.6386,2192062.5,1717566.4,110.99999,110.99999,107.0,783.1199,142.94328,55
2025-02-25 16:00:00+00:00,0.0,18.363,15.113,16.43175,16.357513,13.594551,14.773266,41801.785,28329.44,0.0,0.0,0.0,27.009598,46.44,10.19051,13.85,2.165294,886.8254,744.41187,2233864.2,1745895.9,110.99999,110.99999,107.0,796.96985,145.10858,56
2025-02-26 16:00:00+00:00,0.0,18.913,15.863,16.969252,18.068062,14.823532,16.265568,41883.32,24803.51,0.0,0.0,0.0,21.03152,37.079998,9.750646,11.93,1.96576,903.7946,760.6774,2275747.5,1770699.4,110.99999,110.99999,107.0,808.89984,147.07434,57
2025-02-27 16:00:00+00:00,0.0,21.113,15.513,17.73175,21.884802,15.937412,18.061514,41965.09,35255.965,0.0,0.0,0.0,18.35647,31.68,5.0289907,18.24,2.8731089,921.52637,778.73895,2317712.5,1805955.4,110.99999,110.99999,107.0,827.13983,149.94745,58
2025-02-28 16:00:00+00:00,0.0,20.963001,16.313,18.09425,21.796354,17.076643,18.763163,42047.03,23708.008,0.0,0.0,0.0,15.2947035,29.519999,6.012784,13.78,2.1469142,939.6206,797.50214,2359759.5,1829663.4,110.99999,110.99999,107.0,840.91986,152.09436,59
2025-03-01 16:00:00+00:00,0.0,23.088999,16.763,20.310501,24.295456,17.724493,21.332058,42129.08,24619.553,0.0,0.0,0.0,9.346143,17.64,337.19025,8.16,1.8418666,959.9311,818.83417,2401888.5,1854282.9,110.99999,110.99999,107.0,849.07983,153.93623,60
2025-03-02 16:00:00+00:00,0.0,23.838999,20.838999,22.080666,26.287271,21.265167,23.320597,42211.16,39540.78,0.0,0.0,0.0,16.299694,18.0,1.7286847,21.32,3.9604092,982.0118,842.1548,2444099.8,1893823.6,110.99999,110.99999,107.0,870.39984,157.89664,61
2025-03-03 16:00:00+00:00,0.0,24.789,20.889,22.4515,27.06604,23.529646,24.739845,42293.23,26575.633,0.3,0.0,3.0,20.140705,28.08,285.56992,12.1,2.3220654,1004.46326,866.89465,2486393.0,1920399.2,111.299995,110.99999,110.0,882.4998,160.2187,62
2025-03-04 16:00:00+00:00,0.0,22.639,19.189,20.69317,24.210756,17.318474,21.352839,42375.21,39711.516,5.0999985,1.1999999,18.0,30.068083,36.719997,14.289839,17.58,2.8914852,1025.1564,888.2475,2528768.2,1960110.8,116.399994,112.19999,128.0,900.07983,163.11018,63
2025-03-05 16:00:00+00:00,0.0,18.789,14.889,16.157751,17.180683,7.540867,10.19503,42457.05,32615.314,2.7,2.7,6.0,55.968136,55.079998,20.782097,10.94,2.7162566,1041.3141,898.4425,2571225.2,1992726.1,119.09999,114.89999,134.0,911.01984,165.82645,64
2025-03-06 16:00:00+00:00,0.0,16.389,14.889,15.541084,12.510942,8.217386,10.426993,42538.676,33353.023,0.0,0.0,0.0,44.453804,41.760002,19.567142,11.46,3.1992314,1056.8552,908.8695,2613764.0,2026079.1,119.09999,114.89999,134.0,922.47986,169.02568,65
2025-03-07 16:00:00+00:00,0.0,16.338999,14.139,14.878585,11.148748,8.4731865,9.743351,42620.043,27982.719,3.9,3.9,12.0,43.31983,43.92,21.528923,10.85,2.3904657,1071.7338,918.61285,2656384.0,2054061.9,122.99999,118.79999,146.0,933.32983,171.41615,66
2025-03-08 16:00:00+00:00,0.0,17.039,14.289,15.634834,13.981834,10.407068,11.929511,42701.668,31860.926,0.6,0.6,3.0,37.916393,39.239998,17.257269,17.37,2.8786383,1087.3687,930.54236,2699085.8,2085922.8,123.59999,119.39999,149.0,950.6998,174.29478,67
2025-03-09 16:00:00+00:00,0.0,19.289,15.988999,,20.222994,13.200462,,42783.805,,,,0.0,26.28986,27.359999,,,,,,2741869.5,,,,149.0,,,68
