date,elevation,temperature_2m_max,temperature_2m_min,temperature_2m_mean,apparent_temperature_max,apparent_temperature_min,apparent_temperature_mean,daylight_duration,sunshine_duration,precipitation_sum,rain_sum,precipitation_hours,wind_speed_10m_max,wind_gusts_10m_max,wind_direction_10m_dominant,shortwave_radiation_sum,et0_fao_evapotranspiration,cumulative_temperature_2m_mean,cumulative_apparent_temperature_mean,cumulative_daylight_duration,cumulative_sunshine_duration,cumulative_precipitation_sum,cumulative_rain_sum,cumulative_precipitation_hours,cumulative_shortwave_radiation_sum,cumulative_et0_fao_evapotranspiration,day
2025-01-01 16:00:00+00:00,2047.0,10.901,9.701,10.30725,10.523078,9.040697,9.755891,38508.28,0.0,14.300003,14.300003,23.0,5.0432134,36.719997,180.98773,1.41,0.37373346,10.30725,9.755891,38508.28,0.0,14.300003,14.300003,23.0,1.41,0.37373346,1
2025-01-02 16:00:00+00:00,2047.0,11.301,6.651,9.284333,10.842508,4.7950907,8.376734,38531.74,11229.488,2.5999997,2.5999997,20.0,6.8423676,37.079998,121.29846,4.82,0.86707705,19.591583,18.132626,77040.016,11229.488,16.900003,16.900003,43.0,6.23,1.2408105,2
2025-01-03 16:00:00+00:00,2047.0,11.651,5.351,7.7385,10.217041,3.2470388,5.9317513,38556.92,34509.125,0.6,0.6,6.0,6.198903,26.28,131.12134,12.44,1.8426204,27.330084,24.064377,115596.94,45738.613,17.500004,17.500004,49.0,18.67,3.0834308,3
2025-01-04 16:00:00+00:00,2047.0,11.000999,6.751,8.240583,8.667968,5.100068,6.495079,38583.8,31543.268,2.4999995,2.4999995,18.0,9.761578,46.8,241.82852,9.68,1.46246,35.570667,30.559456,154180.73,77281.88,20.000004,20.000004,67.0,28.35,4.545891,4
2025-01-05 16:00:00+00:00,2047.0,11.701,5.7009997,8.109334,9.832212,3.7577658,6.346346,38612.355,35495.426,1.1,1.1,6.0,5.402999,40.68,199.2012,12.43,1.8663173,43.68,36.9058,192793.1,112777.31,21.100004,21.100004,73.0,40.78,6.412208,5
2025-01-06 16:00:00+00:00,2047.0,9.151,5.001,6.7509995,6.8911333,2.9474149,4.70849,38642.566,32375.41,2.1000001,2.1000001,18.0,8.53815,55.8,186.82521,6.98,1.0710241,50.431,41.61429,231435.66,145152.72,23.200005,23.200005,91.0,47.76,7.483232,6
2025-01-07 16:00:00+00:00,2047.0,10.201,5.001,7.1780834,7.6884613,3.1203566,5.2494164,38674.734,34718.21,1.3000002,1.3000002,13.0,8.211235,48.6,209.27515,10.07,1.4620812,57.609085,46.863705,270110.38,179870.94,24.500004,24.500004,104.0,57.829998,8.945313,7
2025-01-08 16:00:00+00:00,2047.0,8.701,4.251,6.2489166,6.561405,2.2390933,4.228883,38708.98,23624.377,4.1,4.1,15.0,9.109138,51.12,189.11261,7.37,1.1019568,63.858,51.092587,308819.34,203495.31,28.600004,28.600004,119.0,65.2,10.04727,8
2025-01-09 16:00:00+00:00,2047.0,6.8009996,3.0010002,4.842666,5.2201233,0.5206022,2.8603241,38745.22,17107.496,6.3999996,6.3999996,24.0,6.5049515,42.12,119.55078,5.55,0.8268802,68.70067,53.95291,347564.56,220602.81,35.000004,35.000004,143.0,70.75,10.87415,9
2025-01-10 16:00:00+00:00,2047.0,6.851,2.801,4.3218327,5.0301437,0.45069885,2.1218655,38783.383,26137.832,11.0,11.0,24.0,6.489992,49.68,188.21576,5.78,0.8147126,73.0225,56.074776,386347.94,246740.64,46.000004,46.000004,167.0,76.53,11.688863,10
2025-01-11 16:00:00+00:00,2047.0,8.251,3.201,5.0530825,6.1917334,0.9243703,2.9397767,38823.4,32222.53,3.1999993,3.1999993,21.0,5.5596404,45.719997,177.67848,7.8,1.1584986,78.075584,59.014553,425171.34,278963.16,49.200005,49.200005,188.0,84.33,12.847362,11
2025-01-12 16:00:00+00:00,2047.0,10.801,2.7510002,6.165583,8.725443,0.28505325,4.0246725,38865.176,35765.117,0.5,0.5,5.0,5.495161,41.760002,148.04776,9.11,1.391199,84.241165,63.039227,464036.53,314728.28,49.700005,49.700005,193.0,93.44,14.238561,12
2025-01-13 16:00:00+00:00,2047.0,13.201,3.2510002,8.09475,11.387476,1.3803825,6.435271,38908.656,35189.074,1.3000001,1.3000001,4.0,6.0721655,46.8,220.18933,13.19,2.032678,92.335915,69.474495,502945.2,349917.34,51.000004,51.000004,197.0,106.630005,16.271238,13
2025-01-14 16:00:00+00:00,2047.0,9.851,5.3009996,7.840584,9.05126,3.2316847,6.6873016,38953.758,3515.8413,9.500002,9.500002,24.0,6.341009,41.399998,98.619705,3.29,0.5932044,100.1765,76.1618,541898.94,353433.2,60.500008,60.500008,221.0,109.920006,16.864443,14
2025-01-15 16:00:00+00:00,2047.0,8.251,4.101,5.5635,6.3751755,1.9511938,3.5373042,39000.402,31285.799,2.9,2.9,24.0,5.815978,45.0,167.25177,7.2,1.066022,105.74,79.699104,580899.3,384719.0,63.40001,63.40001,245.0,117.12,17.930466,15
2025-01-16 16:00:00+00:00,2047.0,9.250999,3.5010002,6.0155835,7.3747187,1.0547161,3.9120538,39048.527,32757.479,2.8999991,2.8999991,18.0,5.3517847,38.519997,150.45506,7.94,1.2202698,111.755585,83.61116,619947.8,417476.47,66.30001,66.30001,263.0,125.060005,19.150736,16
2025-01-17 16:00:00+00:00,2047.0,9.901,4.751,6.7655835,7.552182,2.8441143,4.9046097,39098.047,23954.445,2.6000001,2.6000001,15.0,7.689603,52.199997,221.41783,7.07,1.1063477,118.52117,88.51577,659045.9,441430.9,68.90001,68.90001,278.0,132.13,20.257084,17
2025-01-18 16:00:00+00:00,2047.0,10.951,6.5509996,8.180167,8.935514,5.065604,6.613566,39148.9,33672.85,4.5999994,4.5999994,22.0,7.5019197,47.519997,234.51163,9.38,1.4188719,126.70134,95.12933,698194.75,475103.75,73.50001,73.50001,300.0,141.51001,21.675957,18
2025-01-19 16:00:00+00:00,2047.0,11.500999,5.3009996,7.6093345,9.295299,3.476406,5.7709584,39201.004,33616.137,2.1000001,2.1000001,16.0,7.44121,46.44,196.62921,8.97,1.4100407,134.31067,100.90029,737395.75,508719.88,75.600006,75.600006,316.0,150.48001,23.085997,19
2025-01-20 16:00:00+00:00,2047.0,10.301,5.101,7.198918,8.865661,2.9758883,5.3963943,39254.293,31666.793,0.90000004,0.90000004,8.0,5.2323985,29.519999,153.10703,9.19,1.3922015,141.50958,106.296684,776650.06,540386.7,76.50001,76.50001,324.0,159.67001,24.478199,20
2025-01-21 16:00:00+00:00,2047.0,10.901,4.501,7.3280845,8.334038,2.876655,5.52241,39308.7,35829.715,1.1,1.1,10.0,9.0,49.32,222.42514,11.45,1.6325775,148.83766,111.81909,815958.75,576216.4,77.600006,77.600006,334.0,171.12001,26.110777,21
2025-01-22 16:00:00+00:00,2047.0,13.401,5.9509997,9.017667,11.444806,4.1937647,7.4628882,39364.152,35843.805,0.8000001,0.8000001,8.0,8.626865,57.239998,231.62743,13.62,2.0809736,157.85533,119.28198,855322.9,612060.2,78.40001,78.40001,342.0,184.74,28.19175,22
2025-01-23 16:00:00+00:00,2047.0,14.051,6.3009996,9.484334,12.30299,4.370981,7.8050995,39420.574,35452.883,1.4000001,1.4000001,11.0,8.604301,51.12,207.39226,14.09,2.217491,167.33966,127.08708,894743.44,647513.06,79.80001,79.80001,353.0,198.83,30.40924,23
2025-01-24 16:00:00+00:00,2047.0,12.951,6.5509996,9.117667,11.282071,4.97015,7.7401347,39477.91,35671.055,1.5000002,1.5000002,10.0,4.613762,38.16,172.28825,12.43,1.9425303,176.45732,134.82721,934221.4,683184.1,81.30001,81.30001,363.0,211.26001,32.351772,24
2025-01-25 16:00:00+00:00,2047.0,10.401,6.0509996,7.8468323,8.357842,4.547781,6.230305,39536.086,33650.49,4.0000005,4.0000005,21.0,6.2613096,39.96,237.887,11.39,1.689687,184.30415,141.05751,973757.44,716834.6,85.30001,85.30001,384.0,222.65001,34.04146,25
2025-01-26 16:00:00+00:00,2047.0,5.851,2.201,4.5051665,4.39482,-0.36048818,2.7049882,39595.05,8412.57,17.300001,12.9,24.0,5.506941,40.32,39.625565,3.07,0.51780427,188.80933,143.7625,1013352.5,725247.2,102.60001,98.20001,408.0,225.72002,34.55926,26
2025-01-27 16:00:00+00:00,2047.0,7.601,0.351,3.3718336,5.955291,-2.4808874,0.9651437,39655.324,35935.477,1.3000001,1.3000001,12.0,5.5887027,34.92,112.71842,14.46,1.915269,192.18115,144.72765,1053007.9,761182.7,103.90002,99.500015,420.0,240.18002,36.47453,27
2025-01-28 16:00:00+00:00,2047.0,7.4509997,1.901,4.151,4.99238,-0.8299639,1.6878223,39717.137,35908.29,1.4000002,1.4000002,13.0,5.815978,41.760002,165.96368,10.44,1.4231641,196.33215,146.41547,1092725.0,797091.0,105.30002,100.90002,433.0,250.62003,37.897694,28
2025-01-29 16:00:00+00:00,2047.0,10.301,2.801,5.7885,8.217764,0.45795965,3.7094402,39780.4,35222.637,0.4,0.4,4.0,5.020677,37.44,154.82648,11.25,1.6479373,202.12065,150.12491,1132505.4,832313.6,105.70002,101.30002,437.0,261.87003,39.54563,29
2025-01-30 16:00:00+00:00,2047.0,10.051,4.151,7.296833,9.316249,2.235855,6.081432,39845.02,7475.9507,4.7000003,4.7000003,17.0,3.2846913,43.56,121.11874,4.83,0.8451057,209.41748,156.20634,1172350.4,839789.56,110.40002,106.000015,454.0,266.7,40.390736,30
2025-01-31 16:00:00+00:00,2047.0,13.801,8.251,10.763499,14.084614,7.4185143,10.473827,39910.914,26396.76,11.299999,11.299999,23.0,3.536439,49.32,178.6361,7.86,1.3819846,220.18098,166.68018,1212261.2,866186.3,121.70001,117.30002,477.0,274.56,41.77272,31
2025-02-01 16:00:00+00:00,2047.0,13.101,8.051,10.625999,11.388835,6.831603,9.52654,39977.996,19375.377,4.0,4.0,23.0,8.893166,64.799995,230.17412,6.4,1.1569955,230.80698,176.20671,1252239.2,885561.7,125.70001,121.30002,500.0,280.96,42.929714,32
2025-02-02 16:00:00+00:00,2047.0,9.351,5.4509997,7.584333,8.100771,3.7711325,6.2788086,40046.18,10495.256,11.599999,11.599999,24.0,5.441838,46.079998,212.77031,4.83,0.8255572,238.39131,182.48552,1292285.4,896056.94,137.30002,132.90002,524.0,285.78998,43.755272,33
2025-02-03 16:00:00+00:00,2047.0,6.101,3.351,4.5051665,4.662962,0.98200274,2.4902804,40115.375,12337.675,7.799999,7.799999,24.0,6.3231,35.28,125.676476,5.49,0.8403638,242.89648,184.9758,1332400.8,908394.6,145.10002,140.70003,548.0,291.27997,44.595634,34
2025-02-04 16:00:00+00:00,2047.0,6.651,2.351,4.3676662,4.208069,-0.16405678,1.9903132,40185.508,29855.766,5.9999995,5.9999995,24.0,8.958504,61.56,216.55252,7.12,0.9535417,247.26414,186.96611,1372586.2,938250.4,151.10002,146.70003,572.0,298.39996,45.549175,35
2025-02-05 16:00:00+00:00,2047.0,9.801,4.251,6.686417,7.821718,2.2174892,4.9056892,40256.492,14411.999,4.1,4.1,23.0,7.823272,50.399998,224.99986,5.83,0.9341179,253.95056,191.8718,1412842.8,952662.4,155.20003,150.80003,595.0,304.22995,46.48329,36
2025-02-06 16:00:00+00:00,2047.0,11.301,4.9509997,7.8426666,9.754404,2.9640074,6.2422776,40328.246,34082.176,1.8000002,1.8000002,13.0,6.9480934,49.32,186.47939,8.31,1.3332294,261.7932,198.11407,1453171.0,986744.56,157.00003,152.60004,608.0,312.53995,47.81652,37
2025-02-07 16:00:00+00:00,2047.0,8.201,3.301,5.4530826,6.895754,0.92505264,3.6107788,40400.69,10228.5625,3.8999996,3.8999996,24.0,6.048107,46.8,135.15657,5.68,0.88725364,267.2463,201.72485,1493571.8,996973.1,160.90002,156.50003,632.0,318.21994,48.703773,38
2025-02-08 16:00:00+00:00,2047.0,8.851,3.301,5.296833,7.1481752,0.967679,3.1398513,40473.754,23616.81,2.7999995,2.7999995,22.0,6.8777895,48.6,166.82935,7.28,1.1046836,272.54315,204.8647,1534045.5,1020589.94,163.70003,159.30003,654.0,325.49994,49.808456,39
2025-02-09 16:00:00+00:00,2047.0,11.750999,4.051,7.128084,9.631527,1.8072395,5.230461,40547.348,36000.0,0.6,0.6,6.0,6.601363,51.48,190.76904,9.71,1.5128402,279.67123,210.09515,1574592.9,1056590.0,164.30003,159.90004,660.0,335.20993,51.321297,40
2025-02-10 16:00:00+00:00,2047.0,14.901,4.651,9.201,13.984369,2.9989166,8.017859,40621.41,36000.0,0.0,0.0,0.0,5.223103,42.839996,175.14699,14.58,2.3123288,288.87222,218.113,1615214.2,1092590.0,164.30003,159.90004,660.0,349.78992,53.633625,41
2025-02-11 16:00:00+00:00,2047.0,11.651,8.851,10.628083,12.11525,8.238941,10.5716915,40695.855,0.0,34.7,34.7,23.0,3.438895,38.519997,91.648315,2.22,0.5356807,299.5003,228.6847,1655910.1,1092590.0,199.00003,194.60004,683.0,352.00992,54.169304,42
2025-02-12 16:00:00+00:00,2047.0,11.201,9.101,10.340583,10.74947,8.19143,9.749645,40770.613,0.0,47.399998,47.399998,21.0,5.720489,38.519997,122.81376,2.14,0.48090824,309.84088,238.43434,1696680.8,1092590.0,246.40002,242.00003,704.0,354.14993,54.65021,43
2025-02-13 16:00:00+00:00,2047.0,12.000999,9.000999,10.461415,11.411993,8.15004,9.83496,40845.617,397.5784,1.9000002,1.9000002,11.0,6.6405115,50.76,209.93478,5.05,0.8829777,320.3023,248.2693,1737526.4,1092987.6,248.30002,243.90002,715.0,359.19992,55.533188,44
2025-02-14 16:00:00+00:00,2047.0,16.233,8.033,11.353832,15.908421,6.254696,10.214568,40939.57,36457.86,0.0,0.0,0.0,9.114471,44.639996,279.81116,17.02,2.7642891,331.65613,258.48386,1778466.0,1129445.5,248.30002,243.90002,715.0,376.2199,58.297478,45
2025-02-15 16:00:00+00:00,2047.0,17.483,7.733,11.497582,17.945923,4.692814,9.723514,41014.316,37410.39,0.0,0.0,0.0,11.304229,52.56,279.31863,21.8,3.6621153,343.15372,268.20737,1819480.4,1166855.9,248.30002,243.90002,715.0,398.0199,61.959595,46
2025-02-16 16:00:00+00:00,2047.0,16.583,6.983,10.4455,17.932621,4.2509375,9.175996,41089.73,37083.72,0.0,0.0,0.0,12.144331,55.44,281.02704,20.73,3.332307,353.5992,277.38336,1860570.1,1203939.6,248.30002,243.90002,715.0,418.7499,65.2919,47
2025-02-17 16:00:00+00:00,2047.0,12.333,4.633,7.8246665,10.734269,2.8932018,5.960751,41166.074,36000.0,0.0,0.0,0.0,7.9932976,48.6,270.27277,13.85,2.1291454,361.4239,283.34412,1901736.2,1239939.6,248.30002,243.90002,715.0,432.5999,67.42104,48
2025-02-18 16:00:00+00:00,2047.0,12.083,3.833,6.8475823,11.638325,1.8524098,5.525068,41243.285,36000.0,0.0,0.0,0.0,3.671294,45.0,162.5527,18.07,2.6654785,368.27148,288.86917,1942979.5,1275939.6,248.30002,243.90002,715.0,450.66992,70.086525,49
2025-02-19 16:00:00+00:00,2047.0,13.083,4.133,8.001749,11.800138,1.6926885,6.2631326,41321.28,36921.875,0.0,0.0,0.0,7.208994,37.079998,259.74323,15.35,2.3870003,376.27322,295.1323,1984300.8,1312861.5,248.30002,243.90002,715.0,466.01993,72.473526,50
2025-02-20 16:00:00+00:00,2047.0,12.683001,4.433,8.145499,11.064117,2.4831147,6.3454995,41399.984,34880.195,0.0,0.0,0.0,14.003029,56.88,276.0468,11.79,1.8648053,384.41873,301.47778,2025700.8,1347741.8,248.30002,243.90002,715.0,477.80994,74.33833,51
2025-02-21 16:00:00+00:00,2047.0,9.933001,3.783,6.2392497,9.200606,1.8480191,4.8107276,41479.34,36000.0,0.1,0.0,1.0,5.8048253,44.28,135.31305,11.57,1.6040149,390.658,306.2885,2067180.1,1383741.8,248.40002,243.90002,716.0,489.37994,75.942345,52
2025-02-22 16:00:00+00:00,2047.0,12.133,6.533,8.753834,10.47342,4.889888,7.2131753,41559.26,29702.482,0.0,0.0,0.0,7.5685663,48.6,268.22244,9.15,1.5187402,399.41183,313.50168,2108739.5,1413444.2,248.40002,243.90002,716.0,498.52994,77.46108,53
2025-02-23 16:00:00+00:00,2047.0,8.583,1.383,5.25175,7.4519444,-1.0079215,3.576319,41639.688,37982.08,0.3,0.0,3.0,5.6920996,45.0,131.98715,13.09,1.7656924,404.66357,317.078,2150379.2,1451426.4,248.70003,243.90002,719.0,511.61993,79.226776,54
2025-02-24 16:00:00+00:00,2047.0,14.183001,2.033,8.174667,15.466114,-0.26408863,6.6301556,41720.555,39049.81,0.0,0.0,0.0,8.647496,43.56,274.11633,21.39,3.2863584,412.83826,323.70816,2192099.8,1490476.1,248.70003,243.90002,719.0,533.00995,82.51314,55
2025-02-25 16:00:00+00:00,2047.0,13.333,5.533,8.983001,12.031399,2.2666798,7.100863,41801.785,30255.4,0.6,0.6,3.0,10.594036,41.039997,264.1261,11.59,1.9681673,421.82126,330.80902,2233901.5,1520731.5,249.30003,244.50003,722.0,544.6,84.48131,56
2025-02-26 16:00:00+00:00,2047.0,12.183001,6.883,9.158,11.746643,5.1807775,8.084944,41883.32,38676.555,0.0,0.0,0.0,6.763786,33.48,126.68245,12.22,1.8919024,430.97925,338.89395,2275784.8,1559408.0,249.30003,244.50003,722.0,556.81995,86.37321,57
2025-02-27 16:00:00+00:00,2047.0,17.887,7.483,12.027165,17.185665,6.266488,10.892242,41965.09,34523.594,0.0,0.0,0.0,11.966954,34.56,199.02563,20.5,3.3886158,443.0064,349.7862,2317749.8,1593931.6,249.30003,244.50003,722.0,577.31995,89.761826,58
2025-02-28 16:00:00+00:00,2047.0,18.987,10.237,13.047416,18.31386,8.590496,11.884641,42047.03,38540.543,0.9,0.0,6.0,13.1041975,15.84,131.31474,19.05,3.239592,456.05383,361.67084,2359796.8,1632472.1,250.20003,244.50003,728.0,596.36993,93.00142,59
2025-03-01 16:00:00+00:00,2047.0,17.937,8.437,12.332832,17.35453,7.0550404,11.221234,42129.08,39465.64,0.3,0.0,3.0,18.671474,18.72,281.78384,23.53,3.5394907,468.38666,372.89206,2401925.8,1671937.8,250.50003,244.50003,731.0,619.89996,96.54091,60
2025-03-02 16:00:00+00:00,2047.0,15.887,7.487,11.541165,16.173613,6.3650875,10.782159,42211.16,39550.793,2.3999996,0.0,12.0,15.256526,18.0,288.6517,23.89,3.3092475,479.92783,383.67422,2444137.0,1711488.5,252.90002,244.50003,743.0,643.79,99.85016,61
2025-03-03 16:00:00+00:00,2047.0,17.286999,7.937,11.7474165,16.704655,6.996295,10.817048,42293.23,39635.805,0.0,0.0,0.0,15.778518,14.759999,294.54156,24.34,3.6780126,491.67523,394.49127,2486430.2,1751124.2,252.90002,244.50003,743.0,668.13,103.52817,62
2025-03-04 16:00:00+00:00,2047.0,10.337001,8.287001,9.343249,8.612628,6.685443,7.929373,42375.21,721.3546,1.5000002,1.5000002,9.0,12.43434,15.119999,289.10577,2.59,0.47598866,501.0185,402.42065,2528805.5,1751845.6,254.40002,246.00003,752.0,670.72003,104.00416,63
2025-03-05 16:00:00+00:00,2047.0,8.287001,3.537,6.464084,6.227891,1.5949235,4.1510606,42457.05,3891.6978,0.3,0.3,3.0,15.7908325,16.56,294.79532,4.0,0.55229086,507.48257,406.57172,2571262.5,1755737.4,254.70003,246.30003,755.0,674.72003,104.55645,64
2025-03-06 16:00:00+00:00,2047.0,10.637,2.587,6.3161664,9.266794,-0.9262676,4.1501,42538.676,39889.285,0.0,0.0,0.0,12.661564,11.879999,251.56488,21.63,2.7617996,513.79877,410.7218,2613801.2,1795626.6,254.70003,246.30003,755.0,696.35004,107.31825,65
2025-03-07 16:00:00+00:00,2047.0,13.137,1.337,6.7661667,12.359989,-2.6515613,4.4688473,42620.043,39973.035,0.0,0.0,0.0,13.450708,11.5199995,99.70675,24.55,3.3732066,520.56494,415.19064,2656421.2,1835599.6,254.70003,246.30003,755.0,720.9,110.69146,66
