date,elevation,temperature_2m_max,temperature_2m_min,temperature_2m_mean,apparent_temperature_max,apparent_temperature_min,apparent_temperature_mean,daylight_duration,sunshine_duration,precipitation_sum,rain_sum,precipitation_hours,wind_speed_10m_max,wind_gusts_10m_max,wind_direction_10m_dominant,shortwave_radiation_sum,et0_fao_evapotranspiration,cumulative_temperature_2m_mean,cumulative_apparent_temperature_mean,cumulative_daylight_duration,cumulative_sunshine_duration,cumulative_precipitation_sum,cumulative_rain_sum,cumulative_precipitation_hours,cumulative_shortwave_radiation_sum,cumulative_et0_fao_evapotranspiration,day
2025-01-01 16:00:00+00:00,356.0,17.539999,15.34,16.431665,19.173204,16.019558,17.591608,38508.28,0.0,9.400002,9.400002,17.0,7.2022495,16.919998,348.29355,2.04,0.49066225,16.431665,17.591608,38508.28,0.0,9.400002,9.400002,17.0,2.04,0.49066225,1
2025-01-02 16:00:00+00:00,356.0,18.34,12.59,16.064999,18.459524,12.288189,16.23261,38531.74,30643.27,0.5,0.5,5.0,12.410866,32.760002,357.7974,8.36,1.3857019,32.496666,33.82422,77040.016,30643.27,9.900002,9.900002,22.0,10.4,1.8763641,2
2025-01-03 16:00:00+00:00,356.0,20.189999,11.34,15.592084,21.32508,10.826787,15.801907,38556.92,35651.65,0.1,0.1,1.0,6.8919086,23.039999,6.2957726,13.75,2.2807143,48.08875,49.626125,115596.94,66294.92,10.000002,10.000002,23.0,24.15,4.1570783,3
2025-01-04 16:00:00+00:00,356.0,18.64,13.940001,15.612918,18.605469,13.639055,15.88839,38583.8,31498.256,3.2999995,3.2999995,12.0,11.431062,28.8,349.20264,9.25,1.5673449,63.701668,65.51451,154180.73,97793.18,13.300001,13.300001,35.0,33.4,5.7244234,4
2025-01-05 16:00:00+00:00,356.0,19.09,12.14,15.352504,18.651655,10.869985,14.699491,38612.355,35695.504,0.0,0.0,0.0,13.1041975,34.92,2.1533859,16.08,2.5788658,79.05417,80.214005,192793.1,133488.69,13.300001,13.300001,35.0,49.480003,8.303289,5
2025-01-06 16:00:00+00:00,356.0,16.89,10.04,13.871251,16.907438,9.079932,13.525154,38642.566,33538.375,1.6000001,1.6000001,12.0,8.43699,22.68,340.5884,10.82,1.6939739,92.92542,93.73916,231435.66,167027.06,14.900002,14.900002,47.0,60.300003,9.997263,6
2025-01-07 16:00:00+00:00,356.0,18.289999,12.09,14.98375,18.682312,10.907402,14.510876,38674.734,35680.992,0.0,0.0,0.0,9.499158,24.48,353.49362,14.16,2.2702806,107.90917,108.25003,270110.38,202708.06,14.900002,14.900002,47.0,74.46001,12.267544,7
2025-01-08 16:00:00+00:00,356.0,17.539999,9.190001,13.875419,16.994987,7.7537947,13.010144,38708.98,35675.906,0.4,0.4,4.0,10.814989,28.08,359.67773,10.37,1.7712929,121.78459,121.26018,308819.34,238383.97,15.300001,15.300001,51.0,84.83001,14.0388365,8
2025-01-09 16:00:00+00:00,356.0,15.64,11.89,13.500419,13.989187,10.796794,12.352527,38745.22,35672.18,2.7,2.7,19.0,14.230248,34.56,347.90524,11.11,1.6387066,135.285,133.6127,347564.56,274056.16,18.000002,18.000002,70.0,95.94001,15.677543,9
2025-01-10 16:00:00+00:00,356.0,15.54,11.440001,12.969167,15.075613,10.190446,12.088199,38783.383,35669.8,3.699999,3.699999,19.0,14.913952,34.2,336.19406,12.74,1.8126684,148.25417,145.7009,386347.94,309725.97,21.7,21.7,89.0,108.68001,17.490211,10
2025-01-11 16:00:00+00:00,356.0,16.19,9.14,12.656667,14.890015,7.7936506,11.211838,38823.4,35668.785,0.5,0.5,5.0,14.009968,35.28,347.5016,15.18,2.2087421,160.91083,156.91273,425171.34,345394.75,22.2,22.2,94.0,123.86001,19.698954,11
2025-01-12 16:00:00+00:00,356.0,17.689999,7.3399997,12.458752,17.433006,5.4397316,11.451085,38865.176,35669.12,0.0,0.0,0.0,8.55142,23.039999,334.68976,15.91,2.4450755,173.36958,168.36382,464036.53,381063.88,22.2,22.2,94.0,139.77,22.14403,12
2025-01-13 16:00:00+00:00,356.0,19.039999,6.89,13.925418,19.155972,5.051052,13.416612,38908.656,35670.83,0.5,0.5,2.0,7.995323,23.759998,337.21753,15.87,2.5347211,187.295,181.78043,502945.2,416734.7,22.7,22.7,96.0,155.64,24.678751,13
2025-01-14 16:00:00+00:00,356.0,15.84,12.84,14.454583,16.32977,12.253679,14.373252,38953.758,10524.766,3.0999994,3.0999994,20.0,10.484902,27.0,354.4668,4.1,0.71169055,201.74959,196.15367,541898.94,427259.44,25.8,25.8,116.0,159.74,25.390442,14
2025-01-15 16:00:00+00:00,356.0,16.49,11.440001,13.3462515,15.699591,10.531646,12.290978,39000.402,35678.312,0.5,0.5,5.0,14.913952,38.16,341.4444,14.1,2.0490465,215.09584,208.44466,580899.3,462937.75,26.3,26.3,121.0,173.84001,27.439487,15
2025-01-16 16:00:00+00:00,356.0,16.74,10.89,13.29625,15.999802,9.262827,12.185138,39048.527,35684.105,0.5,0.5,3.0,11.738705,30.960001,342.0143,14.66,2.2326217,228.39209,220.62979,619947.8,498621.84,26.8,26.8,124.0,188.50002,29.67211,16
2025-01-17 16:00:00+00:00,356.0,17.34,8.79,13.60875,17.03767,7.170622,13.198466,39098.047,35691.273,5.1,5.1,17.0,7.4932766,23.039999,344.069,10.15,1.6794567,242.00084,233.82826,659045.9,534313.1,31.9,31.9,141.0,198.65001,31.351566,17
2025-01-18 16:00:00+00:00,356.0,17.84,13.04,15.077499,17.656574,13.239782,15.207581,39148.9,33989.414,4.6999993,4.6999993,16.0,11.103243,28.8,349.12808,11.52,1.7836335,257.07834,249.03584,698194.75,568302.56,36.6,36.6,157.0,210.17001,33.1352,18
2025-01-19 16:00:00+00:00,356.0,18.539999,10.690001,14.675418,19.192554,10.156745,14.386603,39201.004,35709.727,0.0,0.0,0.0,10.8672905,28.44,342.2928,14.39,2.2736204,271.75375,263.42245,737395.75,604012.3,36.6,36.6,157.0,224.56001,35.40882,19
2025-01-20 16:00:00+00:00,356.0,19.39,9.490001,14.946251,19.808077,7.9814854,14.660674,39254.293,35721.03,0.8000001,0.8000001,8.0,7.689603,21.24,357.51047,14.27,2.3425224,286.7,278.08313,776650.06,639733.4,37.399998,37.399998,165.0,238.83002,37.751343,20
2025-01-21 16:00:00+00:00,356.0,19.439999,9.14,15.1379175,19.488308,8.004948,15.163518,39308.7,35733.72,0.70000005,0.70000005,7.0,8.797931,24.119999,356.12466,13.67,2.228832,301.83792,293.24664,815958.75,675467.1,38.1,38.1,172.0,252.50002,39.980175,21
2025-01-22 16:00:00+00:00,356.0,20.039999,12.79,16.027498,20.244623,12.369022,16.013155,39364.152,34214.402,0.5,0.5,5.0,10.897063,25.919998,4.692741,14.99,2.4610066,317.86542,309.2598,855322.9,709681.5,38.6,38.6,177.0,267.49002,42.44118,22
2025-01-23 16:00:00+00:00,356.0,21.289999,10.04,16.156668,21.684782,8.358865,15.794217,39420.574,35842.61,0.0,0.0,0.0,10.315115,27.0,355.04913,15.94,2.750927,334.0221,325.05402,894743.44,745524.1,38.6,38.6,177.0,283.43002,45.19211,23
2025-01-24 16:00:00+00:00,356.0,20.539999,12.190001,16.317083,21.269676,11.376989,16.236118,39477.91,35782.324,0.0,0.0,0.0,11.91812,31.68,349.97482,16.16,2.6687236,350.33917,341.29013,934221.4,781306.44,38.6,38.6,177.0,299.59003,47.860832,24
2025-01-25 16:00:00+00:00,356.0,18.59,12.14,15.248333,18.631105,11.178963,14.747345,39536.086,35798.477,0.70000005,0.70000005,7.0,15.825675,39.6,344.62894,14.74,2.3173525,365.5875,356.03748,973757.44,817104.94,39.3,39.3,184.0,314.33002,50.178185,25
2025-01-26 16:00:00+00:00,356.0,12.190001,9.89,10.715,10.730638,8.306568,9.016599,39595.05,11112.438,5.9,5.9,16.0,14.2336645,33.839996,346.87802,4.87,0.7103763,376.3025,365.05408,1013352.5,828217.4,45.2,45.2,200.0,319.2,50.88856,26
2025-01-27 16:00:00+00:00,356.0,16.289999,5.8399997,11.487915,14.61516,3.3980427,9.489799,39655.324,35984.504,0.0,0.0,0.0,13.841286,36.36,354.59384,16.06,2.497473,387.7904,374.54388,1053007.9,864201.9,45.2,45.2,200.0,335.26,53.386036,27
2025-01-28 16:00:00+00:00,356.0,16.789999,8.690001,12.739999,15.904526,7.1479225,11.470174,39717.137,36004.605,0.0,0.0,0.0,10.1902895,27.359999,343.63416,15.24,2.3921547,400.5304,386.01407,1092725.0,900206.5,45.2,45.2,200.0,350.5,55.77819,28
2025-01-29 16:00:00+00:00,356.0,18.99,9.490001,14.017085,19.213936,8.02555,13.338517,39780.4,36198.465,0.0,0.0,0.0,9.449572,28.08,336.82687,16.7,2.684655,414.5475,399.3526,1132505.4,936404.94,45.2,45.2,200.0,367.2,58.462845,29
2025-01-30 16:00:00+00:00,356.0,18.289999,9.09,14.194168,18.970228,7.793089,14.177082,39845.02,15246.965,5.9,5.9,17.0,6.341009,16.199999,19.87386,5.73,1.1120589,428.74164,413.5297,1172350.4,951651.9,51.100002,51.100002,217.0,372.93002,59.574905,30
2025-01-31 16:00:00+00:00,356.0,21.24,13.59,17.44625,22.73028,13.335012,18.485811,39910.914,31113.566,8.6,8.6,19.0,8.836514,25.199999,2.7601526,10.5,1.869434,446.1879,432.0155,1212261.2,982765.44,59.700005,59.700005,236.0,383.43002,61.44434,31
2025-02-01 16:00:00+00:00,356.0,20.789999,15.59,17.614998,21.548077,16.324507,18.487074,39977.996,34569.797,3.8999999,3.8999999,13.0,11.594292,28.08,342.97272,13.51,2.2563374,463.8029,450.50256,1252239.2,1017335.25,63.600006,63.600006,249.0,396.94003,63.700676,32
2025-02-02 16:00:00+00:00,356.0,16.19,11.79,14.317085,15.964138,10.863381,13.942729,40046.18,34842.51,4.3999996,4.3999996,21.0,15.602999,36.36,342.01187,10.62,1.5582504,478.11996,464.44528,1292285.4,1052177.8,68.00001,68.00001,270.0,407.56003,65.25893,33
2025-02-03 16:00:00+00:00,356.0,14.89,11.14,12.562915,13.614782,9.984343,11.469693,40115.375,20745.197,4.9999995,4.9999995,24.0,11.594292,36.0,338.8218,8.58,1.3897048,490.6829,475.91498,1332400.8,1072923.0,73.00001,73.00001,294.0,416.14,66.64863,34
2025-02-04 16:00:00+00:00,356.0,16.64,10.34,13.837918,16.54276,9.527059,13.4495735,40185.508,36405.207,3.399999,3.399999,19.0,8.709098,29.519999,321.11246,14.63,2.244435,504.5208,489.36456,1372586.2,1109328.2,76.40001,76.40001,313.0,430.77002,68.89307,35
2025-02-05 16:00:00+00:00,356.0,18.34,12.39,15.081669,18.752426,12.061031,15.092025,40256.492,31192.125,1.8000002,1.8000002,15.0,8.65873,27.0,346.1051,11.16,1.8812957,519.6025,504.45657,1412842.8,1140520.4,78.20001,78.20001,328.0,441.93002,70.77436,36
2025-02-06 16:00:00+00:00,356.0,18.939999,12.84,15.323331,18.747995,11.953871,14.601242,40328.246,36505.332,0.5,0.5,4.0,15.885956,39.6,349.48685,16.33,2.5943086,534.9258,519.0578,1453171.0,1177025.8,78.70001,78.70001,332.0,458.26,73.36867,37
2025-02-07 16:00:00+00:00,356.0,15.09,10.64,12.969167,13.819681,9.435001,11.567344,40400.69,36088.598,1.3000002,1.3000002,12.0,15.463246,38.88,338.97577,12.05,1.8073512,547.89496,530.6251,1493571.8,1213114.4,80.000015,80.000015,344.0,470.31,75.17602,38
2025-02-08 16:00:00+00:00,356.0,16.39,9.940001,12.415,15.593321,8.832535,11.212093,40473.754,36081.29,2.8000002,2.8000002,16.0,13.529966,34.2,328.79056,15.11,2.2343593,560.30994,541.8372,1534045.5,1249195.6,82.80002,82.80002,360.0,485.41998,77.41038,39
2025-02-09 16:00:00+00:00,356.0,18.34,10.64,14.25875,18.624063,9.579714,13.75949,40547.348,36932.785,0.9000001,0.9000001,7.0,10.337078,26.28,338.21576,17.45,2.723337,574.56866,555.5967,1574592.9,1286128.4,83.70002,83.70002,367.0,502.87,80.13371,40
2025-02-10 16:00:00+00:00,356.0,21.14,8.690001,15.685832,22.093147,7.2493525,15.654956,40621.41,36828.37,0.0,0.0,0.0,10.571074,28.44,346.91855,18.76,3.1248765,590.2545,571.25165,1615214.2,1322956.8,83.70002,83.70002,367.0,521.63,83.25859,41
2025-02-11 16:00:00+00:00,356.0,17.99,14.940001,16.765,19.968048,15.589941,18.0563,40695.855,0.0,31.300001,31.300001,22.0,6.6624317,18.359999,5.0820203,1.93,0.5021697,607.01953,589.3079,1655910.1,1322956.8,115.00002,115.00002,389.0,523.56,83.76076,42
2025-02-12 16:00:00+00:00,356.0,17.789999,15.89,16.862917,19.486761,15.800705,17.89904,40770.613,0.0,37.399994,37.399994,21.0,11.91948,21.24,351.24353,2.9,0.6137674,623.88245,607.207,1696680.8,1322956.8,152.40002,152.40002,410.0,526.46,84.37453,43
2025-02-13 16:00:00+00:00,356.0,18.24,16.289999,17.1275,19.855898,16.82759,18.375769,40845.617,4135.0137,3.5,3.5,17.0,8.149847,18.359999,338.64252,5.43,1.0222576,641.00995,625.58276,1737526.4,1327091.8,155.90002,155.90002,427.0,531.89,85.39678,44
2025-02-14 16:00:00+00:00,356.0,22.289999,14.04,18.204584,25.034233,14.451923,19.660696,40920.785,37063.594,0.1,0.1,1.0,9.085988,24.119999,352.03506,18.62,3.1470847,659.21454,645.24347,1778447.1,1364155.4,156.00003,156.00003,428.0,550.51,88.54387,45
2025-02-15 16:00:00+00:00,356.0,22.24,10.690001,17.219168,24.112885,9.692141,17.589754,40996.07,37645.246,0.0,0.0,0.0,9.418661,27.72,0.8632997,19.63,3.3743489,676.4337,662.83325,1819443.2,1401800.6,156.00003,156.00003,428.0,570.14,91.91822,46
2025-02-16 16:00:00+00:00,356.0,22.491,12.341,17.511833,23.530107,12.235508,18.41149,41074.98,36000.0,0.0,0.0,0.0,6.9899354,16.199999,265.643,17.41,3.0142787,693.94556,681.24475,1860518.2,1437800.6,156.00003,156.00003,428.0,587.55,94.9325,47
2025-02-17 16:00:00+00:00,356.0,21.141,14.091,16.541,22.104519,14.677532,17.074503,41151.785,34939.953,0.0,0.0,0.0,12.599998,28.8,304.91583,16.8,2.7889454,710.4866,698.3193,1901670.0,1472740.6,156.00003,156.00003,428.0,604.35,97.72145,48
2025-02-18 16:00:00+00:00,356.0,21.591,12.491,16.411835,22.231243,12.769651,16.981607,41229.453,32973.586,0.0,0.0,0.0,11.620809,25.56,284.835,16.43,2.829126,726.89844,715.3009,1942899.5,1505714.2,156.00003,156.00003,428.0,620.77997,100.550575,49
2025-02-19 16:00:00+00:00,356.0,20.491,13.541,16.057665,21.122284,14.242317,16.860655,41307.918,26580.582,0.0,0.0,0.0,9.339208,20.16,302.07047,13.28,2.2330139,742.9561,732.16156,1984207.4,1532294.9,156.00003,156.00003,428.0,634.06,102.78359,50
2025-02-20 16:00:00+00:00,356.0,20.991,12.491,16.270166,22.984402,12.925482,16.987059,41387.098,31930.648,0.0,0.0,0.0,13.18308,28.8,326.07013,17.21,2.8049717,759.22626,749.1486,2025594.5,1564225.5,156.00003,156.00003,428.0,651.27,105.58856,51
2025-02-21 16:00:00+00:00,356.0,22.291,11.991,16.218084,23.958399,12.610147,17.163906,41466.926,32400.0,0.0,0.0,0.0,11.019764,24.119999,289.847,16.65,2.8553948,775.44434,766.3125,2067061.4,1596625.5,156.00003,156.00003,428.0,667.92004,108.443954,52
2025-02-22 16:00:00+00:00,356.0,16.841,12.941,14.624333,17.46429,12.767326,14.986469,41547.33,258.64587,0.0,0.0,0.0,7.7879906,18.359999,320.7423,4.22,0.85351986,790.06866,781.29895,2108608.8,1596884.1,156.00003,156.00003,428.0,672.14,109.29748,53
2025-02-23 16:00:00+00:00,356.0,18.491,11.991,14.263916,18.896082,11.695958,14.372716,41628.24,28245.008,0.2,0.0,2.0,6.489992,15.119999,308.601,12.07,2.0048587,804.3326,795.6717,2150237.0,1625129.1,156.20003,156.00003,430.0,684.21,111.30234,54
2025-02-24 16:00:00+00:00,356.0,20.641,12.191,15.424333,21.435482,12.357033,15.746688,41709.586,34856.727,0.0,0.0,0.0,10.44,21.96,292.59024,18.03,2.9778981,819.7569,811.4184,2191946.5,1659985.9,156.20003,156.00003,430.0,702.24005,114.280235,55
2025-02-25 16:00:00+00:00,356.0,20.841,12.591,16.036833,21.19478,12.843895,16.835869,41791.297,29847.502,0.0,0.0,0.0,7.69592,19.44,300.1413,14.44,2.4096427,835.7937,828.2543,2233737.8,1689833.4,156.20003,156.00003,430.0,716.68005,116.68988,56
2025-02-26 16:00:00+00:00,356.0,20.841,14.491,17.101418,21.433489,15.214037,18.246634,41873.32,20768.896,0.0,0.0,0.0,10.464797,23.039999,339.1848,9.7,1.7605511,852.89514,846.5009,2275611.0,1710602.2,156.20003,156.00003,430.0,726.38007,118.45043,57
2025-02-27 16:00:00+00:00,356.0,24.291,12.941,18.013918,26.419249,12.877073,18.86909,41955.58,38933.246,0.0,0.0,0.0,11.592894,25.56,23.838743,20.13,3.5820713,870.90906,865.37,2317566.5,1749535.5,156.20003,156.00003,430.0,746.5101,122.0325,58
2025-02-28 16:00:00+00:00,356.0,25.041,13.641,18.697248,27.763954,13.378429,20.095003,42038.008,37131.49,0.0,0.0,0.0,8.473393,22.319998,9.090166,18.1,3.2337723,889.6063,885.465,2359604.5,1786667.0,156.20003,156.00003,430.0,764.61005,125.26627,59
2025-03-01 16:00:00+00:00,356.0,24.3545,17.241,20.228601,25.831085,19.236883,21.761595,42120.543,23443.467,0.0,0.0,0.0,10.1887,16.199999,77.54562,9.41,1.9618889,909.8349,907.2266,2401725.0,1810110.5,156.20003,156.00003,430.0,774.02,127.228165,60
2025-03-02 16:00:00+00:00,356.0,29.1545,17.1545,22.569082,31.08094,17.37913,23.682518,42203.117,39540.78,0.0,0.0,0.0,12.303366,11.879999,312.24448,22.53,4.5795536,932.404,930.9091,2443928.0,1849651.2,156.20003,156.00003,430.0,796.55005,131.80772,61
2025-03-03 16:00:00+00:00,356.0,30.8545,20.0045,23.612833,33.529846,21.323282,25.41694,42285.67,39626.258,0.0,0.0,0.0,15.484185,19.8,190.06064,21.4,4.377469,956.01685,956.32605,2486213.8,1889277.5,156.20003,156.00003,430.0,817.9501,136.1852,62
2025-03-04 16:00:00+00:00,356.0,27.4045,17.7545,21.629496,29.085934,19.338299,23.796053,42368.145,39513.586,3.3,0.0,12.0,15.175612,11.5199995,273.41653,16.13,3.1690874,977.64636,980.12213,2528582.0,1928791.1,159.50003,156.00003,442.0,834.0801,139.35428,63
2025-03-05 16:00:00+00:00,356.0,19.4545,14.8545,17.623247,22.09334,15.41894,19.466267,42450.47,14970.509,6.6000004,5.1,12.0,6.924738,10.08,267.16125,5.04,0.9532327,995.2696,999.5884,2571032.5,1943761.6,166.10004,161.10004,454.0,839.12006,140.30751,64
2025-03-06 16:00:00+00:00,356.0,19.4545,13.3545,15.087831,19.797735,13.465239,15.207591,42532.582,25756.709,0.0,0.0,0.0,6.519877,9.72,277.96948,9.71,1.7347841,1010.3574,1014.79596,2613565.0,1969518.4,166.10004,161.10004,454.0,848.8301,142.0423,65
2025-03-07 16:00:00+00:00,356.0,17.4545,12.504499,14.150333,17.536613,12.505501,14.33318,42614.43,22203.285,4.2,4.2,15.0,8.427383,11.159999,252.62093,8.96,1.5563561,1024.5078,1029.1292,2656179.5,1991721.6,170.30003,165.30003,469.0,857.7901,143.59865,66
2025-03-08 16:00:00+00:00,356.0,22.3545,12.9545,16.241999,23.74431,13.65398,17.033371,42696.543,33342.24,2.3999996,2.3999996,6.0,7.968939,10.08,274.39865,16.62,2.8530416,1040.7498,1046.1625,2698876.0,2025063.9,172.70003,167.70003,475.0,874.4101,146.45169,67
2025-03-09 16:00:00+00:00,356.0,23.8545,11.754499,,25.836231,9.528501,,42779.164,,,,0.0,7.2359104,12.24,,,,,,2741655.2,,,,475.0,,,68
