date,elevation,temperature_2m_max,temperature_2m_min,temperature_2m_mean,apparent_temperature_max,apparent_temperature_min,apparent_temperature_mean,daylight_duration,sunshine_duration,precipitation_sum,rain_sum,precipitation_hours,wind_speed_10m_max,wind_gusts_10m_max,wind_direction_10m_dominant,shortwave_radiation_sum,et0_fao_evapotranspiration,cumulative_temperature_2m_mean,cumulative_apparent_temperature_mean,cumulative_daylight_duration,cumulative_sunshine_duration,cumulative_precipitation_sum,cumulative_rain_sum,cumulative_precipitation_hours,cumulative_shortwave_radiation_sum,cumulative_et0_fao_evapotranspiration,day
2025-01-01 16:00:00+00:00,635.0,16.768501,14.518499,15.543499,16.550251,14.426535,15.563874,38386.67,0.0,8.2,8.2,18.0,13.926464,33.839996,55.07279,2.49,0.5771516,15.543499,15.563874,38386.67,0.0,8.2,8.2,18.0,2.49,0.5771516,1
2025-01-02 16:00:00+00:00,635.0,16.6185,13.3685,14.958083,14.695646,10.429704,12.9227295,38410.707,4400.9995,1.0000001,1.0000001,10.0,18.839045,47.88,58.61663,4.69,1.5364349,30.501583,28.486603,76797.375,4400.9995,9.2,9.2,28.0,7.1800003,2.1135864,2
2025-01-03 16:00:00+00:00,635.0,19.268501,11.1685,14.889332,17.455872,8.608956,12.928435,38436.51,33879.16,0.0,0.0,0.0,17.688606,49.32,82.16566,11.94,2.3575416,45.390915,41.41504,115233.89,38280.16,9.2,9.2,28.0,19.119999,4.471128,3
2025-01-04 16:00:00+00:00,635.0,17.1185,12.768499,14.48725,16.92139,12.284697,14.52753,38464.06,29264.467,1.6,1.6,6.0,12.242646,33.12,279.1885,8.65,1.4133012,59.878166,55.94257,153697.95,67544.625,10.8,10.8,34.0,27.769999,5.884429,4
2025-01-05 16:00:00+00:00,635.0,17.5685,11.018499,14.097667,15.320454,7.952566,12.284882,38493.316,35579.094,0.1,0.1,1.0,16.62444,44.639996,59.076862,13.66,2.4973674,73.97583,68.22745,192191.27,103123.72,10.900001,10.900001,35.0,41.43,8.381796,5
2025-01-06 16:00:00+00:00,635.0,16.0685,9.3685,12.603917,14.3195,6.2360716,10.3264675,38524.27,35027.492,0.6,0.6,5.0,15.5687,41.039997,73.8378,11.49,2.055225,86.57975,78.55392,230715.53,138151.22,11.500001,11.500001,40.0,52.92,10.437021,6
2025-01-07 16:00:00+00:00,635.0,16.9185,11.5685,14.0435,16.074532,9.788695,12.818652,38557.234,34075.33,0.2,0.2,2.0,10.266314,33.12,69.69271,10.26,1.869608,100.62325,91.37257,269272.75,172226.55,11.700001,11.700001,42.0,63.18,12.306629,7
2025-01-08 16:00:00+00:00,635.0,15.6685,9.518499,12.660167,12.936726,7.5707455,10.230236,38592.32,18160.68,3.0000002,3.0000002,19.0,18.188019,42.839996,57.305683,5.65,1.5307317,113.28342,101.6028,307865.06,190387.22,14.700001,14.700001,61.0,68.83,13.83736,8
2025-01-09 16:00:00+00:00,635.0,13.268499,10.218499,11.508083,9.688808,7.0740004,8.080459,38629.453,1225.2333,1.5000001,1.5000001,10.0,18.526888,44.639996,60.37588,4.47,1.6870502,124.791504,109.68326,346494.5,191612.45,16.2,16.2,71.0,73.3,15.52441,9
2025-01-10 16:00:00+00:00,635.0,14.0685,10.1685,11.5164175,11.414268,7.6167107,8.991184,38668.555,14703.45,2.9999993,2.9999993,23.0,16.037182,40.32,60.307144,5.59,1.2973516,136.30792,118.67444,385163.06,206315.9,19.2,19.2,94.0,78.89,16.821762,10
2025-01-11 16:00:00+00:00,635.0,14.6185,9.0685,11.347665,12.0664215,6.0599537,8.732447,38709.555,34028.133,0.2,0.2,2.0,12.261157,34.2,57.8952,12.59,2.2474556,147.6556,127.40688,423872.62,240344.03,19.400002,19.400002,96.0,91.479996,19.069218,11
2025-01-12 16:00:00+00:00,635.0,17.0685,6.4185,11.895583,15.037468,3.5160432,9.571319,38752.363,35629.6,0.0,0.0,0.0,14.027302,37.079998,87.147385,14.66,2.4494627,159.55118,136.9782,462625.0,275973.62,19.400002,19.400002,96.0,106.14,21.51868,12
2025-01-13 16:00:00+00:00,635.0,18.1185,8.268499,13.653915,18.02354,6.5360737,13.014682,38796.914,35631.87,0.3,0.3,2.0,7.5363917,25.919998,200.65894,14.55,2.3671732,173.2051,149.99287,501421.9,311605.5,19.7,19.7,98.0,120.69,23.885853,13
2025-01-14 16:00:00+00:00,635.0,13.768499,10.9185,12.728916,14.094355,7.45397,11.13535,38843.12,0.0,7.4999995,7.4999995,22.0,17.884428,46.079998,48.323208,2.87,0.77465653,185.934,161.12822,540265.0,311605.5,27.2,27.2,120.0,123.560005,24.66051,14
2025-01-15 16:00:00+00:00,635.0,15.3185,9.268499,11.601832,12.7196865,6.43299,8.787264,38890.914,27920.156,0.1,0.1,1.0,16.870138,42.839996,61.788788,9.11,1.8743382,197.53584,169.91548,579155.94,339525.66,27.300001,27.300001,121.0,132.67,26.534847,15
2025-01-16 16:00:00+00:00,635.0,15.6185,9.0685,11.8289175,12.558651,6.171216,9.048649,38940.215,33413.383,0.0,0.0,0.0,17.534992,42.12,66.69685,10.71,2.0461378,209.36476,178.96413,618096.1,372939.03,27.300001,27.300001,121.0,143.38,28.580986,16
2025-01-17 16:00:00+00:00,635.0,16.768501,9.8185,13.335166,15.481005,7.9345837,12.329716,38990.95,27636.617,0.5,0.5,5.0,12.605142,36.36,83.74787,9.2,1.6271503,222.69992,191.29384,657087.06,400575.66,27.800001,27.800001,126.0,152.58,30.208136,17
2025-01-18 16:00:00+00:00,635.0,15.968499,11.718499,13.589335,15.434446,10.400471,13.33838,39043.047,22613.285,4.4,4.4,17.0,9.9977,29.519999,24.42812,6.29,1.093064,236.28926,204.63222,696130.1,423188.94,32.2,32.2,143.0,158.87,31.301199,18
2025-01-19 16:00:00+00:00,635.0,17.3685,9.3685,13.066417,16.056372,7.2042065,11.323089,39096.43,35674.562,0.1,0.1,1.0,15.3771,41.039997,69.256355,13.86,2.3027372,249.35568,215.9553,735226.56,458863.5,32.3,32.3,144.0,172.73,33.603935,19
2025-01-20 16:00:00+00:00,635.0,18.4185,8.4185,13.618501,17.251955,5.947525,11.970254,39151.023,35686.55,0.0,0.0,0.0,14.512064,41.039997,83.50817,14.86,2.4854515,262.97418,227.92557,774377.56,494550.06,32.3,32.3,144.0,187.59,36.089386,20
2025-01-21 16:00:00+00:00,635.0,17.6685,10.768499,14.197665,17.636414,9.506509,13.828322,39206.76,33488.383,1.1,1.1,7.0,9.82114,25.199999,182.48122,10.89,1.8454416,277.17184,241.75389,813584.3,528038.44,33.399998,33.399998,151.0,198.48,37.934826,21
2025-01-22 16:00:00+00:00,635.0,17.9185,12.0685,14.626832,17.565884,11.552528,14.315632,39263.562,33165.92,0.70000005,0.70000005,7.0,10.296251,30.599998,347.8574,10.02,1.7189798,291.79868,256.06952,852847.9,561204.4,34.1,34.1,158.0,208.5,39.653805,22
2025-01-23 16:00:00+00:00,635.0,19.4685,11.6685,15.120583,17.64892,10.105819,13.865163,39321.37,31275.26,0.5,0.5,5.0,16.028088,37.44,51.326073,9.84,2.0044823,306.91925,269.9347,892169.25,592479.6,34.6,34.6,163.0,218.34,41.658287,23
2025-01-24 16:00:00+00:00,635.0,19.0685,11.518499,14.931001,17.289646,9.880574,13.4866295,39380.105,29791.598,0.6,0.6,6.0,16.293728,40.68,51.187447,8.6,1.8244487,321.85025,283.42133,931549.4,622271.25,35.199997,35.199997,169.0,226.94,43.482735,24
2025-01-25 16:00:00+00:00,635.0,17.2185,10.6685,13.639335,15.350058,8.700705,12.022736,39439.695,23216.066,6.9,6.9,13.0,15.133923,38.519997,35.744198,7.26,1.4631208,335.4896,295.44406,970989.06,645487.3,42.1,42.1,182.0,234.2,44.945854,25
2025-01-26 16:00:00+00:00,635.0,10.4185,7.2185,8.631,8.070504,4.04941,5.751564,39500.098,15362.013,10.800002,10.200001,16.0,14.634343,39.239998,39.456516,5.36,1.0024071,344.1206,301.19562,1010489.2,660849.3,52.9,52.3,198.0,239.56,45.94826,26
2025-01-27 16:00:00+00:00,635.0,14.968499,5.9685,10.047667,12.005129,2.3326888,6.6944904,39561.836,35810.152,0.0,0.0,0.0,16.560978,43.56,70.51935,16.48,2.9423025,354.16827,307.8901,1050051.0,696659.44,52.9,52.3,198.0,256.04,48.890564,27
2025-01-28 16:00:00+00:00,635.0,15.718499,6.3685,10.839334,13.101072,3.1682992,7.823475,39625.152,35833.867,0.0,0.0,0.0,16.244936,40.32,82.81847,15.47,2.693839,365.0076,315.7136,1089676.1,732493.3,52.9,52.3,198.0,271.51,51.584404,28
2025-01-29 16:00:00+00:00,635.0,17.4185,9.1685,13.105999,17.679375,7.2479906,11.804965,39689.95,35859.188,0.0,0.0,0.0,11.052058,32.760002,104.60194,15.76,2.592972,378.1136,327.51855,1129366.1,768352.5,52.9,52.3,198.0,287.27002,54.177376,29
2025-01-30 16:00:00+00:00,635.0,17.1185,9.3185,13.543499,17.446106,7.339775,12.927817,39756.145,19482.781,1.0000001,1.0000001,7.0,9.473541,24.84,151.60014,6.69,1.2760888,391.65707,340.44638,1169122.2,787835.25,53.9,53.3,205.0,293.96002,55.453465,30
2025-01-31 16:00:00+00:00,635.0,19.268501,14.4185,16.687248,20.43352,14.973934,17.211199,39823.637,28123.312,7.4000006,7.4000006,20.0,13.513193,33.12,52.140205,8.26,1.5137876,408.34433,357.6576,1208945.9,815958.56,61.300003,60.7,225.0,302.22003,56.96725,31
2025-02-01 16:00:00+00:00,635.0,18.1685,14.218499,15.7976675,17.688713,13.400036,15.51566,39892.348,9677.993,2.8,2.8,19.0,12.5807,36.719997,42.207226,5.79,1.1959999,424.142,373.17325,1248838.2,825636.56,64.100006,63.5,244.0,308.01004,58.16325,32
2025-02-02 16:00:00+00:00,635.0,13.718499,10.5685,12.178916,12.875046,7.8630924,10.29551,39962.18,1.8515396,6.1000004,6.1000004,24.0,14.731437,35.64,39.090446,2.53,0.77486795,436.32092,383.46875,1288800.4,825638.44,70.200005,69.6,268.0,310.54004,58.938118,33
2025-02-03 16:00:00+00:00,635.0,13.968499,9.4185,11.172666,11.122202,6.2533712,7.943443,40033.05,34059.37,2.6000001,2.5,7.0,17.441433,43.56,60.36539,12.38,2.340708,447.4936,391.4122,1328833.4,859697.8,72.8,72.1,275.0,322.92004,61.278828,34
2025-02-04 16:00:00+00:00,635.0,15.3185,9.468499,12.558083,14.36146,7.4152164,10.890201,40104.88,36000.0,0.3,0.3,3.0,12.662843,39.239998,87.21572,12.72,2.0887246,460.05167,402.3024,1368938.2,895697.8,73.100006,72.4,278.0,335.64005,63.367554,35
2025-02-05 16:00:00+00:00,635.0,16.4185,11.4185,13.905999,16.154911,10.230542,13.231683,40177.58,17770.838,0.3,0.3,3.0,8.790563,27.72,83.76564,7.63,1.3847679,473.95767,415.5341,1409115.9,913468.6,73.40001,72.700005,281.0,343.27005,64.75232,36
2025-02-06 16:00:00+00:00,635.0,15.8185,10.9185,13.201832,13.605156,7.2166376,11.041909,40251.066,6292.093,3.1999996,3.1999996,20.0,18.720863,45.36,55.188763,4.07,1.3399023,487.15952,426.576,1449367.0,919760.7,76.600006,75.9,301.0,347.34006,66.092224,37
2025-02-07 16:00:00+00:00,635.0,12.3185,9.5685,10.733083,8.380296,5.5623856,6.8991795,40325.258,1006.9672,2.2,2.2,20.0,19.770523,47.88,62.126324,4.83,1.7425519,497.8926,433.47516,1489692.2,920767.6,78.8,78.1,321.0,352.17004,67.83478,38
2025-02-08 16:00:00+00:00,635.0,14.768499,8.9185,11.301833,11.476177,6.0840397,8.239526,40400.086,26306.734,0.0,0.0,0.0,18.307865,45.36,64.88441,9.47,1.9731284,509.19443,441.7147,1530092.4,947074.4,78.8,78.1,321.0,361.64005,69.80791,39
2025-02-09 16:00:00+00:00,635.0,17.0685,10.518499,13.210167,16.484325,8.167351,11.6787615,40475.457,36400.684,0.0,0.0,0.0,12.662843,36.36,78.24968,14.99,2.4590807,522.4046,453.39346,1570567.9,983475.06,78.8,78.1,321.0,376.63004,72.26699,40
2025-02-10 16:00:00+00:00,635.0,19.768501,9.268499,14.699749,20.471691,7.724267,14.354465,40551.3,36291.715,0.0,0.0,0.0,7.889259,25.199999,154.66258,17.53,2.9465058,537.1044,467.74792,1611119.1,1019766.75,78.8,78.1,321.0,394.16003,75.21349,41
2025-02-11 16:00:00+00:00,635.0,17.3685,13.6185,15.774753,19.559263,14.254015,16.92594,40627.535,0.0,26.8,26.8,19.0,11.200571,39.239998,105.97512,3.12,0.65972227,552.87915,484.67386,1651746.6,1019766.75,105.600006,104.899994,340.0,397.28003,75.873215,42
2025-02-12 16:00:00+00:00,635.0,16.4685,13.8685,15.076833,16.22676,12.585962,14.214424,40704.09,0.0,33.3,33.3,17.0,17.22836,47.519997,68.69286,3.97,0.7164367,567.956,498.88828,1692450.8,1019766.75,138.90001,138.2,357.0,401.25003,76.58965,43
2025-02-13 16:00:00+00:00,635.0,18.3185,14.0685,16.318502,19.29389,13.288654,16.614035,40780.895,35528.395,0.0,0.0,0.0,13.556282,37.8,81.21015,11.91,1.9482924,584.2745,515.5023,1733231.6,1055295.1,138.90001,138.2,357.0,413.16003,78.53795,44
2025-02-14 16:00:00+00:00,635.0,22.540998,16.390999,18.88683,25.075136,16.934437,20.287539,40876.797,36000.0,0.0,0.0,0.0,7.5685663,21.96,104.70836,17.67,3.0693893,603.1613,535.78986,1774108.4,1091295.1,138.90001,138.2,357.0,430.83005,81.60734,45
2025-02-15 16:00:00+00:00,635.0,22.841,15.991,18.611832,25.131466,15.150333,19.365152,40953.344,36606.54,0.0,0.0,0.0,7.928177,23.759998,22.239141,19.8,3.4853153,621.77313,555.155,1815061.8,1127901.6,138.90001,138.2,357.0,450.63004,85.09265,46
2025-02-16 16:00:00+00:00,635.0,21.441,14.891,17.738916,23.449999,13.633261,17.881056,41030.574,36142.04,0.1,0.0,1.0,7.42159,19.44,54.75237,19.68,3.5020082,639.512,573.0361,1856092.4,1164043.6,139.00002,138.2,358.0,470.31003,88.59466,47
2025-02-17 16:00:00+00:00,635.0,19.191,13.841001,15.9035,19.780647,14.157684,16.585018,41108.758,33732.445,0.2,0.0,2.0,9.085988,24.48,358.99493,15.06,2.4124124,655.4155,589.6211,1897201.1,1197776.1,139.20001,138.2,360.0,485.37003,91.00707,48
2025-02-18 16:00:00+00:00,635.0,18.890999,13.791,15.7680855,19.514103,14.297281,16.274134,41187.824,35567.77,0.2,0.0,2.0,10.086427,25.919998,279.68863,14.28,2.3247015,671.1836,605.8952,1938389.0,1233343.9,139.40001,138.2,362.0,499.65002,93.33177,49
2025-02-19 16:00:00+00:00,635.0,17.941,13.691,15.597249,18.171041,13.436949,15.938835,41267.695,35210.6,0.1,0.0,1.0,8.28,20.880001,312.78033,12.82,2.0946171,686.7808,621.83405,1979656.8,1268554.5,139.50002,138.2,363.0,512.47003,95.42639,50
2025-02-20 16:00:00+00:00,635.0,19.140999,13.641,15.67225,19.974304,14.231113,16.17522,41348.293,30320.842,0.0,0.0,0.0,10.966713,27.72,7.8463616,15.36,2.4565992,702.45306,638.0093,2021005.0,1298875.4,139.50002,138.2,363.0,527.83,97.88299,51
2025-02-21 16:00:00+00:00,635.0,19.390999,13.741,16.143082,20.87708,13.354107,16.677853,41429.55,36104.027,0.0,0.0,0.0,9.255571,25.919998,345.06848,17.23,2.8071275,718.5961,654.68713,2062434.5,1334979.4,139.50002,138.2,363.0,545.06,100.69012,52
2025-02-22 16:00:00+00:00,635.0,17.741,14.091001,15.457667,18.379581,14.380634,15.778134,41511.395,4418.8853,0.0,0.0,0.0,8.427383,23.759998,16.934952,6.45,1.2101152,734.0538,670.4653,2103946.0,1339398.2,139.50002,138.2,363.0,551.51,101.90023,53
2025-02-23 16:00:00+00:00,635.0,18.890999,12.841001,15.3285,20.155117,12.545036,15.61485,41593.75,38043.887,0.1,0.0,1.0,8.0899935,21.599998,2.7145405,17.13,2.7101521,749.38226,686.08014,2145539.8,1377442.1,139.60002,138.2,364.0,568.64,104.61038,54
2025-02-24 16:00:00+00:00,635.0,18.540998,13.041,15.193086,19.738148,13.524654,15.742649,41676.56,38740.53,0.3,0.0,3.0,6.3690495,23.759998,298.03372,17.42,2.7330585,764.5754,701.8228,2187216.2,1416182.6,139.90002,138.2,367.0,586.06,107.34344,55
2025-02-25 16:00:00+00:00,635.0,18.191,14.191,15.763915,18.893702,13.740196,16.203993,41759.734,4384.2905,0.9,0.9,6.0,5.0911684,14.4,26.104795,9.46,1.682893,780.3393,718.0268,2228976.0,1420566.9,140.80002,139.09999,373.0,595.52,109.02633,56
2025-02-26 16:00:00+00:00,635.0,19.841,14.891,17.382668,21.279285,15.495544,18.32014,41843.22,32631.943,0.0,0.0,0.0,6.87779,16.919998,43.854324,13.63,2.3220136,797.722,736.3469,2270819.2,1453198.9,140.80002,139.09999,373.0,609.15,111.34834,57
2025-02-27 16:00:00+00:00,635.0,23.4085,16.541,18.743603,24.25017,17.305027,19.611906,41926.945,34545.68,0.0,0.0,0.0,11.269782,6.12,346.4295,17.6,3.1901793,816.4656,755.9588,2312746.2,1487744.5,140.80002,139.09999,373.0,626.75,114.53852,58
2025-02-28 16:00:00+00:00,635.0,23.2085,16.008501,18.996002,24.127026,16.33469,19.769878,42010.848,37085.49,0.0,0.0,0.0,10.799999,6.8399997,326.9933,17.22,3.137523,835.46155,775.7287,2354757.0,1524830.0,140.80002,139.09999,373.0,643.97,117.67604,59
2025-03-01 16:00:00+00:00,635.0,25.9585,15.8585005,20.266834,26.93954,15.395575,20.78618,42094.855,39402.312,1.8,0.0,6.0,11.966953,7.92,226.76233,21.78,4.165883,855.7284,796.5149,2396851.8,1564232.2,142.60002,139.09999,379.0,665.75,121.84193,60
2025-03-02 16:00:00+00:00,635.0,22.4585,16.108501,18.40642,23.796972,17.210537,19.748896,42178.902,39089.266,3.0000005,0.3,18.0,10.383987,13.679999,359.21518,16.4,2.7816844,874.1348,816.2638,2439030.8,1603321.5,145.60002,139.4,397.0,682.15,124.62361,61
2025-03-03 16:00:00+00:00,635.0,22.608501,14.7585,17.866835,25.11832,15.5990505,19.149355,42262.93,39578.113,0.6,0.0,6.0,10.44,8.28,341.78006,21.37,3.550066,892.00165,835.41315,2481293.8,1642899.6,146.20003,139.4,403.0,703.52,128.17368,62
2025-03-04 16:00:00+00:00,635.0,16.108501,6.2585,9.793916,17.434069,1.1823812,6.5264363,42346.875,169.63385,3.3,3.3,9.0,27.059933,29.16,25.563257,1.92,0.5135547,901.7956,841.9396,2523640.5,1643069.2,149.50003,142.7,412.0,705.44,128.68723,63
2025-03-05 16:00:00+00:00,635.0,10.6585,5.2585,7.1960006,6.7540073,0.35160542,2.6208112,42430.66,39217.688,0.0,0.0,0.0,24.490585,27.0,27.407516,19.17,2.3813908,908.9916,844.56036,2566071.2,1682287.0,149.50003,142.7,412.0,724.61,131.06862,64
2025-03-06 16:00:00+00:00,635.0,11.6085,5.6085,8.1501665,8.737964,1.8650556,4.744605,42514.234,39839.996,0.0,0.0,0.0,20.617662,24.48,22.912338,19.02,2.3304186,917.1417,849.305,2608585.5,1722127.0,149.50003,142.7,412.0,743.63,133.39903,65
2025-03-07 16:00:00+00:00,635.0,16.108501,7.0085,10.9626665,14.842562,4.157262,8.587865,42597.543,39926.527,0.0,0.0,0.0,17.28,20.880001,19.627672,22.76,3.1386416,928.1044,857.8929,2651183.0,1762053.5,149.50003,142.7,412.0,766.39,136.53767,66
