date,elevation,temperature_2m_max,temperature_2m_min,temperature_2m_mean,apparent_temperature_max,apparent_temperature_min,apparent_temperature_mean,daylight_duration,sunshine_duration,precipitation_sum,rain_sum,precipitation_hours,wind_speed_10m_max,wind_gusts_10m_max,wind_direction_10m_dominant,shortwave_radiation_sum,et0_fao_evapotranspiration,cumulative_temperature_2m_mean,cumulative_apparent_temperature_mean,cumulative_daylight_duration,cumulative_sunshine_duration,cumulative_precipitation_sum,cumulative_rain_sum,cumulative_precipitation_hours,cumulative_shortwave_radiation_sum,cumulative_et0_fao_evapotranspiration,day
2025-01-01 16:00:00+00:00,1876.0,10.2435,9.143499,9.766415,9.888781,8.548195,9.348945,38386.67,0.0,14.199999,14.199999,24.0,3.3092594,23.759998,16.238901,1.33,0.37021208,9.766415,9.348945,38386.67,0.0,14.199999,14.199999,24.0,1.33,0.37021208,1
2025-01-02 16:00:00+00:00,1876.0,8.9435,5.5435004,7.4705834,8.212678,3.7106194,6.1255584,38410.707,0.0,3.8999999,3.8999999,21.0,6.3639607,31.319998,17.111828,3.08,0.5749927,17.236998,15.474503,76797.375,0.0,18.099998,18.099998,45.0,4.41,0.9452048,2
2025-01-03 16:00:00+00:00,1876.0,10.0935,4.0935,6.689333,8.309726,2.3558073,4.9406753,38436.51,28478.072,2.8,2.8,16.0,7.458606,32.760002,95.0161,11.96,1.6300846,23.92633,20.415178,115233.89,28478.072,20.899998,20.899998,61.0,16.369999,2.5752895,3
2025-01-04 16:00:00+00:00,1876.0,10.643499,5.8935003,7.931,9.824421,4.1625004,6.628061,38464.06,32577.787,5.999999,5.999999,16.0,5.7204895,29.16,198.3099,10.5,1.5444295,31.85733,27.04324,153697.95,61055.86,26.899998,26.899998,77.0,26.869999,4.119719,4
2025-01-05 16:00:00+00:00,1876.0,10.5935,3.0935,6.6789165,9.106732,0.31424618,4.853971,38493.316,31316.113,0.9000001,0.9000001,7.0,7.596341,34.92,351.3066,11.2,1.5715392,38.536247,31.897211,192191.27,92371.97,27.799997,27.799997,84.0,38.07,5.6912584,5
2025-01-06 16:00:00+00:00,1876.0,7.8935003,3.9435,5.322667,6.3431187,2.1445937,3.5820453,38524.27,14235.012,4.7,4.7,23.0,4.942631,32.399998,100.95402,5.6,0.84526414,43.858913,35.479256,230715.53,106606.984,32.499996,32.499996,107.0,43.67,6.5365224,6
2025-01-07 16:00:00+00:00,1876.0,9.643499,3.2435,6.2914166,8.194048,0.83187103,4.6201463,38557.234,19056.934,4.299999,4.299999,22.0,5.4656014,32.399998,235.95406,8.15,1.1754928,50.15033,40.099403,269272.75,125663.92,36.799995,36.799995,129.0,51.82,7.712015,7
2025-01-08 16:00:00+00:00,1876.0,8.0435,1.9935,4.3643327,6.683152,-0.4660251,2.4309447,38592.32,14178.3545,10.799999,10.799999,18.0,4.8633323,31.319998,10.885482,6.05,0.8568147,54.514664,42.53035,307865.06,139842.28,47.599995,47.599995,147.0,57.87,8.56883,8
2025-01-09 16:00:00+00:00,1876.0,4.4935,1.6435,2.5268333,2.3938694,-0.71290565,0.20416713,38629.453,0.0,12.399999,9.900001,24.0,4.514377,34.2,28.44781,3.88,0.59225565,57.041496,42.734516,346494.5,139842.28,59.999992,57.499996,171.0,61.75,9.161085,9
2025-01-10 16:00:00+00:00,1876.0,3.3435,1.5935,2.5664165,1.5674858,-0.73869705,0.5099636,38668.555,0.0,20.300001,11.700001,24.0,2.8001428,33.839996,1.8595784,3.55,0.554783,59.607914,43.24448,385163.06,139842.28,80.299995,69.2,195.0,65.3,9.715868,10
2025-01-11 16:00:00+00:00,1876.0,6.2935004,2.5935,3.9205835,4.591401,0.30204964,1.8261508,38709.555,8851.281,6.799999,6.799999,21.0,4.669604,34.92,334.11703,5.6,0.86433536,63.528496,45.07063,423872.62,148693.56,87.09999,76.0,216.0,70.9,10.580203,11
2025-01-12 16:00:00+00:00,1876.0,8.2935,2.6935,5.1872497,6.4777756,0.37302113,3.1131992,38752.363,21765.057,1.7000002,1.7000002,14.0,4.991553,33.48,168.38145,6.9,1.018039,68.715744,48.18383,462625.0,170458.62,88.79999,77.7,230.0,77.8,11.598242,12
2025-01-13 16:00:00+00:00,1876.0,12.643499,2.6935,7.628917,11.396529,0.2926221,5.9609923,38796.914,25579.986,2.4,2.4,14.0,6.269067,34.2,200.40363,12.15,1.7966046,76.34466,54.14482,501421.9,196038.61,91.19999,80.1,244.0,89.950005,13.394846,13
2025-01-14 16:00:00+00:00,1876.0,8.2435,2.6435,5.8351665,7.279831,0.31068134,4.02795,38843.12,3832.3066,10.8,10.8,24.0,6.361415,34.56,352.34946,3.15,0.5246163,82.179825,58.17277,540265.0,199870.92,101.99999,90.9,268.0,93.100006,13.919462,14
2025-01-15 16:00:00+00:00,1876.0,5.7435,2.5435,3.728917,3.9227333,0.39308214,1.725798,38890.914,345.51523,6.5000005,6.5000005,24.0,4.278551,31.68,35.720047,4.05,0.65332335,85.908745,59.89857,579155.94,200216.44,108.49999,97.4,292.0,97.15001,14.572785,15
2025-01-16 16:00:00+00:00,1876.0,7.1935,2.6935,4.453916,5.276185,0.56455183,2.5163538,38940.215,5638.4224,5.7,5.7,19.0,4.8633323,30.239998,40.219067,5.35,0.8221277,90.36266,62.414925,618096.1,205854.86,114.19999,103.1,311.0,102.50001,15.394913,16
2025-01-17 16:00:00+00:00,1876.0,9.643499,3.7435,6.0935,7.83342,1.7609062,4.4078984,38990.95,14805.911,5.9000006,5.9000006,24.0,6.489992,26.28,160.48064,6.02,0.9297417,96.45616,66.82282,657087.06,220660.77,120.09999,109.0,335.0,108.520004,16.324654,17
2025-01-18 16:00:00+00:00,1876.0,11.0935,6.0435004,7.791418,10.554024,4.460869,6.5821214,39043.047,23561.213,6.0999994,6.0999994,23.0,4.5,29.519999,261.4955,8.77,1.3316656,104.24758,73.404945,696130.1,244221.98,126.19999,115.1,358.0,117.29001,17.656319,18
2025-01-19 16:00:00+00:00,1876.0,10.7435,4.5935,6.5518336,9.308674,2.2867627,4.8091445,39096.43,20544.346,4.8,4.8,21.0,6.162207,28.08,5.99243,7.3,1.1233351,110.799416,78.21409,735226.56,264766.34,130.99998,119.9,379.0,124.59001,18.779654,19
2025-01-20 16:00:00+00:00,1876.0,9.6935,4.7435,6.7705836,7.873376,3.0641217,5.0818267,39151.023,20164.033,3.8000002,3.8000002,22.0,6.320538,25.199999,111.33696,7.35,1.1093967,117.57,83.29591,774377.56,284930.38,134.79999,123.700005,401.0,131.94002,19.88905,20
2025-01-21 16:00:00+00:00,1876.0,10.4435,4.7435,7.0914173,9.060208,2.7476945,5.506369,39206.76,33433.613,4.5999994,4.5999994,17.0,6.444905,31.68,188.97252,10.67,1.5087852,124.661415,88.802284,813584.3,318364.0,139.4,128.3,418.0,142.61002,21.397835,21
2025-01-22 16:00:00+00:00,1876.0,12.6935,4.0935,8.251833,12.235201,1.7983499,6.8657703,39263.562,33867.52,2.4999995,2.4999995,16.0,6.638072,30.960001,259.1918,12.74,1.9319129,132.91325,95.66805,852847.9,352231.53,141.9,130.8,434.0,155.35002,23.329748,22
2025-01-23 16:00:00+00:00,1876.0,13.2935,5.8435,8.962251,12.794813,3.5165,7.571387,39321.37,31221.754,3.2,3.2,14.0,5.720489,28.8,345.4209,13.38,2.038365,141.8755,103.23944,892169.25,383453.28,145.09999,134.0,448.0,168.73003,25.368113,23
2025-01-24 16:00:00+00:00,1876.0,11.5435,5.2435,8.264333,10.417674,3.342567,6.938047,39380.105,28692.57,4.6000004,4.6000004,16.0,6.384293,27.0,6.6324186,10.65,1.5555621,150.13983,110.17749,931549.4,412145.84,149.7,138.6,464.0,179.38002,26.923676,24
2025-01-25 16:00:00+00:00,1876.0,10.0435,5.0935,7.243501,9.053453,3.05898,5.861014,39439.695,28006.07,9.1,9.1,24.0,5.6521144,33.12,19.685839,9.64,1.3865727,157.38333,116.038506,970989.06,440151.9,158.8,147.70001,488.0,189.02002,28.310247,25
2025-01-26 16:00:00+00:00,1876.0,4.6935,0.5935,2.2434995,2.5674896,-2.108599,-0.28522775,39500.098,0.0,25.699999,18.3,24.0,5.815978,38.519997,347.7795,2.52,0.40340927,159.62683,115.75328,1010489.2,440151.9,184.5,166.00002,512.0,191.54002,28.713657,26
2025-01-27 16:00:00+00:00,1876.0,6.6935,-1.8565,1.8455833,4.791847,-5.2428713,-0.81026286,39561.836,28405.717,2.5,2.1,13.0,5.5829024,27.359999,18.67344,13.74,1.7270852,161.47241,114.943016,1050051.0,468557.62,187.0,168.10002,525.0,205.28003,30.440742,27
2025-01-28 16:00:00+00:00,1876.0,5.5935,0.1935,2.5059998,2.8990412,-2.5604463,-0.061918367,39625.152,19155.863,3.6999996,3.6999996,24.0,6.1569467,28.8,107.5414,8.58,1.1253043,163.97841,114.881096,1089676.1,487713.5,190.7,171.80002,549.0,213.86003,31.566048,28
2025-01-29 16:00:00+00:00,1876.0,10.9935,2.0435,5.633084,9.114445,-0.43847942,3.5231678,39689.95,23262.455,3.8000002,3.8000002,20.0,7.9383874,31.319998,164.65903,9.36,1.3627573,169.6115,118.40427,1129366.1,510975.97,194.5,175.60002,569.0,223.22003,32.928806,29
2025-01-30 16:00:00+00:00,1876.0,10.4935,3.5935,7.181,9.623136,1.1448698,5.6081734,39756.145,5920.6836,4.8,4.8,19.0,6.297428,34.56,222.28026,4.67,0.8125038,176.7925,124.012436,1169122.2,516896.66,199.3,180.40002,588.0,227.89003,33.74131,30
2025-01-31 16:00:00+00:00,1876.0,13.9435,8.143499,10.4935,13.839058,6.907569,9.953248,39823.637,22698.402,12.700001,12.700001,20.0,5.072041,33.12,211.71289,7.89,1.3072735,187.286,133.96568,1208945.9,539595.06,212.0,193.10002,608.0,235.78003,35.048584,31
2025-02-01 16:00:00+00:00,1876.0,10.8435,6.3435,9.020585,10.502457,4.9973307,8.271326,39892.348,0.13469696,7.7000003,7.7000003,24.0,3.572898,36.36,330.9032,4.69,0.84326094,196.30658,142.23701,1248838.2,539595.2,219.7,200.80002,632.0,240.47003,35.891846,32
2025-02-02 16:00:00+00:00,1876.0,7.3935003,2.9435,5.5435004,6.3515043,0.6536808,3.9055936,39962.18,36.96785,20.1,20.1,24.0,4.724786,35.28,359.38394,2.75,0.5123499,201.85008,146.14261,1288800.4,539632.1,239.8,220.90002,656.0,243.22003,36.404194,33
2025-02-03 16:00:00+00:00,1876.0,4.8935003,0.8435,2.6851666,2.6758666,-1.7157094,0.37621698,40033.05,647.01245,16.4,10.6,24.0,5.8298883,32.399998,26.640541,5.2,0.7805012,204.53525,146.51883,1328833.4,540279.1,256.2,231.50003,680.0,248.42003,37.184696,34
2025-02-04 16:00:00+00:00,1876.0,4.9435,1.7935,3.210167,2.709765,-0.6932802,0.9608002,40104.88,2437.3374,9.8,7.900001,24.0,4.6730714,36.719997,162.26167,4.84,0.71994364,207.74542,147.47963,1368938.2,542716.44,266.0,239.40002,704.0,253.26003,37.90464,35
2025-02-05 16:00:00+00:00,1876.0,8.4935,3.3935,5.8893332,7.3718767,1.2118793,4.2405744,40177.58,1938.8163,8.699999,8.699999,24.0,4.3573384,30.239998,200.26576,4.86,0.7895755,213.63475,151.7202,1409115.9,544655.25,274.7,248.10002,728.0,258.12003,38.694214,36
2025-02-06 16:00:00+00:00,1876.0,8.0935,1.8935,5.1247497,6.385272,-0.5959809,3.1664574,40251.066,14400.0,5.8,5.6000004,20.0,6.114703,33.839996,12.614667,5.61,0.82269347,218.7595,154.88666,1449367.0,559055.25,280.5,253.70003,748.0,263.73,39.516907,37
2025-02-07 16:00:00+00:00,1876.0,3.4935,0.9935,1.7393335,1.2004051,-1.5477388,-0.7200431,40325.258,0.0,11.3,9.000003,24.0,4.471107,36.719997,30.51218,4.16,0.6132844,220.49884,154.16661,1489692.2,559055.25,291.8,262.70004,772.0,267.89,40.13019,38
2025-02-08 16:00:00+00:00,1876.0,5.5935,1.4435,3.1789167,3.6589718,-0.8942518,1.1022996,40400.086,0.0,4.499999,3.6999996,22.0,3.6402748,33.48,54.148758,4.7,0.7211408,223.67775,155.2689,1530092.4,559055.25,296.3,266.40005,794.0,272.59003,40.851334,39
2025-02-09 16:00:00+00:00,1876.0,9.393499,2.9935,5.6351666,7.6709824,0.8121095,3.7674239,40475.457,10960.305,2.3,2.3,20.0,5.414979,30.239998,166.77217,6.86,1.0394428,229.31291,159.03633,1570567.9,570015.56,298.59998,268.70004,814.0,279.45,41.890778,40
2025-02-10 16:00:00+00:00,1876.0,14.3435,3.4935,8.66225,13.414547,1.0710425,7.1785884,40551.3,27719.133,1.8000001,1.8000001,9.0,8.161764,33.839996,185.91382,12.99,1.9730524,237.97516,166.21492,1611119.1,597734.7,300.39996,270.50003,823.0,292.44,43.86383,41
2025-02-11 16:00:00+00:00,1876.0,13.3435,7.8935003,10.474749,13.650196,6.1468945,9.981318,40627.535,0.0,29.199999,29.199999,23.0,6.618519,32.760002,230.01317,2.48,0.56609106,248.4499,176.19624,1651746.6,597734.7,329.59998,299.70004,846.0,294.92,44.42992,42
2025-02-12 16:00:00+00:00,1876.0,11.886001,8.336,10.444333,11.580418,6.3704004,9.303289,40690.73,0.0,50.199993,47.1,19.0,8.891344,53.639996,131.15172,2.26,0.5453519,258.89423,185.49953,1692437.4,597734.7,379.79996,346.80005,865.0,297.18002,44.975273,43
2025-02-13 16:00:00+00:00,1876.0,14.036,9.886001,11.483916,13.6080265,8.560512,10.792924,40767.895,32059.56,0.0,0.0,0.0,7.7043357,52.92,267.64087,10.62,1.6280826,270.37814,196.29245,1733205.2,629794.25,379.79996,346.80005,865.0,307.80002,46.603355,44
2025-02-14 16:00:00+00:00,1876.0,15.836,9.736,12.219334,15.601011,7.804323,10.910369,40845.23,36205.793,0.0,0.0,0.0,10.685391,65.159996,257.9052,16.78,2.6046255,282.59747,207.20282,1774050.5,666000.06,379.79996,346.80005,865.0,324.58002,49.20798,45
2025-02-15 16:00:00+00:00,1876.0,15.186,9.036,11.623501,15.189693,6.2634783,9.896475,40922.684,36081.094,0.0,0.0,0.0,11.090103,63.0,269.03442,17.7,2.827876,294.22098,217.09929,1814973.1,702081.1,379.79996,346.80005,865.0,342.28003,52.03586,46
2025-02-16 16:00:00+00:00,1876.0,15.136001,8.336,10.952667,15.060009,6.530648,9.51676,41000.832,37416.69,0.0,0.0,0.0,9.1641035,59.399998,277.20596,20.62,3.0605333,305.17365,226.61604,1855974.0,739497.8,379.79996,346.80005,865.0,362.90002,55.09639,47
2025-02-17 16:00:00+00:00,1876.0,11.086,7.6359997,9.05475,9.4258995,5.899069,7.540584,41079.94,24791.344,0.0,0.0,0.0,9.726664,63.36,281.82144,9.44,1.3986675,314.2284,234.15663,1897054.0,764289.1,379.79996,346.80005,865.0,372.34003,56.495056,48
2025-02-18 16:00:00+00:00,1876.0,12.636001,7.0860004,9.079749,11.063732,5.5360117,7.6374855,41159.94,36000.0,0.0,0.0,0.0,10.195057,61.199997,277.765,12.77,1.8382462,323.30814,241.79411,1938214.0,800289.1,379.79996,346.80005,865.0,385.11002,58.3333,49
2025-02-19 16:00:00+00:00,1876.0,12.436,7.0860004,9.258918,11.178264,5.0280914,7.6489754,41240.758,34787.36,0.0,0.0,0.0,9.422101,53.28,285.32153,13.1,1.8967022,332.56705,249.44308,1979454.8,835076.5,379.79996,346.80005,865.0,398.21002,60.230003,50
2025-02-20 16:00:00+00:00,1876.0,10.936,7.3360004,8.936,9.339781,5.6295986,7.343325,41322.305,19272.393,0.0,0.0,0.0,8.913181,62.279995,278.91483,8.09,1.2508303,341.50305,256.7864,2020777.0,854348.9,379.79996,346.80005,865.0,406.30002,61.480835,51
2025-02-21 16:00:00+00:00,1876.0,13.186,7.686,9.965165,12.094187,6.102602,8.753979,41404.523,34713.445,0.0,0.0,0.0,5.8048253,48.96,272.12106,12.93,2.000601,351.46823,265.54037,2062181.5,889062.3,379.79996,346.80005,865.0,419.23,63.481438,52
2025-02-22 16:00:00+00:00,1876.0,10.486,7.686,8.790166,9.530085,6.5465927,7.694988,41487.332,16460.975,3.3,3.3,6.0,5.00128,54.719997,302.49658,6.25,1.019026,360.2584,273.23535,2103668.8,905523.3,383.09995,350.10004,871.0,425.48,64.500465,53
2025-02-23 16:00:00+00:00,1876.0,12.286,5.686,8.446416,11.004822,3.9340553,6.905456,41570.656,38231.438,0.0,0.0,0.0,6.696387,65.159996,247.83359,15.06,2.169737,368.7048,280.1408,2145239.5,943754.75,383.09995,350.10004,871.0,440.54,66.670204,54
2025-02-24 16:00:00+00:00,1876.0,12.836,6.6359997,9.250584,12.737213,4.1948185,7.880283,41654.438,29716.947,0.0,0.0,0.0,7.653705,47.16,272.3942,15.36,2.194087,377.95538,288.0211,2186894.0,973471.7,383.09995,350.10004,871.0,455.9,68.86429,55
2025-02-25 16:00:00+00:00,1876.0,13.6765,7.8765,9.713395,12.30702,6.418252,8.151195,41738.594,30863.594,0.0,0.0,0.0,12.599999,47.519997,349.3544,16.19,2.3472805,387.6688,296.17227,2228632.5,1004335.25,383.09995,350.10004,871.0,472.09,71.21157,56
2025-02-26 16:00:00+00:00,1876.0,7.8765,6.2765,6.972334,6.4997606,3.7997503,5.015739,41823.062,0.0,7.200002,7.200002,24.0,9.422101,10.440001,112.56414,1.03,0.3209521,394.6411,301.18802,2270455.5,1004335.25,390.29996,357.30005,895.0,473.12,71.532524,57
2025-02-27 16:00:00+00:00,1876.0,8.8765,6.0265,7.3890004,8.063508,3.8900204,5.6859093,41907.773,0.0,4.2,3.9000006,18.0,9.220499,10.440001,214.04597,2.39,0.49959376,402.03012,306.87393,2312363.2,1004335.25,394.49997,361.20004,913.0,475.51,72.03212,58
2025-02-28 16:00:00+00:00,1876.0,13.9265,4.4265003,8.1765,13.203579,0.22984028,5.9973693,41992.656,39314.246,0.0,0.0,0.0,12.224107,8.28,276.5365,24.39,3.4102716,410.20663,312.8713,2354356.0,1043649.5,394.49997,361.20004,913.0,499.90002,75.44239,59
2025-03-01 16:00:00+00:00,1876.0,13.9265,3.4764998,7.9910836,12.522675,-1.660502,4.5863695,42077.652,39402.31,0.0,0.0,0.0,13.18308,8.64,260.45255,24.81,3.96715,418.19772,317.45767,2396433.8,1083051.8,394.49997,361.20004,913.0,524.71,79.40954,60
2025-03-02 16:00:00+00:00,1876.0,13.5765,3.3265,7.9285836,12.018736,-1.9539094,4.4992337,42162.69,39490.29,0.0,0.0,0.0,12.371645,7.92,268.94403,24.88,3.9251986,426.1263,321.9569,2438596.5,1122542.0,394.49997,361.20004,913.0,549.59,83.33474,61
2025-03-03 16:00:00+00:00,1876.0,12.4765005,3.0765,6.88275,10.838821,-1.593204,3.7555053,42247.703,39578.113,0.0,0.0,0.0,13.708391,10.799999,314.51855,24.88,3.5697956,433.00906,325.7124,2480844.2,1162120.1,394.49997,361.20004,913.0,574.47003,86.90453,62
2025-03-04 16:00:00+00:00,1876.0,11.5265,1.1765,6.016084,10.106194,-2.1154757,3.3650494,42332.625,39665.715,0.0,0.0,0.0,14.799459,8.28,41.185757,24.92,3.1437707,439.02515,329.07745,2523177.0,1201785.9,394.49997,361.20004,913.0,599.39,90.0483,63
2025-03-05 16:00:00+00:00,1876.0,11.8265,3.0265,7.1202493,10.500863,-0.86323833,4.4131145,42417.4,36701.777,0.0,0.0,0.0,13.698934,8.64,296.91113,21.0,2.9216988,446.1454,333.49057,2565594.5,1238487.6,394.49997,361.20004,913.0,620.39,92.97,64
