date,elevation,temperature_2m_max,temperature_2m_min,temperature_2m_mean,apparent_temperature_max,apparent_temperature_min,apparent_temperature_mean,daylight_duration,sunshine_duration,precipitation_sum,rain_sum,precipitation_hours,wind_speed_10m_max,wind_gusts_10m_max,wind_direction_10m_dominant,shortwave_radiation_sum,et0_fao_evapotranspiration,cumulative_temperature_2m_mean,cumulative_apparent_temperature_mean,cumulative_daylight_duration,cumulative_sunshine_duration,cumulative_precipitation_sum,cumulative_rain_sum,cumulative_precipitation_hours,cumulative_shortwave_radiation_sum,cumulative_et0_fao_evapotranspiration,day
2025-01-01 16:00:00+00:00,2282.0,10.972,9.172,9.980333,10.494135,8.679433,9.588707,38700.812,345.78278,9.2,9.2,24.0,3.3092597,18.0,86.63364,2.73,0.56758744,9.980333,9.588707,38700.812,345.78278,9.2,9.2,24.0,2.73,0.56758744,1
2025-01-02 16:00:00+00:00,2282.0,10.122001,6.422,8.805334,9.672266,4.759325,7.989057,38723.355,9675.863,5.8999996,5.8999996,24.0,4.503598,25.56,87.005806,3.85,0.72990537,18.785667,17.577765,77424.17,10021.646,15.099999,15.099999,48.0,6.58,1.2974927,2
2025-01-03 16:00:00+00:00,2282.0,11.422,4.3719997,7.4969993,9.736281,2.2807436,5.6928573,38747.555,35847.867,0.5,0.5,5.0,5.4029994,26.64,89.780495,12.81,1.8828622,26.282667,23.270622,116171.73,45869.516,15.599999,15.599999,53.0,19.39,3.180355,3
2025-01-04 16:00:00+00:00,2282.0,10.622001,5.672,7.599083,8.719654,4.2214413,6.072172,38773.387,35835.516,1.2,1.2,10.0,4.514377,30.599998,232.77902,11.27,1.685529,33.881752,29.342794,154945.11,81705.03,16.8,16.8,63.0,30.66,4.865884,4
2025-01-05 16:00:00+00:00,2282.0,12.122001,3.6219997,7.4928336,10.997573,1.7522364,5.9341607,38800.83,35824.953,0.5,0.5,5.0,3.0652895,34.2,55.840214,12.29,1.9064593,41.374584,35.276955,193745.94,117529.984,17.3,17.3,68.0,42.95,6.772343,5
2025-01-06 16:00:00+00:00,2282.0,10.522,4.3719997,7.0053334,9.197078,2.2655535,5.4125104,38829.86,29003.44,1.5000002,1.5000002,12.0,3.536439,33.839996,87.98342,8.76,1.3711351,48.379917,40.689465,232575.8,146533.42,18.8,18.8,80.0,51.71,8.143478,6
2025-01-07 16:00:00+00:00,2282.0,10.772,3.6219997,6.844918,9.507586,1.7346196,5.252771,38860.773,35809.16,1.6000001,1.6000001,8.0,2.36753,35.28,333.43503,12.86,1.9078461,55.224834,45.942234,271436.56,182342.58,20.4,20.4,88.0,64.57,10.051325,7
2025-01-08 16:00:00+00:00,2282.0,10.222,2.822,6.244917,8.580765,0.5962081,4.542826,38893.684,28959.408,3.6999998,3.6999998,10.0,3.438895,36.36,58.799583,8.5,1.349033,61.46975,50.48506,310330.25,211301.98,24.099998,24.099998,98.0,73.07,11.400358,8
2025-01-09 16:00:00+00:00,2282.0,6.9719996,3.322,4.757417,5.5425205,1.2739558,2.9246275,38928.516,18964.977,9.899999,9.899999,24.0,4.3349743,27.0,92.98421,5.46,0.8151667,66.227165,53.40969,349258.75,230266.97,33.999996,33.999996,122.0,78.53,12.215525,9
2025-01-10 16:00:00+00:00,2282.0,6.4719996,3.172,4.355334,4.8667803,1.1803823,2.6189291,38965.19,24880.951,10.000001,10.000001,22.0,2.8174455,30.599998,134.67264,6.79,0.99274105,70.5825,56.02862,388223.94,255147.92,43.999996,43.999996,144.0,85.32,13.208265,10
2025-01-11 16:00:00+00:00,2282.0,9.122001,1.122,4.8574166,7.472887,-1.415834,2.877724,39003.65,35793.9,1.5000001,1.5000001,11.0,3.6179552,32.399998,88.07253,12.02,1.7299402,75.43991,58.906345,427227.6,290941.8,45.499996,45.499996,155.0,97.34,14.938206,11
2025-01-12 16:00:00+00:00,2282.0,11.722,0.77199996,5.824084,11.027229,-1.8065789,3.9933355,39043.81,35793.38,0.5,0.5,5.0,3.964089,28.8,80.42381,15.27,2.253414,81.26399,62.89968,466271.4,326735.2,45.999996,45.999996,160.0,112.61,17.19162,12
2025-01-13 16:00:00+00:00,2282.0,12.872001,1.6219999,7.4011674,12.26428,-0.77290845,5.9661956,39085.598,35794.19,0.8,0.8,6.0,2.9301877,31.319998,17.878775,15.85,2.4028494,88.66516,68.865875,505357.0,362529.38,46.799995,46.799995,166.0,128.46,19.59447,13
2025-01-14 16:00:00+00:00,2282.0,9.0720005,5.1219997,7.7240825,8.351868,3.355297,6.6599197,39128.95,0.0,15.0,15.0,24.0,3.7971036,28.08,66.037476,2.12,0.4694805,96.389244,75.525795,544485.94,362529.38,61.799995,61.799995,190.0,130.58,20.06395,14
2025-01-15 16:00:00+00:00,2282.0,7.872,3.922,5.4636664,6.5180845,2.1643014,3.8700984,39173.785,24185.633,4.599999,4.599999,22.0,3.4199998,32.760002,100.304794,7.79,1.1641829,101.85291,79.3959,583659.75,386715.0,66.399994,66.399994,212.0,138.37,21.228132,15
2025-01-16 16:00:00+00:00,2282.0,10.222,1.3719999,5.8344994,8.830866,-0.9914,3.9499323,39220.043,32031.281,1.2000002,1.2000002,11.0,4.5322843,24.84,88.90728,11.08,1.6501683,107.68741,83.34583,622879.8,418746.28,67.59999,67.59999,223.0,149.45,22.8783,16
2025-01-17 16:00:00+00:00,2282.0,8.122001,3.4719996,5.92825,6.7439346,1.2953935,4.2888,39267.645,24985.916,2.3999999,2.3999999,9.0,2.7943513,28.08,85.77785,7.57,1.1708626,113.61566,87.634636,662147.44,443732.2,69.99999,69.99999,232.0,157.02,24.049162,17
2025-01-18 16:00:00+00:00,2282.0,11.772,5.8719997,8.199084,10.275171,4.346919,6.914522,39316.523,35818.258,4.1,4.1,17.0,4.3536186,33.48,251.01222,11.49,1.7641573,121.81474,94.54916,701463.94,479550.44,74.09999,74.09999,249.0,168.51001,25.81332,18
2025-01-19 16:00:00+00:00,2282.0,12.022,3.422,7.3032513,11.128911,1.6231494,5.821499,39366.613,35827.117,2.1000004,2.1000004,13.0,3.143565,38.519997,226.50737,13.87,2.0985432,129.118,100.37065,740830.56,515377.56,76.19999,76.19999,262.0,182.38,27.911863,19
2025-01-20 16:00:00+00:00,2282.0,11.172,3.8719997,7.0095,10.026463,1.8007159,5.3064437,39417.844,35756.195,0.9000001,0.9000001,6.0,3.8141315,26.64,102.24783,12.84,1.9336524,136.1275,105.67709,780248.4,551133.75,77.09999,77.09999,268.0,195.22,29.845516,20
2025-01-21 16:00:00+00:00,2282.0,9.672,4.7219996,6.9136662,8.233115,2.8342266,5.3447986,39470.145,32678.156,1.2,1.2,7.0,3.9640884,30.960001,187.23674,8.4,1.2950897,143.04117,111.02189,819718.5,583811.9,78.29999,78.29999,275.0,203.62,31.140606,21
2025-01-22 16:00:00+00:00,2282.0,13.222,4.672,8.542833,12.231932,2.7957077,7.2701926,39523.453,35866.918,6.2000003,6.2000003,10.0,4.5820518,35.64,285.9032,14.24,2.1840506,151.584,118.29208,859241.94,619678.8,84.499985,84.499985,285.0,217.86,33.324657,22
2025-01-23 16:00:00+00:00,2282.0,13.722,5.672,9.06575,13.1707325,4.291091,8.009171,39577.703,35876.21,2.4999995,2.4999995,12.0,3.9518096,36.36,220.97159,13.32,2.110106,160.64975,126.301254,898819.6,655555.0,86.999985,86.999985,297.0,231.18,35.434765,23
2025-01-24 16:00:00+00:00,2282.0,13.022,5.772,8.657417,12.155758,4.527871,7.5669823,39632.824,35329.37,3.3,3.3,14.0,2.6758924,37.8,233.36577,13.46,2.1230295,169.30716,133.86824,938452.44,690884.4,90.29999,90.29999,311.0,244.64,37.557793,24
2025-01-25 16:00:00+00:00,2282.0,10.3220005,5.4719996,7.290751,8.720948,4.1445312,5.9837003,39688.754,27661.531,5.6,5.6,21.0,2.907989,30.599998,230.64824,9.55,1.4838494,176.59792,139.85194,978141.2,718545.9,95.89999,95.89999,332.0,254.19,39.04164,25
2025-01-26 16:00:00+00:00,2282.0,5.8719997,2.1219997,4.2928333,4.409624,-0.10775471,2.5408783,39745.453,2700.514,13.500002,13.500002,24.0,3.2599385,29.519999,108.88615,3.26,0.5860424,180.89075,142.39282,1017886.6,721246.4,109.39999,109.39999,356.0,257.45,39.627686,26
2025-01-27 16:00:00+00:00,2282.0,6.4719996,1.5719999,3.6095,4.7181406,-0.9101267,1.4886817,39803.402,34737.582,2.0000002,2.0000002,11.0,3.964089,33.48,98.28363,9.53,1.347393,184.50024,143.8815,1057690.0,755983.94,111.39999,111.39999,367.0,266.98,40.97508,27
2025-01-28 16:00:00+00:00,2282.0,6.772,2.172,3.9803333,5.1677666,-0.01646471,2.0111287,39862.836,27468.502,3.3,3.3,21.0,4.143911,31.319998,97.04908,9.07,1.3073769,188.48058,145.89262,1097552.9,783452.44,114.69999,114.69999,388.0,276.05002,42.282455,28
2025-01-29 16:00:00+00:00,2282.0,10.122001,0.872,5.34075,8.442875,-1.4945552,3.3802013,39923.668,36125.137,1.6000003,1.6000003,13.0,3.244996,30.599998,88.025116,14.36,2.0732617,193.82132,149.27283,1137476.5,819577.56,116.29999,116.29999,401.0,290.41,44.355717,29
2025-01-30 16:00:00+00:00,2282.0,10.122001,4.322,7.1928344,9.275707,2.4793324,5.8987336,39985.81,16235.322,21.6,21.6,22.0,4.4274144,28.44,94.11812,4.74,0.79852813,201.01416,155.17155,1177462.2,835812.9,137.9,137.9,423.0,295.15,45.154243,30
2025-01-31 16:00:00+00:00,2282.0,14.122001,7.9219995,10.744915,13.867361,6.8710823,10.330544,40049.176,33018.984,11.300001,11.300001,22.0,3.710795,32.760002,153.68196,10.21,1.7021936,211.75908,165.5021,1217511.4,868831.9,149.2,149.2,445.0,305.36,46.856438,31
2025-02-01 16:00:00+00:00,2282.0,14.472,8.772,10.890751,13.5298,7.8795137,10.2260275,40113.684,36000.0,4.3,4.3,19.0,4.6730714,51.48,246.0228,12.7,2.0593328,222.64983,175.72813,1257625.0,904831.9,153.5,153.5,464.0,318.06,48.91577,32
2025-02-02 16:00:00+00:00,2282.0,11.122001,5.272,8.305333,9.559769,3.6807961,7.0285053,40179.25,31969.355,5.4000006,5.4000006,24.0,3.8939953,39.239998,218.0657,10.4,1.6279064,230.95515,182.75664,1297804.2,936801.25,158.9,158.9,488.0,328.46,50.54368,33
2025-02-03 16:00:00+00:00,2282.0,5.672,3.2220001,4.4345,4.400097,1.0574002,2.5962589,40245.8,4344.6973,7.1,7.1,23.0,3.7064266,26.64,110.26151,4.89,0.77191734,235.38965,185.35289,1338050.0,941145.94,166.0,166.0,511.0,333.35,51.315598,34
2025-02-04 16:00:00+00:00,2282.0,7.572,1.972,4.6845,5.558689,-0.1788845,2.778429,40313.246,35217.812,4.2000003,4.2000003,16.0,3.550155,38.88,196.20909,11.15,1.5428065,240.07414,188.13132,1378363.2,976363.75,170.2,170.2,527.0,344.5,52.858402,35
2025-02-05 16:00:00+00:00,2282.0,10.872001,4.1219997,6.967833,9.150212,2.5037608,5.499123,40381.516,31210.512,3.8000007,3.8000007,15.0,3.710795,32.760002,170.07382,10.74,1.6446794,247.04198,193.63045,1418744.8,1007574.25,174.0,174.0,542.0,355.24,54.503082,36
2025-02-06 16:00:00+00:00,2282.0,12.472,4.4719996,7.947001,11.656712,2.8417606,6.576842,40450.527,36086.19,3.7,3.7,12.0,4.143911,38.519997,104.42083,13.96,2.1889062,254.98898,200.20729,1459195.2,1043660.44,177.7,177.7,554.0,369.19998,56.69199,37
2025-02-07 16:00:00+00:00,2282.0,8.0720005,3.2719998,5.322,7.238699,1.2491045,3.6848834,40520.203,35195.21,6.1999993,6.1999993,24.0,4.1556225,34.56,94.02581,9.6,1.4362241,260.31097,203.89218,1499715.5,1078855.6,183.9,183.9,578.0,378.8,58.128216,38
2025-02-08 16:00:00+00:00,2282.0,8.872001,3.1219997,5.4115834,7.7188807,1.1551423,3.6528137,40590.477,28127.922,3.3999999,3.3999999,22.0,4.6730714,30.960001,97.9695,9.93,1.48804,265.72256,207.545,1540306.0,1106983.5,187.29999,187.29999,600.0,388.72998,59.616257,39
2025-02-09 16:00:00+00:00,2282.0,12.272,3.172,7.1303334,11.711267,0.8791499,5.587976,40661.27,36281.355,0.9000001,0.9000001,9.0,4.060985,36.0,61.882214,15.65,2.3830884,272.8529,213.13298,1580967.2,1143264.9,188.19998,188.19998,609.0,404.37997,61.999344,40
2025-02-10 16:00:00+00:00,2282.0,13.622001,3.922,8.776166,13.066122,1.9540663,7.509337,40732.504,36166.17,0.7,0.7,6.0,3.9966483,27.72,108.81199,14.46,2.2967548,281.62906,220.64232,1621699.8,1179431.0,188.89998,188.89998,615.0,418.83997,64.2961,41
2025-02-11 16:00:00+00:00,2282.0,11.172,9.122001,10.338667,11.077692,8.55153,10.051765,40804.117,0.0,37.000004,37.000004,24.0,3.9966483,35.28,118.37268,1.85,0.46602172,291.9677,230.69409,1662503.9,1179431.0,225.89998,225.89998,639.0,420.68997,64.762115,42
2025-02-12 16:00:00+00:00,2282.0,12.022,9.222,10.490751,12.034861,8.561036,10.087371,40876.03,0.0,52.699997,52.699997,24.0,4.6834598,37.079998,84.92581,2.89,0.6019579,302.45847,240.78146,1703379.9,1179431.0,278.59998,278.59998,663.0,423.58,65.364075,43
2025-02-13 16:00:00+00:00,2282.0,11.8220005,8.472,9.997001,11.955801,7.637843,9.582631,40948.18,14392.451,4.2999997,4.2999997,18.0,3.189608,25.56,73.65911,6.53,1.1313685,312.45547,250.36409,1744328.0,1193823.5,282.89996,282.89996,681.0,430.11,66.495445,44
2025-02-14 16:00:00+00:00,2282.0,15.2535,8.703501,11.405581,14.891062,6.490465,9.921123,41032.88,36959.72,0.0,0.0,0.0,11.542478,66.6,276.52606,18.72,2.877259,323.86105,260.28522,1785360.9,1230783.2,282.89996,282.89996,681.0,448.83,69.3727,45
2025-02-15 16:00:00+00:00,2282.0,16.7535,7.8034997,11.482667,15.038803,4.4768248,8.320924,41104.945,38085.375,0.0,0.0,0.0,12.496719,67.32,278.32324,22.95,4.159784,335.34372,268.60614,1826465.9,1268868.6,282.89996,282.89996,681.0,471.78,73.532486,46
2025-02-16 16:00:00+00:00,2282.0,15.7535,7.4035,10.478499,15.102079,3.9170742,7.7567444,41177.66,37430.047,0.0,0.0,0.0,10.703569,68.76,277.38986,20.81,3.5952127,345.8222,276.36288,1867643.5,1306298.6,282.89996,282.89996,681.0,492.59,77.1277,47
2025-02-17 16:00:00+00:00,2282.0,12.453501,5.7535,8.536834,10.572144,2.476839,6.2621646,41251.28,36251.832,0.0,0.0,0.0,10.799999,59.76,278.8758,17.19,2.6711638,354.35904,282.62506,1908894.8,1342550.5,282.89996,282.89996,681.0,509.78,79.79887,48
2025-02-18 16:00:00+00:00,2282.0,11.703501,4.7535,7.507667,9.463612,3.034512,5.7885,41325.73,36587.047,0.0,0.0,0.0,8.049845,51.12,266.53183,15.77,2.3242822,361.8667,288.41357,1950220.5,1379137.5,282.89996,282.89996,681.0,525.55,82.123146,49
2025-02-19 16:00:00+00:00,2282.0,11.8035,3.5035,7.3660007,9.723842,1.2520871,5.5714803,41400.938,35924.797,0.0,0.0,0.0,8.209263,49.68,264.7161,14.01,2.1004124,369.2327,293.98505,1991621.5,1415062.2,282.89996,282.89996,681.0,539.56,84.22356,50
2025-02-20 16:00:00+00:00,2282.0,10.7535,6.0035,8.288917,8.942482,4.075515,6.4856133,41476.836,33326.496,0.0,0.0,0.0,12.413476,61.199997,275.26486,10.95,1.6522506,377.5216,300.47067,2033098.4,1448388.8,282.89996,282.89996,681.0,550.51,85.87581,51
2025-02-21 16:00:00+00:00,2282.0,12.203501,3.8535,7.5743337,11.616514,1.7874465,6.1509914,41553.355,36593.02,0.0,0.0,0.0,6.3690495,58.679996,178.3634,15.82,2.3217227,385.09595,306.62167,2074651.8,1484981.8,282.89996,282.89996,681.0,566.33,88.19753,52
2025-02-22 16:00:00+00:00,2282.0,11.153501,5.1035,8.255585,8.855581,3.243734,6.4908943,41630.434,35965.88,0.0,0.0,0.0,9.726665,54.36,281.08414,12.0,1.7840455,393.35153,313.11258,2116282.2,1520947.6,282.89996,282.89996,681.0,578.33,89.981575,53
2025-02-23 16:00:00+00:00,2282.0,11.3535,2.4534998,7.2639174,9.034269,0.18764448,5.403608,41707.996,37877.66,0.0,0.0,0.0,7.9526596,54.0,288.213,13.87,2.04747,400.61545,318.51617,2157990.2,1558825.2,282.89996,282.89996,681.0,592.2,92.029045,54
2025-02-24 16:00:00+00:00,2282.0,12.3035,2.4034998,7.2118335,12.201382,-0.3091855,5.424319,41785.98,37800.137,0.0,0.0,0.0,7.6367526,41.760002,290.31528,17.78,2.6057048,407.82727,323.9405,2199776.2,1596625.4,282.89996,282.89996,681.0,609.98004,94.63475,55
2025-02-25 16:00:00+00:00,2282.0,12.5035,5.1535,8.713918,11.2647705,2.897081,6.952581,41864.32,37799.03,0.0,0.0,0.0,7.6367526,39.96,285.60397,15.33,2.3173542,416.5412,330.89307,2241640.5,1634424.4,282.89996,282.89996,681.0,625.31006,96.9521,56
2025-02-26 16:00:00+00:00,2282.0,12.903501,6.9035,9.343083,11.835045,5.765341,8.251191,41942.953,37896.777,0.0,0.0,0.0,7.9526596,38.519997,104.68892,12.78,2.0165403,425.88428,339.14426,2283583.5,1672321.1,282.89996,282.89996,681.0,638.0901,98.96864,57
2025-02-27 16:00:00+00:00,2282.0,16.519499,8.0035,11.117664,16.657711,6.079071,10.141031,42021.816,34359.312,0.6,0.0,6.0,9.3876505,40.32,95.25193,17.29,2.8802118,437.00195,349.28528,2325605.2,1706680.5,283.49997,282.89996,687.0,655.38007,101.848854,58
2025-02-28 16:00:00+00:00,2282.0,14.4695,8.369499,10.3695,14.150833,7.3352203,9.452404,42100.844,37512.395,2.3999996,0.6,9.0,7.628263,9.72,81.46935,12.06,1.9140414,447.37146,358.73767,2367706.0,1744192.9,285.89996,283.49997,696.0,667.44006,103.76289,59
2025-03-01 16:00:00+00:00,2282.0,18.9695,7.0695004,11.6465845,19.897537,4.933035,10.313603,42179.977,39527.94,1.2,0.0,9.0,10.308831,15.4800005,277.63892,23.82,3.8464222,459.01804,369.05127,2409886.0,1783720.9,287.09998,283.49997,705.0,691.2601,107.609314,60
2025-03-02 16:00:00+00:00,2282.0,15.8195,7.5695004,11.1945,16.904205,5.4939327,10.306857,42259.156,39610.305,3.3,0.0,9.0,10.390226,15.4800005,274.29288,24.11,3.652783,470.21252,379.35812,2452145.2,1823331.1,290.39996,283.49997,714.0,715.37006,111.2621,61
2025-03-03 16:00:00+00:00,2282.0,18.6195,6.5695,11.509082,19.345114,4.805539,10.446654,42338.31,39692.527,0.0,0.0,0.0,7.9526596,14.4,280.23972,24.76,4.0523458,481.72162,389.80478,2494483.5,1863023.6,290.39996,283.49997,714.0,740.13007,115.314445,62
2025-03-04 16:00:00+00:00,2282.0,12.7195,7.7695003,10.046581,11.577972,5.579426,8.568314,42417.383,30648.527,1.8000002,0.3,15.0,10.823973,16.919998,275.56622,11.19,1.711918,491.7682,398.3731,2536901.0,1893672.1,292.19995,283.79996,729.0,751.32007,117.02637,63
2025-03-05 16:00:00+00:00,2282.0,9.869499,2.8695002,6.6549172,8.134686,0.8428817,4.8236814,42496.316,24492.7,0.0,0.0,0.0,7.968939,14.759999,265.62616,11.01,1.5091461,498.4231,403.19678,2579397.2,1918164.9,292.19995,283.79996,729.0,762.3301,118.535515,64
2025-03-06 16:00:00+00:00,2282.0,11.369499,2.4695,5.292416,11.56742,0.15599251,3.5839937,42575.05,35558.613,0.0,0.0,0.0,4.510787,9.72,179.31793,19.49,2.7752166,503.7155,406.78076,2621972.2,1953723.5,292.19995,283.79996,729.0,781.82007,121.31073,65
2025-03-07 16:00:00+00:00,2282.0,11.2195,2.1195002,5.846584,11.160194,-0.53235865,4.0226445,42653.53,40018.703,0.0,0.0,0.0,5.0911684,7.92,123.38148,18.72,2.6910152,509.5621,410.8034,2664625.8,1993742.2,292.19995,283.79996,729.0,800.54004,124.00175,66
