date,elevation,temperature_2m_max,temperature_2m_min,temperature_2m_mean,apparent_temperature_max,apparent_temperature_min,apparent_temperature_mean,daylight_duration,sunshine_duration,precipitation_sum,rain_sum,precipitation_hours,wind_speed_10m_max,wind_gusts_10m_max,wind_direction_10m_dominant,shortwave_radiation_sum,et0_fao_evapotranspiration,cumulative_temperature_2m_mean,cumulative_apparent_temperature_mean,cumulative_daylight_duration,cumulative_sunshine_duration,cumulative_precipitation_sum,cumulative_rain_sum,cumulative_precipitation_hours,cumulative_shortwave_radiation_sum,cumulative_et0_fao_evapotranspiration,day
2025-01-01 16:00:00+00:00,421.0,15.899,14.649,15.271918,16.081648,14.602657,15.487752,38239.38,0.0,13.599999,13.599999,24.0,8.827344,24.119999,11.363895,1.82,0.5419977,15.271918,15.487752,38239.38,0.0,13.599999,13.599999,24.0,1.82,0.5419977,1
2025-01-02 16:00:00+00:00,421.0,14.649,13.399,13.824,14.155611,11.242671,12.234844,38264.12,0.0,4.9999995,4.9999995,20.0,15.455911,37.079998,16.151585,3.37,1.0624552,29.095919,27.722595,76503.5,0.0,18.599998,18.599998,44.0,5.19,1.6044528,2
2025-01-03 16:00:00+00:00,421.0,16.199,13.299,14.896918,14.054449,11.498122,12.98338,38290.676,28750.502,1.2000002,1.2000002,10.0,14.607751,41.399998,98.638535,10.04,2.1698709,43.992836,40.705975,114794.17,28750.502,19.8,19.8,54.0,15.23,3.7743237,3
2025-01-04 16:00:00+00:00,421.0,18.749,14.299,15.688583,19.64814,13.620287,15.806771,38319.027,28719.398,3.3999999,3.3999999,8.0,10.739832,32.399998,127.11703,8.61,1.5625299,59.68142,56.512745,153113.2,57469.9,23.199999,23.199999,62.0,23.84,5.3368535,4
2025-01-05 16:00:00+00:00,421.0,14.849,12.049,13.640667,13.99654,9.415031,11.573039,38349.14,35296.566,0.2,0.2,2.0,14.584443,38.88,11.487222,12.06,2.1863801,73.32208,68.085785,191462.34,92766.47,23.4,23.4,64.0,35.9,7.5232334,5
2025-01-06 16:00:00+00:00,421.0,13.749001,11.649,12.50525,11.04979,9.0055895,9.9798,38381.0,24549.736,1.7000002,1.7000002,12.0,13.552696,33.12,71.84473,8.91,1.9323264,85.82733,78.06558,229843.34,117316.2,25.1,25.1,76.0,44.81,9.45556,6
2025-01-07 16:00:00+00:00,421.0,15.199,11.949,13.746917,14.059973,10.307495,12.6587,38414.93,17870.322,5.3,5.3,23.0,11.157097,25.919998,69.69145,7.88,1.3847604,99.57425,90.72428,268258.28,135186.53,30.400002,30.400002,99.0,52.690002,10.840321,7
2025-01-08 16:00:00+00:00,421.0,13.799,9.949,12.228168,12.903269,7.1035805,10.061017,38451.043,4380.257,9.300001,9.300001,24.0,14.423605,34.56,27.5839,3.67,1.1125727,111.802414,100.7853,306709.3,139566.78,39.700005,39.700005,123.0,56.36,11.952893,8
2025-01-09 16:00:00+00:00,421.0,10.049,8.999001,9.590667,7.3744316,5.8687725,6.4836316,38489.258,0.0,7.0000005,7.0000005,24.0,15.086748,37.44,17.177683,3.56,1.118181,121.39308,107.268936,345198.56,139566.78,46.700005,46.700005,147.0,59.920002,13.0710745,9
2025-01-10 16:00:00+00:00,421.0,11.199,9.899,10.444834,8.369984,7.192194,7.897693,38529.504,0.0,6.400001,6.400001,24.0,12.440851,30.599998,29.474155,3.52,1.0823462,131.83792,115.166626,383728.06,139566.78,53.100006,53.100006,171.0,63.440002,14.15342,10
2025-01-11 16:00:00+00:00,421.0,12.399,9.199,10.682334,9.193164,6.847271,7.8155403,38571.695,32319.455,1.1,1.1,5.0,12.620554,33.839996,9.1653805,11.87,2.1051974,142.52025,122.98216,422299.75,171886.23,54.200005,54.200005,176.0,75.310005,16.258617,11
2025-01-12 16:00:00+00:00,421.0,14.449,9.399,12.317749,11.467556,7.017724,9.57104,38615.75,35710.86,0.0,0.0,0.0,15.646544,38.519997,114.70244,12.39,2.331084,154.838,132.5532,460915.5,207597.1,54.200005,54.200005,176.0,87.700005,18.5897,12
2025-01-13 16:00:00+00:00,421.0,18.899,12.299,14.988583,18.305378,11.20048,14.362557,38661.598,35747.445,0.3,0.3,2.0,9.178235,25.56,148.3877,13.28,2.2529664,169.82658,146.91577,499577.1,243344.53,54.500004,54.500004,178.0,100.98,20.842667,13
2025-01-14 16:00:00+00:00,421.0,14.549,9.949,12.332334,14.9795475,6.9599314,10.794894,38709.145,0.0,11.499999,11.499999,23.0,16.245934,41.760002,2.4680116,2.33,0.7568398,182.15892,157.71066,538286.25,243344.53,66.0,66.0,201.0,103.310005,21.599506,14
2025-01-15 16:00:00+00:00,421.0,11.549,9.599,10.559417,8.839734,6.7307053,7.7611833,38758.332,4957.082,0.9000001,0.9000001,6.0,14.810401,36.719997,29.592222,5.93,1.4547491,192.71834,165.47185,577044.56,248301.61,66.9,66.9,207.0,109.240005,23.054256,15
2025-01-16 16:00:00+00:00,421.0,12.199,10.799,11.394834,9.170367,7.884429,8.509868,38809.066,12675.749,0.0,0.0,0.0,12.785069,31.68,49.91303,7.75,1.8461238,204.11317,173.98172,615853.6,260977.36,66.9,66.9,207.0,116.990005,24.900381,16
2025-01-17 16:00:00+00:00,421.0,15.849001,11.649,13.640667,14.718121,8.971998,12.266074,38861.273,33554.426,0.6,0.6,4.0,12.57426,29.519999,115.96306,9.53,1.7685219,217.75385,186.24779,654714.9,294531.78,67.5,67.5,211.0,126.520004,26.668903,17
2025-01-18 16:00:00+00:00,421.0,14.649,11.199,13.605248,14.395199,10.018607,12.978284,38914.88,3546.1567,4.1,4.1,15.0,11.173057,26.64,345.94608,4.26,0.88422245,231.3591,199.22607,693629.75,298077.94,71.6,71.6,226.0,130.78,27.553125,18
2025-01-19 16:00:00+00:00,421.0,16.099,9.549,12.903167,14.358828,7.871934,11.222622,38969.81,35794.742,0.1,0.1,1.0,13.447095,33.839996,43.882027,13.92,2.274774,244.26227,210.4487,732599.56,333872.7,71.7,71.7,227.0,144.7,29.8279,19
2025-01-20 16:00:00+00:00,421.0,16.299,12.499001,14.446918,13.831211,11.139271,12.561271,39025.984,35807.566,0.0,0.0,0.0,15.94804,38.88,107.0552,12.95,2.3651097,258.7092,223.00996,771625.56,369680.25,71.7,71.7,227.0,157.65,32.19301,20
2025-01-21 16:00:00+00:00,421.0,18.849,14.049,15.994832,19.130165,13.32851,15.749124,39083.332,33453.62,3.7,3.7,13.0,10.44,31.319998,151.45709,10.08,1.8434505,274.70404,238.7591,810708.9,403133.88,75.399994,75.399994,240.0,167.73,34.03646,21
2025-01-22 16:00:00+00:00,421.0,16.649,13.499001,14.646918,16.290825,13.751167,14.599168,39141.78,30432.602,11.3,11.3,18.0,9.885262,29.519999,317.6282,8.42,1.3693815,289.35095,253.35826,849850.6,433566.47,86.7,86.7,258.0,176.15,35.40584,22
2025-01-23 16:00:00+00:00,421.0,17.499,13.999001,15.763584,17.346996,14.067108,15.981412,39201.254,31841.47,2.2000003,2.2000003,16.0,12.81165,30.239998,3.9770052,9.9,1.5987974,305.11453,269.33966,889051.9,465407.94,88.899994,88.899994,274.0,186.04999,37.00464,23
2025-01-24 16:00:00+00:00,421.0,15.948999,14.399,15.019832,15.556761,14.102732,14.678821,39261.688,22380.41,6.8000016,6.8000016,24.0,15.009236,36.36,18.503218,7.32,1.1697015,320.13437,284.0185,928313.56,487788.34,95.7,95.7,298.0,193.37,38.17434,24
2025-01-25 16:00:00+00:00,421.0,15.149,11.149,13.817748,14.264017,9.376101,12.70053,39323.0,7482.2715,8.0,8.0,23.0,13.523978,33.48,13.349418,6.25,1.1744233,333.95212,296.71902,967636.56,495270.62,103.7,103.7,321.0,199.62,39.348763,25
2025-01-26 16:00:00+00:00,421.0,10.899,8.049,8.894833,9.088772,3.659649,5.4866586,39385.14,3070.5583,8.6,8.6,15.0,19.166409,47.519997,344.7267,3.55,1.0423783,342.84695,302.2057,1007021.7,498341.2,112.299995,112.299995,336.0,203.17,40.39114,26
2025-01-27 16:00:00+00:00,421.0,11.849,8.099,9.676084,9.199981,4.8384247,6.6660113,39448.66,32515.219,0.0,0.0,0.0,13.878688,36.36,36.713676,13.95,2.298328,352.52304,308.8717,1046470.4,530856.4,112.299995,112.299995,336.0,217.12,42.68947,27
2025-01-28 16:00:00+00:00,421.0,12.299,8.499001,10.60525,8.890208,5.60894,7.465895,39513.797,35945.117,0.0,0.0,0.0,14.957339,36.0,91.60333,13.44,2.3729916,363.1283,316.3376,1085984.1,566801.5,112.299995,112.299995,336.0,230.56,45.06246,28
2025-01-29 16:00:00+00:00,421.0,16.899,11.449,13.969834,14.648426,8.306345,11.951638,39580.46,35988.395,0.0,0.0,0.0,15.735336,36.36,131.96,14.47,2.5889475,377.09814,328.2892,1125564.6,602789.9,112.299995,112.299995,336.0,245.03,47.65141,29
2025-01-30 16:00:00+00:00,421.0,18.349,13.799,15.7615,19.261204,13.16946,15.852276,39648.555,16484.143,8.8,8.8,21.0,11.183201,31.68,148.48123,6.02,1.156054,392.85965,344.14148,1165213.1,619274.0,121.1,121.1,357.0,251.05,48.807465,30
2025-01-31 16:00:00+00:00,421.0,20.099,14.649,16.911499,21.914677,14.205347,17.90125,39717.99,21537.508,21.800001,21.800001,22.0,13.543131,31.68,77.359764,7.47,1.3542145,409.77115,362.04272,1204931.1,640811.5,142.9,142.9,379.0,258.52,50.16168,31
2025-02-01 16:00:00+00:00,421.0,15.549,13.899,14.559415,14.671843,13.394127,14.162856,39788.668,112.5801,7.1000004,7.1000004,24.0,12.638513,31.319998,13.199249,4.68,0.932238,424.33057,376.20557,1244719.8,640924.06,150.0,150.0,403.0,263.19998,51.093918,32
2025-02-02 16:00:00+00:00,421.0,13.749001,10.099,11.838582,13.292181,7.7682343,10.127353,39860.504,0.0,16.300001,16.300001,24.0,15.24909,38.88,3.8791013,2.62,0.6575684,436.16916,386.33292,1284580.2,640924.06,166.3,166.3,427.0,265.81998,51.751488,33
2025-02-03 16:00:00+00:00,421.0,11.399,8.849,9.790668,8.002157,5.7624817,6.678512,39933.402,25941.115,6.4000006,6.3,8.0,14.799459,38.88,15.813081,10.65,1.9268547,445.95984,393.0114,1324513.6,666865.2,172.7,172.6,435.0,276.46997,53.67834,34
2025-02-04 16:00:00+00:00,421.0,13.149,8.999001,11.35525,10.395208,6.440321,8.726338,40007.29,30553.023,1.7,1.7,10.0,14.974658,36.0,112.09387,9.59,1.871229,457.3151,401.73776,1364520.9,697418.2,174.4,174.3,445.0,286.05997,55.54957,35
2025-02-05 16:00:00+00:00,421.0,14.649,11.899,13.259416,13.550198,10.475938,12.278572,40082.07,15606.866,10.799999,10.799999,24.0,10.261578,25.56,99.53796,7.0,1.2284682,470.57452,414.01633,1404603.0,713025.06,185.2,185.1,469.0,293.05997,56.778038,36
2025-02-06 16:00:00+00:00,421.0,13.599,8.349,11.3615,13.59174,5.246192,9.418938,40157.656,2012.8307,16.199997,16.199997,24.0,15.509274,37.8,28.56287,3.62,0.8449169,481.93604,423.43527,1444760.6,715037.9,201.4,201.3,493.0,296.67996,57.622955,37
2025-02-07 16:00:00+00:00,421.0,7.9490004,6.7990003,7.5156674,4.7265396,2.9707499,3.9218695,40233.97,0.0,8.8,8.8,24.0,16.077536,39.6,22.187094,3.9,1.0444361,489.4517,427.35715,1484994.6,715037.9,210.2,210.1,517.0,300.57996,58.667393,38
2025-02-08 16:00:00+00:00,421.0,10.849,7.9490004,9.628167,8.131781,4.7130117,6.5539546,40310.926,2124.6294,2.9999993,2.9999993,18.0,13.369771,32.760002,39.87383,6.14,1.4801292,499.07986,433.9111,1525305.5,717162.5,213.2,213.1,535.0,306.71997,60.147522,39
2025-02-09 16:00:00+00:00,421.0,14.949,10.799,12.865665,12.74641,8.139938,10.720286,40388.45,36000.0,0.0,0.0,0.0,12.882267,31.68,108.47739,11.96,2.1714706,511.94553,444.63138,1565694.0,753162.5,213.2,213.1,535.0,318.67996,62.318993,40
2025-02-10 16:00:00+00:00,421.0,19.999,12.999001,16.076084,20.511892,12.249395,15.990781,40466.45,36019.496,0.0,0.0,0.0,10.908951,29.16,147.17291,15.76,2.5457573,528.0216,460.62216,1606160.5,789182.0,213.2,213.1,535.0,334.43997,64.864746,41
2025-02-11 16:00:00+00:00,421.0,18.349,15.049,16.59275,20.335756,14.552616,17.847574,40544.86,0.0,40.800003,40.800003,20.0,14.861722,38.88,206.44356,2.92,0.66220856,544.6144,478.46973,1646705.4,789182.0,254.0,253.90001,555.0,337.36,65.526955,42
2025-02-12 16:00:00+00:00,421.0,14.049,12.649,13.226085,13.248608,11.356807,11.955205,40623.598,0.0,36.39999,36.39999,24.0,16.412603,45.719997,42.500103,2.73,0.7084032,557.84045,490.42493,1687329.0,789182.0,290.4,290.3,579.0,340.09,66.23536,43
2025-02-13 16:00:00+00:00,421.0,17.499,13.349,15.223999,17.097599,12.342546,14.942903,40702.582,21853.332,0.6,0.6,6.0,11.605464,23.4,110.51599,8.97,1.5343918,573.06445,505.36783,1728031.6,811035.3,291.0,290.9,585.0,349.06,67.76975,44
2025-02-14 16:00:00+00:00,421.0,21.699,13.199,17.194834,24.223032,13.598394,18.617523,40781.746,36000.0,0.0,0.0,0.0,7.3094187,19.08,155.93732,14.8,2.4936233,590.2593,523.98535,1768813.4,847035.3,291.0,290.9,585.0,363.86,70.263374,45
2025-02-15 16:00:00+00:00,421.0,17.249,13.949,15.703167,17.37632,13.169226,15.650288,40861.02,23963.775,0.3,0.3,3.0,11.566313,28.8,355.53204,9.91,1.663324,605.96246,539.6356,1809674.4,870999.06,291.3,291.19998,588.0,373.77,71.9267,46
2025-02-16 16:00:00+00:00,421.0,16.149,12.999001,14.421916,14.593954,11.339041,12.599063,40941.004,36182.773,0.2,0.2,2.0,14.584443,33.12,65.826195,16.49,2.7929294,620.3844,552.2347,1850615.4,907181.8,291.5,291.4,590.0,390.25998,74.71963,47
2025-02-17 16:00:00+00:00,421.0,13.8015,12.1515,12.788999,12.868715,10.699713,11.761569,41021.977,0.0,1.3000001,0.4,11.0,9.931042,41.039997,54.323517,1.34,0.5102456,633.1734,563.9963,1891637.4,907181.8,292.8,291.8,601.0,391.59998,75.22987,48
2025-02-18 16:00:00+00:00,421.0,14.7515,11.9515,13.430665,14.246756,10.387922,12.437055,41103.86,0.0,1.1000001,0.0,11.0,11.27553,43.92,97.90151,1.95,0.62952226,646.60406,576.43335,1932741.2,907181.8,293.9,291.8,612.0,393.55,75.8594,49
2025-02-19 16:00:00+00:00,421.0,17.5015,14.7515,15.759835,18.032406,14.127638,16.287945,41186.574,8094.1025,0.2,0.0,2.0,9.504272,36.719997,123.74632,6.26,1.1485541,662.3639,592.7213,1973927.9,915275.94,294.1,291.8,614.0,399.81,77.00795,50
2025-02-20 16:00:00+00:00,421.0,15.3015,12.3015,13.155667,15.674973,11.20744,12.369481,41270.04,0.0,3.5999992,2.1,20.0,10.239453,41.399998,17.026669,1.51,0.47996452,675.51953,605.0908,2015197.9,915275.94,297.7,293.9,634.0,401.32,77.487915,51
2025-02-21 16:00:00+00:00,421.0,14.2015,12.4015,13.2515,13.892668,11.290616,12.619748,41354.184,0.0,1.1000001,0.5,10.0,9.3669195,37.8,72.00335,1.68,0.49406436,688.77106,617.7106,2056552.0,915275.94,298.80002,294.4,644.0,403.0,77.98198,52
2025-02-22 16:00:00+00:00,421.0,13.3015,11.3515,12.622333,13.270611,9.96565,11.908322,41438.934,0.0,22.500004,19.800003,23.0,11.792404,46.8,17.272692,1.18,0.40820014,701.3934,629.6189,2097991.0,915275.94,321.30002,314.2,667.0,404.18,78.39018,53
2025-02-23 16:00:00+00:00,421.0,10.9515,9.0015,9.859834,9.275756,6.827322,7.7676277,41524.22,2408.1035,13.500001,9.000002,24.0,14.255272,47.519997,48.393982,4.68,0.7433013,711.25323,637.38654,2139515.2,917684.06,334.80002,323.2,691.0,408.86,79.133484,54
2025-02-24 16:00:00+00:00,421.0,15.0015,9.3015,12.359833,13.775862,7.1513376,11.080159,41609.957,33548.297,0.1,0.1,1.0,13.044722,37.079998,131.36252,12.91,1.849897,723.61304,648.4667,2181125.2,951232.4,334.90002,323.30002,692.0,421.77,80.98338,55
2025-02-25 16:00:00+00:00,421.0,16.5515,12.0515,14.455666,17.436865,12.015802,14.8379755,41696.086,591.0608,1.5000001,0.8,7.0,9.72,36.36,93.49253,4.88,0.92288136,738.0687,663.3046,2222821.2,951823.44,336.40002,324.1,699.0,426.65,81.906265,56
2025-02-26 16:00:00+00:00,421.0,17.1015,14.4515,15.359832,18.796747,15.14579,16.34233,41782.53,1352.9828,1.0,0.9000001,4.0,6.297428,23.759998,285.66214,4.4,0.8188877,753.4285,679.647,2264603.8,953176.44,337.40002,325.0,703.0,431.05,82.72515,57
2025-02-27 16:00:00+00:00,421.0,21.8515,14.8515,18.041082,23.933279,15.651436,19.305971,41869.223,37327.742,0.0,0.0,0.0,13.281023,47.16,143.35426,14.07,2.4443033,771.4696,698.95294,2306473.0,990504.2,337.40002,325.0,703.0,445.12,85.16946,58
2025-02-28 16:00:00+00:00,421.0,20.5515,17.4015,18.83275,21.69106,17.388357,19.766504,41956.094,8637.749,0.0,0.0,0.0,13.397612,51.839996,156.50851,11.26,1.9879837,790.30237,718.7194,2348429.0,999141.94,337.40002,325.0,703.0,456.38,87.15744,59
2025-03-01 16:00:00+00:00,421.0,23.2515,18.0015,20.084833,24.98885,19.642485,21.850176,42043.07,31762.5,0.0,0.0,0.0,11.631956,37.079998,154.64398,15.17,2.6595201,810.3872,740.5696,2390472.0,1030904.44,337.40002,325.0,703.0,471.55002,89.81696,60
2025-03-02 16:00:00+00:00,421.0,25.3015,15.901501,19.363998,27.583385,16.64318,21.124006,42130.098,37636.117,0.3,0.0,3.0,10.383987,30.239998,52.028324,18.26,3.171964,829.7512,761.6936,2432602.0,1068540.5,337.7,325.0,706.0,489.81003,92.98893,61
2025-03-03 16:00:00+00:00,421.0,15.6015,12.0015,14.082749,16.240904,10.814554,13.828541,42217.094,2988.0955,0.3,0.3,3.0,12.313894,20.880001,31.890785,3.95,0.7146825,843.834,775.52216,2474819.0,1071528.6,338.0,325.3,709.0,493.76004,93.70361,62
2025-03-04 16:00:00+00:00,421.0,11.9515,10.651501,11.372334,10.921951,8.237438,9.731647,42304.0,0.0,4.1999993,3.3,21.0,15.03835,29.88,31.502106,0.91,0.38946134,855.2063,785.2538,2517123.0,1071528.6,342.2,328.59998,730.0,494.67004,94.09307,63
2025-03-05 16:00:00+00:00,421.0,12.7515,10.6015005,11.799416,11.718908,8.159069,10.202502,42390.746,1524.0557,0.0,0.0,0.0,14.404499,29.519999,112.829575,3.51,0.8020022,867.00574,795.4563,2559513.8,1073052.6,342.2,328.59998,730.0,498.18005,94.89507,64
2025-03-06 16:00:00+00:00,421.0,16.501501,12.3015,13.884835,16.41803,11.658325,13.590096,42477.27,6974.4526,1.5000001,1.5000001,6.0,14.007655,29.16,13.948097,4.42,0.9180281,880.89056,809.0464,2601991.0,1080027.1,343.7,330.09998,736.0,502.60007,95.8131,65
2025-03-07 16:00:00+00:00,421.0,13.5015,11.8515005,12.620251,13.0891075,10.905344,11.831664,42563.516,0.0,1.5000001,1.2,9.0,11.367109,24.119999,51.759026,2.33,0.5428428,893.5108,820.87805,2644554.5,1080027.1,345.2,331.3,745.0,504.93005,96.35594,66
2025-03-08 16:00:00+00:00,421.0,17.251501,12.7515,15.055667,17.147987,11.942593,15.027916,42650.035,30955.553,0.0,0.0,0.0,11.983188,40.32,127.91155,8.78,1.4507881,908.56647,835.90594,2687204.5,1110982.6,345.2,331.3,745.0,513.7101,97.80673,67
2025-03-09 16:00:00+00:00,421.0,20.6015,16.001501,17.25775,21.872025,16.165499,18.499546,42737.094,19185.006,0.0,0.0,0.0,11.298495,37.44,122.35919,7.41,1.3347871,925.8242,854.4055,2729941.5,1130167.6,345.2,331.3,745.0,521.12006,99.14152,68
2025-03-10 16:00:00+00:00,421.0,23.751501,16.6015,,25.790257,17.82256,,42824.637,,,,0.0,10.233123,15.4800005,,,,,,2772766.2,,,,745.0,,,69
