date,elevation,temperature_2m_max,temperature_2m_min,temperature_2m_mean,apparent_temperature_max,apparent_temperature_min,apparent_temperature_mean,daylight_duration,sunshine_duration,precipitation_sum,rain_sum,precipitation_hours,wind_speed_10m_max,wind_gusts_10m_max,wind_direction_10m_dominant,shortwave_radiation_sum,et0_fao_evapotranspiration,cumulative_temperature_2m_mean,cumulative_apparent_temperature_mean,cumulative_daylight_duration,cumulative_sunshine_duration,cumulative_precipitation_sum,cumulative_rain_sum,cumulative_precipitation_hours,cumulative_shortwave_radiation_sum,cumulative_et0_fao_evapotranspiration,day
2025-01-01 16:00:00+00:00,2533.0,10.644501,8.9445,9.854918,10.33161,8.244259,9.474013,38652.91,0.0,11.300001,11.300001,24.0,3.4949677,20.880001,85.31418,2.68,0.5757142,9.854918,9.474013,38652.91,0.0,11.300001,11.300001,24.0,2.68,0.5757142,1
2025-01-02 16:00:00+00:00,2533.0,10.1945,5.9944997,8.498668,9.747302,3.984128,7.5769897,38675.68,17777.742,4.0999994,4.0999994,24.0,5.720489,23.4,96.5548,4.92,0.88316476,18.353584,17.051003,77328.59,17777.742,15.400001,15.400001,48.0,7.6000004,1.458879,2
2025-01-03 16:00:00+00:00,2533.0,11.1945,4.7444997,7.5361667,9.737143,2.4946756,5.5655403,38700.12,35811.72,1.0000001,1.0000001,10.0,6.1120534,25.56,102.99463,13.03,1.9590251,25.889751,22.616543,116028.72,53589.46,16.400002,16.400002,58.0,20.630001,3.4179041,3
2025-01-04 16:00:00+00:00,2533.0,10.4945,5.5945,7.5778337,8.641709,4.0188694,5.9137836,38726.215,35833.17,1.3000001,1.3000001,9.0,4.9785542,31.68,247.14119,11.46,1.7176986,33.467587,28.530327,154754.94,89422.63,17.7,17.7,67.0,32.09,5.135603,4
2025-01-05 16:00:00+00:00,2533.0,10.9945,4.6445,7.3049164,9.531652,2.9036326,5.670456,38753.938,35822.754,0.2,0.2,2.0,4.2366967,31.319998,58.298714,12.27,1.8583332,40.772503,34.200783,193508.88,125245.39,17.900002,17.900002,69.0,44.36,6.993936,5
2025-01-06 16:00:00+00:00,2533.0,9.894501,4.8445,6.6778336,8.402014,2.5015936,4.86842,38783.258,27619.414,0.70000005,0.70000005,7.0,4.514377,34.92,135.4696,8.45,1.3168552,47.450336,39.069202,232292.12,152864.81,18.600002,18.600002,76.0,52.81,8.310791,6
2025-01-07 16:00:00+00:00,2533.0,10.2445,4.1445,6.6695,8.454826,1.9640813,4.9392858,38814.484,35807.277,0.6,0.6,6.0,3.84796,32.399998,248.9623,11.33,1.6929202,54.119835,44.008488,271106.62,188672.1,19.200003,19.200003,82.0,64.14,10.003712,7
2025-01-08 16:00:00+00:00,2533.0,9.394501,3.9445,6.196583,7.5311346,2.0778732,4.450703,38847.727,30169.307,2.5,2.5,10.0,3.8856654,34.56,178.06944,6.96,1.1334966,60.316418,48.45919,309954.34,218841.4,21.700003,21.700003,92.0,71.1,11.137208,8
2025-01-09 16:00:00+00:00,2533.0,6.9944997,3.0945,4.7861667,5.735504,0.8800812,2.9333136,38882.91,27240.643,5.8999996,5.8999996,24.0,4.802999,27.0,99.090195,6.78,1.0208212,65.102585,51.392506,348837.25,246082.05,27.600002,27.600002,116.0,77.88,12.15803,9
2025-01-10 16:00:00+00:00,2533.0,6.4944997,3.0945,4.294501,4.720665,1.046618,2.4308565,38919.953,29088.453,7.6999993,7.6999993,23.0,3.671294,33.48,176.52013,7.83,1.094635,69.39709,53.82336,387757.2,275170.5,35.300003,35.300003,139.0,85.71,13.252665,10
2025-01-11 16:00:00+00:00,2533.0,8.394501,1.6444999,4.6590834,6.668536,-0.83031464,2.6770403,38958.797,35792.773,0.70000005,0.70000005,7.0,3.7585104,30.239998,100.70133,11.67,1.6723452,74.05617,56.5004,426716.0,310963.28,36.000004,36.000004,146.0,97.38,14.92501,11
2025-01-12 16:00:00+00:00,2533.0,11.144501,1.6945001,5.659083,10.562093,-1.2204185,3.6486168,38999.36,35792.47,0.0,0.0,0.0,4.6730714,29.88,111.8665,15.33,2.2683074,79.71525,60.149017,465715.38,346755.75,36.000004,36.000004,146.0,112.71,17.193317,12
2025-01-13 16:00:00+00:00,2533.0,12.6945,2.0444999,7.357001,11.940586,-0.32501292,5.843928,39041.57,35793.504,1.2,1.2,5.0,3.319036,33.48,296.99564,15.96,2.409796,87.07225,65.99294,504756.94,382549.25,37.200005,37.200005,151.0,128.67,19.603113,13
2025-01-14 16:00:00+00:00,2533.0,8.7945,4.6445,7.3820004,8.080769,2.6607556,6.295444,39085.355,520.21063,10.800001,10.800001,24.0,4.6730714,30.960001,71.34202,2.51,0.5244469,94.454254,72.28838,543842.3,383069.47,48.000008,48.000008,175.0,131.18,20.12756,14
2025-01-15 16:00:00+00:00,2533.0,7.9444995,3.6444998,5.284083,6.2104425,1.700079,3.5353677,39130.645,31325.432,1.9000003,1.9000003,19.0,4.1046314,33.839996,103.916916,9.12,1.329085,99.738335,75.82375,582972.94,414394.9,49.90001,49.90001,194.0,140.29999,21.456644,15
2025-01-16 16:00:00+00:00,2533.0,9.7945,2.0945,5.573666,8.322697,-0.51942396,3.5213795,39177.363,35279.18,0.5,0.5,5.0,5.068846,26.28,103.83844,10.83,1.6532369,105.312004,79.34513,622150.3,449674.1,50.40001,50.40001,199.0,151.12999,23.10988,16
2025-01-17 16:00:00+00:00,2533.0,8.594501,3.6444998,6.0174165,7.027255,1.2133222,4.309035,39225.44,26239.908,1.5000001,1.5000001,10.0,4.327493,31.68,146.85979,8.09,1.250515,111.32942,83.65417,661375.75,475914.0,51.90001,51.90001,209.0,159.21999,24.360395,17
2025-01-18 16:00:00+00:00,2533.0,10.844501,6.0945,7.842417,9.165343,4.7757673,6.5047474,39274.812,35818.79,1.5000002,1.5000002,15.0,4.5,30.960001,266.66617,10.65,1.6272844,119.17184,90.15891,700650.56,511732.78,53.40001,53.40001,224.0,169.86998,25.98768,18
2025-01-19 16:00:00+00:00,2533.0,11.594501,4.0945,7.171583,10.336257,2.0797138,5.560323,39325.402,35827.914,1.0000001,1.0000001,9.0,4.5322843,37.8,215.15898,12.81,1.9409144,126.34342,95.71924,739975.94,547560.7,54.40001,54.40001,233.0,182.67998,27.928595,19
2025-01-20 16:00:00+00:00,2533.0,10.9445,4.2444997,7.096584,9.823952,1.9767575,5.294337,39377.14,34287.137,0.70000005,0.70000005,7.0,4.724786,27.359999,120.96374,12.27,1.8979393,133.44,101.01357,779353.06,581847.8,55.10001,55.10001,240.0,194.94998,29.826534,20
2025-01-21 16:00:00+00:00,2533.0,10.094501,4.5945,7.159084,8.106861,2.5441966,5.49505,39429.97,35850.258,1.0000001,1.0000001,8.0,4.7827187,39.6,198.18913,10.51,1.5844051,140.59909,106.50862,818783.0,617698.06,56.10001,56.10001,248.0,205.45998,31.41094,21
2025-01-22 16:00:00+00:00,2533.0,13.094501,5.2945,8.623666,11.741566,3.4267268,7.3480225,39483.812,35874.39,0.4,0.4,4.0,5.95906,36.0,293.7577,13.61,2.1008048,149.22276,113.85664,858266.8,653572.44,56.50001,56.50001,252.0,219.06998,33.511745,22
2025-01-23 16:00:00+00:00,2533.0,13.094501,6.4944997,9.029916,12.318481,4.7676134,7.7790356,39538.605,35878.117,1.3000001,1.3000001,9.0,5.4744864,38.519997,234.06644,13.77,2.1428504,158.25269,121.63568,897805.44,689450.56,57.80001,57.80001,261.0,232.83998,35.654594,23
2025-01-24 16:00:00+00:00,2533.0,12.5445,6.1445,8.607,11.413984,4.756381,7.468405,39594.273,35779.715,1.2000002,1.2000002,11.0,3.462369,34.56,246.63077,12.75,2.0054798,166.85968,129.10408,937399.7,725230.25,59.00001,59.00001,272.0,245.58998,37.660072,24
2025-01-25 16:00:00+00:00,2533.0,9.5445,5.5445,7.1111665,7.9884596,4.099946,5.7265306,39650.766,28103.191,3.0000002,3.0000002,19.0,3.438895,28.08,256.86603,8.97,1.3794943,173.97084,134.83061,977050.44,753333.44,62.00001,62.00001,291.0,254.55998,39.039566,25
2025-01-26 16:00:00+00:00,2533.0,5.2444997,1.7445,3.9445002,3.7461,-0.5293238,2.2025013,39708.023,3552.0156,7.999999,7.999999,24.0,3.2846913,30.960001,137.89139,3.5,0.6046797,177.91534,137.03311,1016758.44,756885.44,70.00001,70.00001,315.0,258.06,39.644245,26
2025-01-27 16:00:00+00:00,2533.0,6.2444997,1.3445,3.41325,4.1687384,-1.2409644,1.1468785,39766.555,35565.977,1.1000001,0.9000001,10.0,3.7971036,32.760002,100.24398,11.1,1.5372741,181.3286,138.18,1056525.0,792451.44,71.100006,70.90001,325.0,269.16,41.18152,27
2025-01-28 16:00:00+00:00,2533.0,6.4944997,2.0945,3.8236666,4.5620384,-0.22101784,1.6697518,39826.58,31919.898,2.2,2.0000002,19.0,5.4744864,33.12,133.28165,10.48,1.442203,185.15227,139.84975,1096351.6,824371.3,73.3,72.90001,344.0,279.64,42.623722,28
2025-01-29 16:00:00+00:00,2533.0,10.0445,1.8944999,5.357,8.333575,-0.60649323,3.2914448,39888.01,36132.902,0.9000001,0.9000001,9.0,4.7657523,33.12,116.564995,14.2,2.0710218,190.50926,143.14119,1136239.6,860504.2,74.200005,73.80001,353.0,293.84003,44.694744,29
2025-01-30 16:00:00+00:00,2533.0,10.094501,3.9445,7.1424174,9.269035,1.834703,5.6683087,39950.77,15981.059,18.4,18.4,22.0,4.802999,30.960001,106.65624,4.65,0.79167914,197.65167,148.8095,1176190.4,876485.25,92.600006,92.20001,375.0,298.49002,45.486423,30
2025-01-31 16:00:00+00:00,2533.0,14.0445,7.5445,10.536169,13.724747,6.556758,10.037709,40014.766,34070.32,7.499999,7.499999,24.0,3.644722,32.760002,158.01752,10.62,1.7832133,208.18784,158.8472,1216205.1,910555.56,100.100006,99.70001,399.0,309.11002,47.269638,31
2025-02-01 16:00:00+00:00,2533.0,13.4445,8.2945,10.3695,12.010853,7.3799,9.450555,40079.914,36000.0,2.5,2.5,19.0,6.1569467,48.96,253.06203,12.46,1.9943315,218.55734,168.29776,1256285.0,946555.56,102.600006,102.20001,418.0,321.57,49.26397,32
2025-02-02 16:00:00+00:00,2533.0,10.5445,5.0945,7.898668,9.05875,3.5660763,6.5407677,40146.133,31535.355,2.6,2.6,20.0,5.0816135,36.719997,238.3512,9.53,1.4817773,226.45601,174.83853,1296431.1,978090.94,105.200005,104.80001,438.0,331.1,50.745747,33
2025-02-03 16:00:00+00:00,2533.0,6.0445,3.1444998,4.4007497,4.668515,0.86563015,2.5132968,40213.34,10999.095,3.6999993,3.5999992,20.0,4.6102495,27.359999,119.94871,5.72,0.9015462,230.85677,177.35182,1336644.5,989090.06,108.9,108.40001,458.0,336.82,51.647293,34
2025-02-04 16:00:00+00:00,2533.0,7.4944997,2.0444999,4.6361666,5.1302414,-0.23727417,2.5553925,40281.453,36007.312,2.8000002,2.8000002,17.0,5.5216303,41.760002,213.02386,11.87,1.6203362,235.49294,179.90721,1376926.0,1025097.4,111.700005,111.20001,475.0,348.69,53.267628,35
2025-02-05 16:00:00+00:00,2533.0,10.2445,4.1445,6.8903337,8.638192,2.4505992,5.369971,40350.4,31648.656,1.2,1.2,11.0,4.278551,33.839996,185.59924,10.55,1.6339725,242.38327,185.27718,1417276.4,1056746.0,112.9,112.40001,486.0,359.24,54.9016,36
2025-02-06 16:00:00+00:00,2533.0,11.7445,4.9445,7.6528344,10.255307,3.085907,6.178412,40420.09,36298.02,1.7000002,1.7000002,10.0,4.991553,35.28,169.26118,13.47,2.0746095,250.0361,191.45558,1457696.5,1093044.0,114.6,114.100006,496.0,372.71,56.976208,37
2025-02-07 16:00:00+00:00,2533.0,8.344501,3.2444997,5.3590837,6.9599934,1.0912519,3.585143,40490.46,36000.0,1.7000003,1.7000003,17.0,4.896529,35.64,107.19391,11.41,1.6796309,255.39519,195.04073,1498187.0,1129044.0,116.299995,115.8,513.0,384.12,58.655838,38
2025-02-08 16:00:00+00:00,2533.0,8.6945,2.8944998,5.2695003,7.168517,0.9642973,3.3606415,40561.426,32961.383,1.2,1.2,11.0,5.2939587,31.68,109.01822,11.02,1.6525195,260.66467,198.40137,1538748.4,1162005.4,117.49999,117.0,524.0,395.13998,60.308357,39
2025-02-09 16:00:00+00:00,2533.0,11.4445,3.4445,6.8299165,10.690112,1.1194186,5.069823,40632.914,36607.63,0.3,0.3,3.0,4.293669,36.719997,102.52884,15.64,2.331661,267.4946,203.47119,1579381.2,1198613.0,117.799995,117.3,527.0,410.78,62.64002,40
2025-02-10 16:00:00+00:00,2533.0,13.4945,4.3445,8.796584,13.540737,2.1710968,7.45217,40704.855,36498.72,0.8000001,0.8000001,7.0,4.198285,31.68,119.39097,16.1,2.5897837,276.29117,210.92336,1620086.1,1235111.8,118.6,118.100006,534.0,426.88,65.229805,41
2025-02-11 16:00:00+00:00,2533.0,11.7945,9.144501,10.4590845,11.808638,8.078867,10.188257,40777.17,0.0,46.4,46.4,24.0,3.5455887,37.44,112.24906,1.79,0.47269058,286.75024,221.11162,1660863.2,1235111.8,165.0,164.5,558.0,428.67,65.7025,42
2025-02-12 16:00:00+00:00,2533.0,11.1945,8.9445,10.140336,11.050071,8.066724,9.592069,40849.79,382.36267,57.000008,57.000008,24.0,5.7628117,35.64,94.14938,3.0,0.6199958,296.8906,230.70369,1701713.0,1235494.1,222.0,221.5,582.0,431.67,66.322495,43
2025-02-13 16:00:00+00:00,2533.0,9.9565,6.0565,8.419,8.246677,4.265319,6.9370656,40913.06,7049.962,7.8999996,7.8,9.0,8.759178,63.72,271.5368,4.01,0.6934927,305.3096,237.64076,1742626.0,1242544.1,229.9,229.3,591.0,435.68002,67.01598,44
2025-02-14 16:00:00+00:00,2533.0,14.3065,6.4565,9.439835,13.143831,3.5346546,7.260529,40986.348,37934.527,0.0,0.0,0.0,13.722565,78.479996,276.72095,21.38,3.1213286,314.74945,244.90129,1783612.4,1280478.6,229.9,229.3,591.0,457.06003,70.137314,45
2025-02-15 16:00:00+00:00,2533.0,14.8065,5.8065,9.339833,12.042883,1.9442062,5.611833,41059.75,38029.926,0.0,0.0,0.0,14.205182,69.84,277.46152,23.59,4.1423917,324.0893,250.51312,1824672.1,1318508.5,229.9,229.3,591.0,480.65002,74.27971,46
2025-02-16 16:00:00+00:00,2533.0,14.7065,5.0065002,8.600249,13.116081,0.88701105,5.053118,41133.812,38130.17,0.0,0.0,0.0,13.849476,70.2,278.859,23.41,4.0125055,332.68954,255.56624,1865806.0,1356638.6,229.9,229.3,591.0,504.06003,78.29221,47
2025-02-17 16:00:00+00:00,2533.0,10.9065,4.1565,6.8085823,8.261503,0.31113863,3.8021052,41208.79,36734.24,0.0,0.0,0.0,14.404499,66.6,276.3631,18.76,2.771965,339.49814,259.36835,1907014.8,1393372.9,229.9,229.3,591.0,522.82,81.06418,48
2025-02-18 16:00:00+00:00,2533.0,10.4065,2.3565001,6.066916,8.398959,-0.08415079,3.8266027,41284.617,36618.79,0.0,0.0,0.0,11.966953,64.799995,267.90482,19.14,2.593026,345.56506,263.19495,1948299.4,1429991.6,229.9,229.3,591.0,541.96,83.6572,49
2025-02-19 16:00:00+00:00,2533.0,10.6565,1.9065,5.908583,8.191204,-0.96641445,3.4962757,41361.215,37163.42,0.0,0.0,0.0,9.422101,57.239998,280.3758,17.43,2.4676428,351.47363,266.69122,1989660.6,1467155.0,229.9,229.3,591.0,559.39,86.12485,50
2025-02-20 16:00:00+00:00,2533.0,9.7565,4.4565,6.835667,7.023059,1.4183002,4.2461247,41438.51,36351.152,0.0,0.0,0.0,11.570515,63.72,274.18484,14.32,2.0356772,358.3093,270.93735,2031099.1,1503506.1,229.9,229.3,591.0,573.71,88.16052,51
2025-02-21 16:00:00+00:00,2533.0,10.9565,3.2065,6.7544174,8.375199,0.737401,4.5248704,41516.445,37177.71,0.0,0.0,0.0,9.605998,55.8,268.32147,15.75,2.3082001,365.06372,275.46222,2072615.6,1540683.9,229.9,229.3,591.0,589.46,90.46872,52
2025-02-22 16:00:00+00:00,2533.0,9.8065,3.3565001,6.1523337,7.123474,0.87994003,3.6661062,41594.94,37191.156,0.0,0.0,0.0,10.182337,68.03999,274.872,12.08,1.7174582,371.21606,279.12833,2114210.5,1577875.0,229.9,229.3,591.0,601.54004,92.18618,53
2025-02-23 16:00:00+00:00,2533.0,10.0565,2.9064999,5.7919173,7.3086843,0.25577593,3.3173516,41673.934,38886.56,0.0,0.0,0.0,11.165805,71.64,280.30478,14.92,2.050057,377.008,282.44568,2155884.5,1616761.5,229.9,229.3,591.0,616.46,94.23624,54
2025-02-24 16:00:00+00:00,2533.0,12.4565,2.5064998,7.0627494,12.117533,-1.022027,5.0562034,41753.35,39090.547,0.0,0.0,0.0,8.905908,49.32,292.85483,20.09,2.8853004,384.07074,287.5019,2197637.8,1655852.0,229.9,229.3,591.0,636.55005,97.12154,55
2025-02-25 16:00:00+00:00,2533.0,10.9065,4.0065002,6.9856677,9.415303,1.5779843,5.2216573,41833.133,33271.38,0.0,0.0,0.0,5.6233797,39.6,265.10095,13.68,2.044871,391.0564,292.72354,2239471.0,1689123.4,229.9,229.3,591.0,650.23004,99.166405,56
2025-02-26 16:00:00+00:00,2533.0,10.2105,5.3605003,7.363167,8.569168,3.2030277,5.5437827,41913.21,14445.448,1.5000001,1.2,9.0,9.178235,45.719997,268.2101,4.02,0.70613575,398.41956,298.26733,2281384.2,1703568.9,231.4,230.5,600.0,654.25006,99.87254,57
2025-02-27 16:00:00+00:00,2533.0,16.2105,4.1105003,9.252167,15.978254,1.2656245,7.1573005,41993.523,39340.523,0.0,0.0,0.0,10.464797,8.64,252.7369,24.49,3.9043963,407.67172,305.42462,2323377.8,1742909.4,231.4,230.5,600.0,678.74005,103.77694,58
2025-02-28 16:00:00+00:00,2533.0,12.610499,7.0605,9.975083,11.732055,2.157805,7.520466,42074.004,33849.336,4.8,2.7,15.0,12.287555,11.5199995,270.2953,11.57,2.2366414,417.64682,312.9451,2365451.8,1776758.8,236.2,233.2,615.0,690.31006,106.01358,59
2025-03-01 16:00:00+00:00,2533.0,12.6605,7.2105,9.450084,11.172634,4.4572544,7.3476663,42154.59,28881.988,5.4,2.4,15.0,13.237039,12.959999,272.4385,7.73,1.2387767,427.0969,320.29276,2407606.2,1805640.8,241.59999,235.59999,630.0,698.04004,107.25236,60
2025-03-02 16:00:00+00:00,2533.0,17.410501,7.1105003,11.033417,17.71802,4.9463425,9.41684,42235.22,39590.57,1.8000002,1.2,9.0,12.303366,15.119999,278.91068,24.26,3.900163,438.1303,329.7096,2449841.5,1845231.4,243.4,236.79999,639.0,722.30005,111.15252,61
2025-03-03 16:00:00+00:00,2533.0,16.060501,4.4104996,9.262582,17.33145,2.2973285,7.8528194,42315.824,39673.72,0.0,0.0,0.0,9.0,12.599999,278.5608,24.74,3.929158,447.39288,337.5624,2492157.2,1884905.1,243.4,236.79999,639.0,747.04004,115.08168,62
2025-03-04 16:00:00+00:00,2533.0,11.110499,3.0605,6.204249,9.984394,0.6662426,4.375712,42396.35,31442.646,0.6,0.6,3.0,5.8603754,9.0,163.20152,13.93,2.0426087,453.59714,341.9381,2534553.5,1916347.8,244.0,237.4,642.0,760.97003,117.12429,63
2025-03-05 16:00:00+00:00,2533.0,7.8105,3.7605002,5.027167,6.2509737,1.8989186,3.2950442,42476.73,4869.2627,2.7,2.7,9.0,4.3349743,10.08,193.26085,3.87,0.70674044,458.6243,345.23315,2577030.2,1921217.0,246.7,240.09999,651.0,764.84,117.83103,64
2025-03-06 16:00:00+00:00,2533.0,5.9104996,2.9105,4.4396663,4.2688484,1.1736255,2.6069605,42556.906,0.0,0.3,0.3,3.0,4.8965297,8.28,216.13936,2.02,0.4375858,463.06396,347.84012,2619587.2,1921217.0,247.0,240.4,654.0,766.86005,118.268616,65
