date,elevation,temperature_2m_max,temperature_2m_min,temperature_2m_mean,apparent_temperature_max,apparent_temperature_min,apparent_temperature_mean,daylight_duration,sunshine_duration,precipitation_sum,rain_sum,precipitation_hours,wind_speed_10m_max,wind_gusts_10m_max,wind_direction_10m_dominant,shortwave_radiation_sum,et0_fao_evapotranspiration,cumulative_temperature_2m_mean,cumulative_apparent_temperature_mean,cumulative_daylight_duration,cumulative_sunshine_duration,cumulative_precipitation_sum,cumulative_rain_sum,cumulative_precipitation_hours,cumulative_shortwave_radiation_sum,cumulative_et0_fao_evapotranspiration,day
2025-01-01 16:00:00+00:00,2923.0,6.4159994,4.866,5.599333,4.877989,3.0211964,3.856191,38411.074,0.0,14.300003,14.300003,23.0,5.0432134,36.719997,180.98773,1.41,0.34287184,5.599333,3.856191,38411.074,0.0,14.300003,14.300003,23.0,1.41,0.34287184,1
2025-01-02 16:00:00+00:00,2923.0,6.516,1.6660001,4.2451663,4.6992407,-1.354187,2.0804417,38434.992,11438.658,2.5999997,2.5999997,20.0,6.8423676,37.079998,121.29846,4.82,0.78932256,9.8445,5.9366326,76846.06,11438.658,16.900003,16.900003,43.0,6.23,1.1321944,2
2025-01-03 16:00:00+00:00,2923.0,7.6659994,0.11599994,3.3826673,5.298107,-2.9873905,0.53978974,38460.67,34464.395,0.6,0.6,6.0,6.198903,26.28,131.12134,12.44,1.7125549,13.227167,6.4764223,115306.734,45903.055,17.500004,17.500004,49.0,18.67,2.8447495,3
2025-01-04 16:00:00+00:00,2923.0,5.016,1.6159999,2.9555833,1.5645142,-0.85428953,0.17975299,38488.086,31569.77,2.4999995,2.4999995,18.0,9.761578,46.8,241.82852,9.68,1.2298511,16.18275,6.656175,153794.81,77472.83,20.000004,20.000004,67.0,28.35,4.0746007,4
2025-01-05 16:00:00+00:00,2923.0,7.116,-0.38400006,2.8868332,3.831584,-3.1472487,-0.045782764,38517.203,35448.11,1.1,1.1,6.0,5.402999,40.68,199.2012,12.43,1.6890242,19.069584,6.6103926,192312.02,112920.94,21.100004,21.100004,73.0,40.78,5.763625,5
2025-01-06 16:00:00+00:00,2923.0,4.816,-0.934,1.84725,1.8735456,-4.2969794,-1.3019265,38548.008,32433.092,2.1000001,2.1000001,18.0,8.53815,55.8,186.82521,6.98,0.97044706,20.916834,5.308466,230860.03,145354.03,23.200005,23.200005,91.0,47.76,6.734072,6
2025-01-07 16:00:00+00:00,2923.0,5.266,-0.28399992,2.045167,1.8476543,-3.1313803,-0.9416376,38580.812,34740.883,1.3000002,1.3000002,13.0,8.211235,48.6,209.27515,10.07,1.2947834,22.962002,4.3668284,269440.84,180094.9,24.500004,24.500004,104.0,57.829998,8.028855,7
2025-01-08 16:00:00+00:00,2923.0,4.816,-2.484,1.0451667,1.1209207,-5.4745674,-1.9831601,38615.73,23765.213,4.1,4.1,15.0,9.109138,51.12,189.11261,7.37,1.0092661,24.007168,2.3836684,308056.56,203860.12,28.600004,28.600004,119.0,65.2,9.038121,8
2025-01-09 16:00:00+00:00,2923.0,2.1660001,-1.5339999,-0.11316665,-0.4157629,-4.7977886,-3.0062683,38652.688,17435.693,6.3999996,6.3999996,24.0,6.5049515,42.12,119.55078,5.55,0.73001796,23.894001,-0.62259984,346709.25,221295.81,35.000004,35.000004,143.0,70.75,9.768139,9
2025-01-10 16:00:00+00:00,2923.0,0.6660001,-1.634,-0.67774993,-2.3305364,-4.7901073,-3.7022707,38691.598,26416.031,11.0,11.0,24.0,6.489992,49.68,188.21576,5.78,0.6803171,23.216251,-4.3248706,385400.84,247711.84,46.000004,46.000004,167.0,76.53,10.448456,10
2025-01-11 16:00:00+00:00,2923.0,3.3160002,-1.984,0.14308333,0.2875228,-4.783926,-2.9110658,38732.4,32375.746,3.1999993,3.1999993,21.0,5.5596404,45.719997,177.67848,7.8,1.0347682,23.359335,-7.235936,424133.25,280087.6,49.200005,49.200005,188.0,84.33,11.483224,11
2025-01-12 16:00:00+00:00,2923.0,5.566,-3.134,1.4076666,2.5134535,-6.716765,-1.7256718,38775.004,35714.36,0.5,0.5,5.0,5.495161,41.760002,148.04776,9.11,1.258609,24.767002,-8.961608,462908.25,315801.94,49.700005,49.700005,193.0,93.44,12.741833,12
2025-01-13 16:00:00+00:00,2923.0,7.9159994,-1.7839999,3.1514165,5.2452173,-4.434792,0.48515585,38819.336,35224.43,1.3000001,1.3000001,4.0,6.0721655,46.8,220.18933,13.19,1.7929909,27.918419,-8.476452,501727.6,351026.38,51.000004,51.000004,197.0,106.630005,14.534823,13
2025-01-14 16:00:00+00:00,2923.0,3.6660001,-0.684,1.8180832,1.5752993,-3.8410444,-0.5745958,38865.316,3629.9133,9.500002,9.500002,24.0,6.341009,41.399998,98.619705,3.29,0.50073034,29.736502,-9.051047,540592.94,354656.28,60.500008,60.500008,221.0,109.920006,15.035554,14
2025-01-15 16:00:00+00:00,2923.0,4.016,-0.88400006,0.79308337,1.0953455,-3.8130865,-2.080385,38912.883,31387.938,2.9,2.9,24.0,5.815978,45.0,167.25177,7.2,0.94291466,30.529585,-11.131433,579505.8,386044.22,63.40001,63.40001,245.0,117.12,15.978469,15
2025-01-16 16:00:00+00:00,2923.0,5.1659994,-1.3840001,1.5326668,2.2751908,-4.639899,-1.4680072,38961.95,32868.94,2.8999991,2.8999991,18.0,5.3517847,38.519997,150.45506,7.94,1.1298604,32.062252,-12.59944,618467.75,418913.16,66.30001,66.30001,263.0,125.060005,17.10833,16
2025-01-17 16:00:00+00:00,2923.0,4.866,0.21600008,1.8930835,1.5438938,-2.6127634,-0.86129576,39012.44,24008.787,2.6000001,2.6000001,15.0,7.689603,52.199997,221.41783,7.07,0.9608,33.955334,-13.460735,657480.2,442921.94,68.90001,68.90001,278.0,132.13,18.06913,17
2025-01-18 16:00:00+00:00,2923.0,6.316,1.1159999,2.8368332,3.3789654,-1.4128327,0.2011741,39064.285,33793.73,4.5999994,4.5999994,22.0,7.5019197,47.519997,234.51163,9.38,1.215856,36.792168,-13.259562,696544.5,476715.66,73.50001,73.50001,300.0,141.51001,19.284986,18
2025-01-19 16:00:00+00:00,2923.0,6.266,-0.98399997,2.2180836,3.1642065,-3.910448,-0.6847263,39117.41,33667.22,2.1000001,2.1000001,16.0,7.44121,46.44,196.62921,8.97,1.2327342,39.01025,-13.944288,735661.94,510382.88,75.600006,75.600006,316.0,150.48001,20.517721,19
2025-01-20 16:00:00+00:00,2923.0,6.4659996,-0.7839999,2.751417,3.6548405,-4.0392957,-0.17317347,39171.746,31702.936,0.90000004,0.90000004,8.0,5.2323985,29.519999,153.10703,9.19,1.3269488,41.761665,-14.117462,774833.7,542085.8,76.50001,76.50001,324.0,159.67001,21.84467,20
2025-01-21 16:00:00+00:00,2923.0,5.4659996,0.31599998,2.5264168,1.9557142,-2.017871,-0.24039869,39227.215,35783.547,1.1,1.1,10.0,9.0,49.32,222.42514,11.45,1.4478872,44.288082,-14.357861,814060.9,577869.4,77.600006,77.600006,334.0,171.12001,23.292557,21
2025-01-22 16:00:00+00:00,2923.0,7.2159996,0.26600003,3.2743337,4.3357363,-2.3199987,0.5707492,39283.746,35798.203,0.8000001,0.8000001,8.0,8.626865,57.239998,231.62743,13.62,1.7982712,47.562416,-13.787111,853344.6,613667.56,78.40001,78.40001,342.0,184.74,25.090828,22
2025-01-23 16:00:00+00:00,2923.0,8.816,-0.23399997,3.8597498,6.0902395,-3.3431153,1.073563,39341.273,35480.594,1.4000001,1.4000001,11.0,8.604301,51.12,207.39226,14.09,1.95464,51.422165,-12.713549,892685.9,649148.1,79.80001,79.80001,353.0,198.83,27.045467,23
2025-01-24 16:00:00+00:00,2923.0,7.9159994,0.065999985,3.832667,5.1455145,-2.6858892,1.2500421,39399.727,35700.785,1.5000002,1.5000002,10.0,4.613762,38.16,172.28825,12.43,1.7383826,55.254833,-11.463507,932085.6,684848.94,81.30001,81.30001,363.0,211.26001,28.78385,24
2025-01-25 16:00:00+00:00,2923.0,6.116,-0.43400002,2.6472502,3.0333548,-3.1715546,-0.0325647,39459.035,33650.805,4.0000005,4.0000005,21.0,6.2613096,39.96,237.887,11.39,1.5158523,57.902084,-11.496072,971544.7,718499.75,85.30001,85.30001,384.0,222.65001,30.299702,25
2025-01-26 16:00:00+00:00,2923.0,-0.8339999,-4.634,-2.481917,-3.4032955,-8.22682,-5.432449,39519.15,8555.113,17.300001,12.9,24.0,5.506941,40.32,39.625565,3.07,0.4153207,55.420166,-16.92852,1011063.8,727054.9,102.60001,98.20001,408.0,225.72002,30.715023,26
2025-01-27 16:00:00+00:00,2923.0,2.9160001,-7.3339996,-2.52775,0.13121414,-11.296956,-6.019152,39580.594,35892.863,1.3000001,1.3000001,12.0,5.5887027,34.92,112.71842,14.46,1.7045199,52.892418,-22.947672,1050644.4,762947.75,103.90002,99.500015,420.0,240.18002,32.419544,27
2025-01-28 16:00:00+00:00,2923.0,2.4659998,-5.084,-1.3965,-1.1398563,-8.707595,-4.8451366,39643.605,35915.523,1.4000002,1.4000002,13.0,5.815978,41.760002,165.96368,10.44,1.2699174,51.49592,-27.792809,1090288.0,798863.25,105.30002,100.90002,433.0,250.62003,33.68946,28
2025-01-29 16:00:00+00:00,2923.0,5.766,-2.1339998,1.141,2.7481332,-5.1424994,-1.7844421,39708.098,35251.355,0.4,0.4,4.0,5.020677,37.44,154.82648,11.25,1.4838864,52.636917,-29.577251,1129996.1,834114.6,105.70002,101.30002,437.0,261.87003,35.173347,29
2025-01-30 16:00:00+00:00,2923.0,5.4659996,-1.3339999,2.2243335,3.6098547,-4.1398764,-0.01028804,39773.977,7575.8184,4.7000003,4.7000003,17.0,3.2846913,43.56,121.11874,4.83,0.76518697,54.86125,-29.58754,1169770.1,841690.44,110.40002,106.000015,454.0,266.7,35.938534,30
2025-01-31 16:00:00+00:00,2923.0,8.665999,3.366,5.7035003,7.339594,1.53375,4.178265,39841.145,26490.756,11.299999,11.299999,23.0,3.536439,49.32,178.6361,7.86,1.2264019,60.56475,-25.409275,1209611.2,868181.2,121.70001,117.30002,477.0,274.56,37.164936,31
2025-02-01 16:00:00+00:00,2923.0,7.516,2.766,5.5514164,4.542837,0.20551014,3.1843016,39909.527,19533.719,4.0,4.0,23.0,8.893166,64.799995,230.17412,6.4,1.0216923,66.116165,-22.224974,1249520.8,887714.9,125.70001,121.30002,500.0,280.96,38.18663,32
2025-02-02 16:00:00+00:00,2923.0,3.616,-0.33399987,1.7535003,1.2420082,-3.0857382,-0.7081991,39979.03,10722.104,11.599999,11.599999,24.0,5.441838,46.079998,212.77031,4.83,0.6866507,67.86967,-22.933172,1289499.8,898437.0,137.30002,132.90002,524.0,285.78998,38.87328,33
2025-02-03 16:00:00+00:00,2923.0,1.7159998,-2.534,-0.58399993,-0.549108,-5.8263865,-3.4843776,40049.566,12442.022,7.799999,7.799999,24.0,6.3231,35.28,125.676476,5.49,0.73636806,67.28567,-26.41755,1329549.4,910879.0,145.10002,140.70003,548.0,291.27997,39.609646,34
2025-02-04 16:00:00+00:00,2923.0,1.266,-1.884,-0.3839999,-1.9838753,-4.9905114,-3.5558834,40121.06,30101.336,5.9999995,5.9999995,24.0,8.958504,61.56,216.55252,7.12,0.7988108,66.901665,-29.973433,1369670.4,940980.3,151.10002,146.70003,572.0,298.39996,40.408455,35
2025-02-05 16:00:00+00:00,2923.0,4.1660004,-0.7839999,1.5764165,1.1321816,-3.7290988,-1.1410246,40193.41,14614.307,4.1,4.1,23.0,7.823272,50.399998,224.99986,5.83,0.78555924,68.47808,-31.114456,1409863.8,955594.6,155.20003,150.80003,595.0,304.22995,41.194016,36
2025-02-06 16:00:00+00:00,2923.0,6.366,0.016000032,2.65975,3.5390358,-2.889678,0.10688442,40266.547,34189.367,1.8000002,1.8000002,13.0,6.9480934,49.32,186.47939,8.31,1.1536133,71.13783,-31.007572,1450130.2,989784.0,157.00003,152.60004,608.0,312.53995,42.34763,37
2025-02-07 16:00:00+00:00,2923.0,3.116,-0.73399997,0.64308333,0.8414154,-3.8851936,-2.0669382,40340.395,10428.607,3.8999996,3.8999996,24.0,6.048107,46.8,135.15657,5.68,0.75984997,71.780914,-33.07451,1490470.6,1000212.6,160.90002,156.50003,632.0,318.21994,43.10748,38
2025-02-08 16:00:00+00:00,2923.0,4.566,-0.88400006,1.091,1.926074,-3.8015604,-1.8405409,40414.863,23756.775,2.7999995,2.7999995,22.0,6.8777895,48.6,166.82935,7.28,0.99131995,72.87192,-34.91505,1530885.5,1023969.4,163.70003,159.30003,654.0,325.49994,44.0988,39
2025-02-09 16:00:00+00:00,2923.0,5.9159994,-0.13400006,2.4326668,2.8008318,-3.0766697,-0.30806077,40489.875,36000.0,0.6,0.6,6.0,6.601363,51.48,190.76904,9.71,1.3146714,75.30458,-35.22311,1571375.4,1059969.4,164.30003,159.90004,660.0,335.20993,45.41347,40
2025-02-10 16:00:00+00:00,2923.0,9.616,-0.38400006,4.5555835,7.644081,-2.9099622,2.283746,40565.363,36000.0,0.0,0.0,0.0,5.223103,42.839996,175.14699,14.58,2.101023,79.86016,-32.939365,1611940.8,1095969.4,164.30003,159.90004,660.0,349.78992,47.514496,41
2025-02-11 16:00:00+00:00,2923.0,7.9659996,3.866,5.920166,7.0381365,1.9937348,4.644839,40641.24,0.0,34.7,34.7,23.0,3.438895,38.519997,91.648315,2.22,0.4958078,85.78033,-28.294527,1652582.0,1095969.4,199.00003,194.60004,683.0,352.00992,48.010303,42
2025-02-12 16:00:00+00:00,2923.0,6.6659994,4.266,5.4284997,5.2206917,2.170148,3.5946438,40717.438,0.0,47.399998,47.399998,21.0,5.720489,38.519997,122.81376,2.14,0.43247882,91.208824,-24.699883,1693299.5,1095969.4,246.40002,242.00003,704.0,354.14993,48.442783,43
2025-02-13 16:00:00+00:00,2923.0,9.5335,3.9834998,6.535583,7.1647863,1.3239803,3.92396,40784.145,34037.754,0.0,0.0,0.0,11.609651,70.92,235.54898,13.69,1.9069173,97.74441,-20.775923,1734083.6,1130007.1,246.40002,242.00003,704.0,367.83994,50.3497,44
2025-02-14 16:00:00+00:00,2923.0,11.2835,3.7334998,6.512666,8.172476,0.83010244,3.5852072,40861.03,37019.0,0.0,0.0,0.0,14.8257065,83.159996,230.30872,18.94,2.6099615,104.25707,-17.190716,1774944.6,1167026.1,246.40002,242.00003,704.0,386.77994,52.959663,45
2025-02-15 16:00:00+00:00,2923.0,11.6335,3.3334997,6.5605826,9.503817,0.13531876,3.4613914,40938.027,37681.11,0.0,0.0,0.0,14.021525,76.32,242.61916,21.11,3.0569685,110.81766,-13.729324,1815882.6,1204707.2,246.40002,242.00003,704.0,407.88995,56.016632,46
2025-02-16 16:00:00+00:00,2923.0,11.3835,2.3834999,5.73975,9.298842,-1.1188006,2.6326401,41015.715,37584.64,0.0,0.0,0.0,13.202726,74.159996,255.86816,21.27,2.9725225,116.5574,-11.096684,1856898.4,1242291.9,246.40002,242.00003,704.0,429.15994,58.989155,47
2025-02-17 16:00:00+00:00,2923.0,6.8835,1.4834998,3.6689167,3.254147,-1.5551038,0.35496163,41094.363,35202.11,0.1,0.0,1.0,13.363711,76.67999,263.24527,12.95,1.6635336,120.22632,-10.741723,1897992.8,1277494.0,246.50003,242.00003,705.0,442.10995,60.652687,48
2025-02-18 16:00:00+00:00,2923.0,7.0334997,1.1334999,3.50225,3.8790026,-1.8396254,0.3663043,41173.9,36000.0,0.0,0.0,0.0,12.620554,67.32,265.19107,14.99,1.886899,123.72857,-10.375419,1939166.6,1313494.0,246.50003,242.00003,705.0,457.09995,62.539585,49
2025-02-19 16:00:00+00:00,2923.0,7.1335,1.0834999,3.648083,3.6069527,-1.9952993,0.58445245,41254.234,36366.383,0.0,0.0,0.0,11.212135,60.120003,259.98514,13.92,1.8094051,127.376656,-9.790966,1980420.9,1349860.4,246.50003,242.00003,705.0,471.01996,64.34899,50
2025-02-20 16:00:00+00:00,2923.0,6.3835,1.6835,3.600166,2.9366903,-1.2387695,0.5366238,41335.316,36111.45,0.5,0.0,5.0,11.885453,66.96,260.3446,11.47,1.4685445,130.97682,-9.254342,2021756.2,1385971.9,247.00003,242.00003,710.0,482.48996,65.817535,51
2025-02-21 16:00:00+00:00,2923.0,7.4335003,1.3334997,3.8564165,3.7582083,-1.5914981,0.8453285,41417.047,35112.504,0.2,0.0,2.0,12.783802,67.32,254.36644,12.97,1.6835821,134.83324,-8.409014,2063173.2,1421084.4,247.20003,242.00003,712.0,495.45996,67.501114,52
2025-02-22 16:00:00+00:00,2923.0,4.8835,2.1334999,3.3022501,1.8474259,-0.7922101,0.41315445,41499.37,3644.255,0.70000005,0.4,7.0,10.1376915,63.36,262.2204,4.79,0.71110255,138.13548,-7.995859,2104672.5,1424728.6,247.90002,242.40002,719.0,500.24997,68.21222,53
2025-02-23 16:00:00+00:00,2923.0,6.6835003,1.4335,3.6939163,2.9727077,-1.7310433,0.5512096,41582.22,38416.273,0.0,0.0,0.0,14.05845,72.72,262.08505,13.77,1.6645985,141.8294,-7.4446497,2146254.8,1463144.9,247.90002,242.40002,719.0,514.01996,69.876816,54
2025-02-24 16:00:00+00:00,2923.0,8.0835,1.3834999,4.4085,6.215946,-1.7204406,1.7960758,41665.504,37921.08,0.0,0.0,0.0,10.365251,50.399998,279.46222,17.29,2.2257962,146.2379,-5.648574,2187920.2,1501066.0,247.90002,242.40002,719.0,531.30994,72.102615,55
2025-02-25 16:00:00+00:00,2923.0,8.5335,2.1334999,4.77725,6.0939875,-0.69992304,2.310626,41749.17,31150.809,1.5,1.5,3.0,9.007196,49.32,259.21573,13.89,1.894991,151.01515,-3.3379478,2229669.5,1532216.8,249.40002,243.90002,722.0,545.19995,73.997604,56
2025-02-26 16:00:00+00:00,2923.0,4.9335003,3.4834998,4.058708,2.7461538,0.9755826,1.8456768,41833.15,562.698,4.799999,4.4999995,15.0,8.404285,46.079998,232.78096,1.66,0.35472205,155.07385,-1.4922711,2271502.8,1532779.5,254.20003,248.40002,737.0,546.8599,74.352325,57
2025-02-27 16:00:00+00:00,2923.0,11.8405,1.7405,5.8363338,10.111167,-1.4834361,3.4588993,41917.367,39249.29,0.0,0.0,0.0,14.458382,9.36,222.04115,24.32,3.2799544,160.91019,1.9666282,2313420.0,1572028.8,254.20003,248.40002,737.0,571.17993,77.63228,58
2025-02-28 16:00:00+00:00,2923.0,9.1905,2.0904999,5.6009173,5.744095,-1.4403117,2.7378645,42001.758,29820.61,1.2,1.2,6.0,8.0899935,10.799999,175.51962,12.37,1.8727903,166.51111,4.7044926,2355421.8,1601849.4,255.40002,249.60002,743.0,583.5499,79.505066,59
2025-03-01 16:00:00+00:00,2923.0,9.2905,4.5905,6.13425,7.61596,2.1217208,3.8890514,42086.26,38736.89,4.799999,0.29999998,21.0,12.181625,19.08,229.05241,15.31,1.8850764,172.64536,8.593544,2397508.0,1640586.2,260.2,249.90002,764.0,598.8599,81.390144,60
2025-03-02 16:00:00+00:00,2923.0,12.390499,3.9905,7.061333,10.778098,1.5524464,4.818294,42170.805,39510.57,4.4999995,4.2,9.0,16.981165,19.44,243.43501,23.66,3.1766434,179.7067,13.411839,2439678.8,1680096.9,264.7,254.10002,773.0,622.5199,84.56679,61
2025-03-03 16:00:00+00:00,2923.0,9.4904995,1.4404998,4.807166,7.777315,-0.85598993,2.4383051,42255.324,38181.543,0.3,0.0,3.0,13.1041975,13.32,248.83861,19.25,2.3421133,184.51385,15.850143,2481934.0,1718278.4,265.0,254.10002,776.0,641.7699,86.9089,62
2025-03-04 16:00:00+00:00,2923.0,4.6905003,0.6904998,2.873833,1.5087552,-1.4454875,0.17519577,42339.758,15398.512,1.8,1.8,6.0,12.904882,12.959999,226.16115,5.67,0.7408018,187.3877,16.02534,2524273.8,1733676.9,266.8,255.90002,782.0,647.4399,87.6497,63
2025-03-05 16:00:00+00:00,2923.0,3.5904999,1.4905,2.32175,0.3301053,-1.473722,-0.60061294,42424.035,6697.534,4.799999,4.799999,12.0,11.043261,10.799999,241.81433,3.83,0.5386804,189.70944,15.4247265,2566697.8,1740374.4,271.59998,260.7,794.0,651.2699,88.18838,64
2025-03-06 16:00:00+00:00,2923.0,1.7904997,0.49049997,1.3509165,-0.66654253,-2.4489985,-1.4922096,42508.098,0.0,3.3,3.3,12.0,9.339208,12.959999,240.4613,1.23,0.2714431,191.06036,13.932517,2609205.8,1740374.4,274.89996,264.0,806.0,652.4999,88.45982,65
