date,elevation,temperature_2m_max,temperature_2m_min,temperature_2m_mean,apparent_temperature_max,apparent_temperature_min,apparent_temperature_mean,daylight_duration,sunshine_duration,precipitation_sum,rain_sum,precipitation_hours,wind_speed_10m_max,wind_gusts_10m_max,wind_direction_10m_dominant,shortwave_radiation_sum,et0_fao_evapotranspiration,cumulative_temperature_2m_mean,cumulative_apparent_temperature_mean,cumulative_daylight_duration,cumulative_sunshine_duration,cumulative_precipitation_sum,cumulative_rain_sum,cumulative_precipitation_hours,cumulative_shortwave_radiation_sum,cumulative_et0_fao_evapotranspiration,day
2025-01-01 16:00:00+00:00,3040.0,5.985,4.335,5.1600003,4.2118263,2.107232,3.2825625,38386.67,0.0,11.800002,11.800002,21.0,5.937272,27.359999,129.85721,1.76,0.38539886,5.1600003,3.2825625,38386.67,0.0,11.800002,11.800002,21.0,1.76,0.38539886,1
2025-01-02 16:00:00+00:00,3040.0,5.685,1.4850001,3.57875,3.1671681,-1.9291344,0.9298358,38410.707,7392.0693,1.2000002,1.2000002,12.0,8.61371,34.2,82.65272,4.71,0.74207956,8.73875,4.2123985,76797.375,7392.0693,13.000002,13.000002,33.0,6.4700003,1.1274784,2
2025-01-03 16:00:00+00:00,3040.0,7.685,-0.06500006,3.2579165,5.347151,-3.584877,0.1009712,38436.51,33787.594,0.0,0.0,0.0,8.669949,34.2,128.11589,12.19,1.6897525,11.996667,4.3133698,115233.89,41179.664,13.000002,13.000002,33.0,18.66,2.8172307,3
2025-01-04 16:00:00+00:00,3040.0,4.685,0.88499975,2.4391663,1.2319851,-1.7340746,-0.461988,38464.06,30786.11,2.3999996,2.3999996,12.0,9.779817,39.239998,235.42065,9.05,1.1530898,14.435833,3.8513818,153697.95,71965.77,15.400002,15.400002,45.0,27.71,3.9703205,4
2025-01-05 16:00:00+00:00,3040.0,6.5849996,-1.565,2.2287502,3.3419504,-4.4619327,-0.78958064,38493.316,35579.094,0.4,0.4,2.0,7.0038276,35.28,85.75449,13.27,1.7561775,16.664583,3.0618012,192191.27,107544.87,15.800001,15.800001,47.0,40.98,5.726498,5
2025-01-06 16:00:00+00:00,3040.0,4.985,-1.115,1.5975,2.3927336,-4.8423347,-1.5993829,38524.27,34586.855,0.6,0.6,5.0,7.7043357,37.079998,157.62543,9.05,1.2247376,18.262083,1.4624183,230715.53,142131.72,16.400002,16.400002,52.0,50.03,6.951236,6
2025-01-07 16:00:00+00:00,3040.0,4.8349996,-0.71500015,1.6329163,1.8160515,-3.9359512,-1.4401441,38557.234,34914.504,0.2,0.2,2.0,6.778141,36.36,192.58769,10.36,1.3421282,19.894999,0.022274256,269272.75,177046.22,16.600002,16.600002,54.0,60.39,8.293364,7
2025-01-08 16:00:00+00:00,3040.0,3.935,-2.565,0.39333335,1.516212,-5.6728516,-2.5956485,38592.32,23470.492,3.0,3.0,18.0,6.391901,36.36,101.24639,6.57,0.9338811,20.288332,-2.5733743,307865.06,200516.72,19.600002,19.600002,72.0,66.96,9.227244,8
2025-01-09 16:00:00+00:00,3040.0,1.185,-2.4650002,-0.9920836,-2.0035,-5.742837,-4.380779,38629.453,9349.318,1.9000002,1.9000002,13.0,8.260411,33.839996,85.285355,5.03,0.6373676,19.296247,-6.954153,346494.5,209866.03,21.500002,21.500002,85.0,71.99,9.864612,9
2025-01-10 16:00:00+00:00,3040.0,0.33500004,-2.065,-1.2254167,-2.2088969,-5.585454,-4.2234015,38668.555,22963.158,4.899999,4.899999,24.0,7.186487,32.399998,113.15091,5.79,0.73132885,18.070831,-11.177555,385163.06,232829.19,26.400002,26.400002,109.0,77.78,10.595941,10
2025-01-11 16:00:00+00:00,3040.0,3.185,-2.815,-0.29208338,0.0070562363,-5.9802256,-3.434837,38709.555,33697.19,0.2,0.2,2.0,7.5363917,31.319998,87.15793,10.23,1.2781554,17.778748,-14.612392,423872.62,266526.38,26.600002,26.600002,111.0,88.009995,11.874096,11
2025-01-12 16:00:00+00:00,3040.0,6.435,-3.565,1.6391665,3.7452784,-7.5558143,-1.7020313,38752.363,35701.605,0.0,0.0,0.0,7.7879906,34.56,152.83784,11.62,1.5891525,19.417913,-16.314425,462625.0,302227.97,26.600002,26.600002,111.0,99.63,13.463248,12
2025-01-13 16:00:00+00:00,3040.0,7.935,-1.565,3.07875,5.336705,-4.721745,0.23398948,38796.914,35703.875,0.8,0.8,3.0,6.601363,36.719997,199.97096,13.68,1.8558096,22.496664,-16.080435,501421.9,337931.84,27.400002,27.400002,114.0,113.31,15.319057,13
2025-01-14 16:00:00+00:00,3040.0,3.0349998,-1.315,1.3162498,0.35892582,-4.894833,-1.5075592,38843.12,1038.4977,10.300002,10.300002,22.0,8.649369,37.079998,74.11607,3.05,0.4356876,23.812914,-17.587994,540265.0,338970.34,37.700005,37.700005,136.0,116.36,15.7547455,14
2025-01-15 16:00:00+00:00,3040.0,4.085,-1.4150001,0.36833334,1.8177767,-4.68956,-2.602739,38890.914,30663.521,0.1,0.1,1.0,7.841888,33.12,110.24089,8.08,1.0744231,24.181248,-20.190733,579155.94,369633.88,37.800003,37.800003,137.0,124.44,16.829168,15
2025-01-16 16:00:00+00:00,3040.0,5.8349996,-1.6650001,1.7079166,3.1911974,-5.1523685,-1.3769416,38940.215,33221.797,0.0,0.0,0.0,7.282774,28.08,119.293076,9.23,1.2979175,25.889164,-21.567675,618096.1,402855.7,37.800003,37.800003,137.0,133.67,18.127087,16
2025-01-17 16:00:00+00:00,3040.0,4.8349996,0.58500004,1.8891665,1.7716527,-2.6182837,-1.009635,38990.95,25911.182,0.6,0.6,6.0,7.289445,41.399998,194.71971,8.08,1.0869243,27.77833,-22.577309,657087.06,428766.88,38.4,38.4,143.0,141.75,19.21401,17
2025-01-18 16:00:00+00:00,3040.0,5.235,0.58500004,2.1558335,2.5751557,-2.1300337,-0.5021035,39043.047,31130.654,2.9,2.9,16.0,6.1569467,33.48,247.81857,7.87,1.0491831,29.934164,-23.079412,696130.1,459897.53,41.300003,41.300003,159.0,149.62,20.263193,18
2025-01-19 16:00:00+00:00,3040.0,6.0849996,-1.5150001,1.6495833,3.449893,-5.0763955,-1.3341182,39096.43,35746.566,0.1,0.1,1.0,7.3469996,34.56,142.46342,11.2,1.488715,31.583748,-24.41353,735226.56,495644.1,41.4,41.4,160.0,160.81999,21.751907,19
2025-01-20 16:00:00+00:00,3040.0,6.985,-1.315,2.59125,4.532856,-5.064146,-0.48553875,39151.023,35758.555,0.1,0.1,1.0,7.7900705,26.64,144.24898,11.89,1.6675563,34.175,-24.899069,774377.56,531402.6,41.5,41.5,161.0,172.70999,23.419464,20
2025-01-21 16:00:00+00:00,3040.0,4.935,0.28499985,2.1474998,1.6544251,-2.5918748,-0.78927976,39206.76,35599.79,1.7000002,1.7000002,7.0,7.9383874,35.28,201.80145,11.53,1.4582902,36.3225,-25.688349,813584.3,567002.44,43.2,43.2,168.0,184.23999,24.877754,21
2025-01-22 16:00:00+00:00,3040.0,6.3849998,-0.5150001,2.512083,3.134818,-3.453429,-0.40524635,39263.562,35786.742,0.4,0.4,3.0,9.422101,45.0,243.43504,11.9,1.5608286,38.83458,-26.093596,852847.9,602789.2,43.600002,43.600002,171.0,196.13998,26.438583,22
2025-01-23 16:00:00+00:00,3040.0,7.935,-0.21500015,3.3183334,5.0471106,-3.43413,0.44088992,39321.37,34388.4,0.6,0.6,5.0,6.015878,35.28,103.48304,12.17,1.7409194,42.152912,-25.652706,892169.25,637177.56,44.2,44.2,176.0,208.30998,28.179502,23
2025-01-24 16:00:00+00:00,3040.0,7.2850003,-0.015000105,3.3391666,4.632003,-2.959132,0.51241183,39380.105,34488.227,0.9000001,0.9000001,9.0,6.0721655,33.12,81.21235,10.71,1.5331066,45.49208,-25.140295,931549.4,671665.8,45.100002,45.100002,185.0,219.01999,29.712608,24
2025-01-25 16:00:00+00:00,3040.0,5.485,-1.365,2.0349998,2.480297,-4.520024,-0.7847921,39439.695,32645.441,5.2000003,5.2000003,13.0,6.050785,34.92,17.020576,9.77,1.3257058,47.52708,-25.925087,970989.06,704311.25,50.300003,50.300003,198.0,228.79,31.038315,25
2025-01-26 16:00:00+00:00,3040.0,-1.6650001,-5.0150003,-3.3462503,-4.888537,-8.814056,-6.7357254,39500.098,10001.849,8.7,5.9,16.0,6.302571,32.760002,37.29595,3.86,0.447836,44.180832,-32.660812,1010489.2,714313.1,59.000004,56.200005,214.0,232.65,31.48615,26
2025-01-27 16:00:00+00:00,3040.0,2.585,-7.2650003,-2.9108336,-0.09974241,-11.375288,-6.617807,39561.836,35882.156,0.0,0.0,0.0,5.994297,31.319998,101.38301,15.84,1.8240116,41.269997,-39.278618,1050051.0,750195.25,59.000004,56.200005,214.0,248.48999,33.31016,27
2025-01-28 16:00:00+00:00,3040.0,2.5349998,-5.565,-1.7712499,-0.56741405,-9.579425,-5.3867126,39625.152,35905.87,0.0,0.0,0.0,7.42159,29.16,145.99352,12.97,1.5749117,39.498745,-44.66533,1089676.1,786101.1,59.000004,56.200005,214.0,261.46,34.885075,28
2025-01-29 16:00:00+00:00,3040.0,5.735,-2.765,0.85791665,2.8568945,-6.2274647,-2.344789,39689.95,35931.19,0.0,0.0,0.0,6.945761,31.68,168.39766,13.51,1.7326254,40.356663,-47.010117,1129366.1,822032.3,59.000004,56.200005,214.0,274.97,36.6177,29
2025-01-30 16:00:00+00:00,3040.0,5.235,-1.565,1.9745833,3.3370438,-4.9366865,-0.6443842,39756.145,13416.853,2.4000003,2.4000003,14.0,6.489992,33.839996,149.67645,5.62,0.8662595,42.331245,-47.6545,1169122.2,835449.2,61.400005,58.600006,228.0,280.59,37.48396,30
2025-01-31 16:00:00+00:00,3040.0,8.035,2.9850001,5.305833,6.318206,1.1064072,3.6330364,39823.637,27565.346,10.999999,10.999999,22.0,4.39436,29.88,86.58913,8.06,1.2286183,47.637077,-44.02146,1208945.9,863014.56,72.4,69.600006,250.0,288.65,38.712578,31
2025-02-01 16:00:00+00:00,3040.0,6.685,2.435,4.762083,4.1657314,0.12459087,2.6228745,39892.348,15986.371,2.0000002,2.0000002,14.0,5.6835546,42.48,245.86761,6.01,0.9653629,52.399162,-41.398586,1248838.2,879000.94,74.4,71.600006,264.0,294.66,39.67794,32
2025-02-02 16:00:00+00:00,3040.0,2.835,-1.2650001,0.94958353,0.44540596,-4.457755,-1.6683393,39962.18,3389.5679,4.9,4.9,20.0,5.5887027,33.839996,44.603077,3.84,0.5713729,53.348747,-43.066925,1288800.4,882390.5,79.3,76.50001,284.0,298.5,40.249313,33
2025-02-03 16:00:00+00:00,3040.0,1.435,-3.415,-1.1900002,-1.4534309,-6.9720087,-4.510546,40033.05,25187.916,2.0,1.9000001,11.0,7.689603,35.28,82.498146,8.52,0.97492576,52.15875,-47.577473,1328833.4,907578.44,81.3,78.40001,295.0,307.02,41.22424,34
2025-02-04 16:00:00+00:00,3040.0,1.435,-2.265,-0.6045832,-1.8441081,-5.748067,-3.8667786,40104.88,35899.81,2.1000001,2.1000001,17.0,8.197414,46.8,191.13702,9.62,1.0728692,51.554165,-51.444252,1368938.2,943478.25,83.4,80.50001,312.0,316.63998,42.297108,35
2025-02-05 16:00:00+00:00,3040.0,3.9850001,-1.315,1.2204165,0.9428768,-4.4264927,-1.6841912,40177.58,18475.248,1.2000002,1.2000002,12.0,7.172949,38.16,199.44011,6.86,0.9165356,52.774582,-53.128445,1409115.9,961953.5,84.6,81.700005,324.0,323.49997,43.213642,36
2025-02-06 16:00:00+00:00,3040.0,5.5350003,-0.81500006,1.8725,3.2758985,-4.299068,-0.9055314,40251.066,25715.926,2.0000002,2.0000002,18.0,7.814986,38.519997,99.64922,6.53,0.9619977,54.647083,-54.033978,1449367.0,987669.44,86.6,83.700005,342.0,330.02997,44.17564,37
2025-02-07 16:00:00+00:00,3040.0,2.435,-1.4150001,-0.02333332,-0.2141633,-4.81505,-3.2340863,40325.258,3608.4656,1.8000003,1.8000003,18.0,7.9138603,37.8,89.869194,5.09,0.6609002,54.62375,-57.268063,1489692.2,991277.9,88.4,85.50001,360.0,335.11996,44.83654,38
2025-02-08 16:00:00+00:00,3040.0,4.985,-1.0150001,1.3433332,2.2311268,-3.9735374,-1.6025485,40400.086,25271.516,0.1,0.1,1.0,8.0899935,31.319998,116.6418,8.26,1.1364635,55.967083,-58.87061,1530092.4,1016549.4,88.5,85.600006,361.0,343.37997,45.973003,39
2025-02-09 16:00:00+00:00,3040.0,6.5350003,0.13499999,2.7891665,3.6675467,-2.8610215,-0.08116958,40475.457,36198.92,0.0,0.0,0.0,7.0407386,41.399998,176.01181,12.24,1.6389081,58.75625,-58.95178,1570567.9,1052748.2,88.5,85.600006,361.0,355.61996,47.61191,40
2025-02-10 16:00:00+00:00,3040.0,9.535,-0.31500006,4.543333,7.8060884,-3.218497,2.0328915,40551.3,36090.363,0.0,0.0,0.0,6.21717,33.839996,171.89433,16.13,2.304105,63.299583,-56.918888,1611119.1,1088838.6,88.5,85.600006,361.0,371.74997,49.916016,41
2025-02-11 16:00:00+00:00,3040.0,7.7850003,3.7350001,5.7808337,6.87218,1.3914423,4.3181853,40627.535,0.0,31.499998,31.499998,21.0,4.510787,28.08,131.52614,2.62,0.54444575,69.080414,-52.600704,1651746.6,1088838.6,120.0,117.100006,382.0,374.36996,50.46046,42
2025-02-12 16:00:00+00:00,3040.0,6.2850003,3.585,4.851666,4.672305,0.9694896,2.561848,40704.09,0.0,39.699997,39.699997,18.0,8.723967,39.6,108.25902,2.87,0.50458646,73.93208,-50.038857,1692450.8,1088838.6,159.7,156.8,400.0,377.23996,50.965046,43
2025-02-13 16:00:00+00:00,3040.0,7.985,4.035,5.8391666,6.3574467,1.6188645,3.7946022,40780.895,27387.129,0.70000005,0.70000005,7.0,6.8423676,39.6,185.99876,8.19,1.1877784,79.77125,-46.244255,1733231.6,1116225.8,160.4,157.5,407.0,385.42996,52.152824,44
2025-02-14 16:00:00+00:00,3040.0,10.523,2.9729998,5.752167,7.278984,-0.04942417,2.6914606,40861.03,37019.0,0.0,0.0,0.0,14.8257065,83.159996,230.30872,18.94,2.5616395,85.523415,-43.552795,1774092.6,1153244.8,160.4,157.5,407.0,404.36996,54.714462,45
2025-02-15 16:00:00+00:00,3040.0,10.873,2.5729997,5.8000846,8.6200695,-0.7291775,2.5918207,40938.027,37681.11,0.0,0.0,0.0,14.021525,76.32,242.61916,21.11,2.9995096,91.3235,-40.960976,1815030.6,1190925.9,160.4,157.5,407.0,425.47998,57.71397,46
2025-02-16 16:00:00+00:00,3040.0,10.623,1.6229999,4.97925,8.402737,-1.984662,1.7620779,41015.715,37584.64,0.0,0.0,0.0,13.202726,74.159996,255.86816,21.27,2.9171896,96.30275,-39.1989,1856046.4,1228510.5,160.4,157.5,407.0,446.74997,60.63116,47
2025-02-17 16:00:00+00:00,3040.0,6.123,0.7229998,2.9084165,2.3703227,-2.4289832,-0.52360034,41094.363,35202.11,0.1,0.0,1.0,13.363711,76.67999,263.24527,12.95,1.629242,99.21117,-39.7225,1897140.8,1263712.6,160.5,157.5,408.0,459.69998,62.260403,48
2025-02-18 16:00:00+00:00,3040.0,6.273,0.3729999,2.74175,3.0029407,-2.7073088,-0.512688,41173.9,36000.0,0.0,0.0,0.0,12.620554,67.32,265.19107,14.99,1.8492126,101.95292,-40.235188,1938314.6,1299712.6,160.5,157.5,408.0,474.68997,64.10962,49
2025-02-19 16:00:00+00:00,3040.0,6.4730005,0.32299995,2.8938334,2.8806105,-2.8650975,-0.32282123,41254.234,36132.727,0.0,0.0,0.0,11.928989,60.839996,260.98447,14.45,1.8199335,104.846756,-40.55801,1979568.9,1335845.4,160.5,157.5,408.0,489.13998,65.92955,50
2025-02-20 16:00:00+00:00,3040.0,5.773,0.9729998,2.8250835,2.3592396,-1.9624457,-0.3823428,41335.316,33053.52,0.5,0.0,5.0,11.367109,66.24,261.65482,10.57,1.3426055,107.67184,-40.940353,2020904.2,1368898.9,161.0,157.5,413.0,499.71,67.272156,51
2025-02-21 16:00:00+00:00,3040.0,7.123,0.523,3.3209162,3.415125,-2.6620934,0.09782159,41417.047,36279.95,0.0,0.0,0.0,13.627795,74.520004,251.7605,15.92,1.9867982,110.99275,-40.842533,2062321.2,1405178.9,161.0,157.5,413.0,515.63,69.25896,52
2025-02-22 16:00:00+00:00,3040.0,3.773,1.8229997,2.5521662,0.80287933,-1.1649299,-0.3826261,41499.37,0.0,2.3999999,2.0,11.0,9.47012,59.399998,262.50427,3.23,0.54069406,113.54492,-41.22516,2103820.5,1405178.9,163.4,159.5,424.0,518.86,69.79965,53
2025-02-23 16:00:00+00:00,3040.0,5.7230005,0.4230001,2.7584164,1.9276328,-2.9014003,-0.4953488,41582.22,37976.79,0.0,0.0,0.0,13.324863,68.4,259.52332,14.93,1.7753593,116.30334,-41.72051,2145402.8,1443155.6,163.4,159.5,424.0,533.79,71.57501,54
2025-02-24 16:00:00+00:00,3040.0,8.273,-0.477,3.3313334,6.561741,-3.8514585,0.4040518,41665.504,38981.145,0.0,0.0,0.0,10.182337,50.399998,253.72366,19.48,2.4878075,119.634674,-41.316456,2187068.2,1482136.8,163.4,159.5,424.0,553.26996,74.06282,55
2025-02-25 16:00:00+00:00,3040.0,5.9230003,1.523,3.6188326,3.2282305,-1.9846687,0.8502057,41749.17,4709.1245,2.1,2.1,9.0,6.924738,50.039997,259.42416,8.49,1.2285855,123.25351,-40.46625,2228817.5,1486845.9,165.5,161.6,433.0,561.75995,75.291405,56
2025-02-26 16:00:00+00:00,3040.0,7.073,2.773,4.5521665,4.2113094,0.24480963,2.091254,41833.15,33750.668,0.0,0.0,0.0,9.746631,55.079998,244.67264,10.88,1.4765605,127.80568,-38.374996,2270650.8,1520596.5,165.5,161.6,433.0,572.63995,76.76797,57
2025-02-27 16:00:00+00:00,3040.0,13.368,2.9729998,7.251125,12.344959,0.4519949,5.170279,41917.367,34472.758,0.9000001,0.0,6.0,6.151683,43.92,212.85571,20.2,3.170242,135.05681,-33.204716,2312568.0,1555069.2,166.4,161.6,439.0,592.83997,79.93821,58
2025-02-28 16:00:00+00:00,3040.0,12.917999,3.5179996,7.0784154,10.142817,0.27624702,4.18196,42001.758,38674.652,0.0,0.0,0.0,12.979984,21.96,227.16109,18.07,2.8056383,142.13522,-29.022755,2354569.8,1593743.9,166.4,161.6,439.0,610.91,82.74385,59
2025-03-01 16:00:00+00:00,3040.0,11.667999,3.1179996,6.376333,10.315442,-0.33938408,3.4980192,42086.26,39423.543,2.4000003,0.0,12.0,13.684735,20.880001,240.11829,22.13,2.999911,148.51155,-25.524734,2396656.0,1633167.4,168.79999,161.6,451.0,633.04,85.74376,60
2025-03-02 16:00:00+00:00,3040.0,10.218,2.8679996,5.932583,9.621921,-0.21895981,3.4189823,42170.805,39510.57,2.1,0.0,12.0,13.0447235,16.56,241.36276,23.64,2.9978535,154.44414,-22.105753,2438826.8,1672678.0,170.9,161.6,463.0,656.68,88.741615,61
2025-03-03 16:00:00+00:00,3040.0,12.518,2.218,6.5346665,10.881395,-0.82650757,3.6152356,42255.324,39597.457,0.0,0.0,0.0,11.298495,15.119999,245.40424,21.98,3.2075644,160.9788,-18.490517,2481082.0,1712275.5,170.9,161.6,463.0,678.66,91.94918,62
2025-03-04 16:00:00+00:00,3040.0,5.1679997,3.1679997,4.3700833,2.2209167,0.15677786,1.4125319,42339.758,0.0,3.3,3.3,15.0,13.104198,19.8,242.48651,1.58,0.34943864,165.34889,-17.077984,2523421.8,1712275.5,174.2,164.90001,478.0,680.24,92.29862,63
2025-03-05 16:00:00+00:00,3040.0,4.0679994,-1.5320003,1.8721663,0.19408178,-5.3042784,-1.6863772,42424.035,27141.625,0.0,0.0,0.0,14.332341,16.919998,251.6636,8.29,0.95835143,167.22105,-18.76436,2565845.8,1739417.1,174.2,164.90001,478.0,688.52997,93.25697,64
2025-03-06 16:00:00+00:00,3040.0,6.4179997,-2.9320002,1.1242496,4.490567,-6.334929,-2.1051843,42508.098,39856.523,0.0,0.0,0.0,10.966713,16.199999,237.81488,22.13,2.6230977,168.3453,-20.869545,2608353.8,1779273.6,174.2,164.90001,478.0,710.66,95.88007,65
2025-03-07 16:00:00+00:00,3040.0,7.8679996,-3.9320002,1.445083,6.5189753,-7.620949,-1.5995407,42591.895,39942.13,0.0,0.0,0.0,8.854829,11.5199995,221.26039,21.85,2.8040063,169.79039,-22.469086,2650945.8,1819215.8,174.2,164.90001,478.0,732.50995,98.68408,66
