date,elevation,temperature_2m_max,temperature_2m_min,temperature_2m_mean,apparent_temperature_max,apparent_temperature_min,apparent_temperature_mean,daylight_duration,sunshine_duration,precipitation_sum,rain_sum,precipitation_hours,wind_speed_10m_max,wind_gusts_10m_max,wind_direction_10m_dominant,shortwave_radiation_sum,et0_fao_evapotranspiration,cumulative_temperature_2m_mean,cumulative_apparent_temperature_mean,cumulative_daylight_duration,cumulative_sunshine_duration,cumulative_precipitation_sum,cumulative_rain_sum,cumulative_precipitation_hours,cumulative_shortwave_radiation_sum,cumulative_et0_fao_evapotranspiration,day
2025-01-01 16:00:00+00:00,503.0,17.185,15.235001,16.36,17.178331,15.898079,16.519548,38676.88,1302.1768,8.400001,8.400001,24.0,14.133152,30.239998,30.38029,2.75,0.6361067,16.36,16.519548,38676.88,1302.1768,8.400001,8.400001,24.0,2.75,0.6361067,1
2025-01-02 16:00:00+00:00,503.0,16.335,13.035001,14.993335,15.768499,10.633739,13.58989,38699.535,161.05087,12.200001,12.200001,24.0,20.473368,46.079998,30.470474,2.51,0.6842805,31.353336,30.109438,77376.414,1463.2277,20.600002,20.600002,48.0,5.26,1.3203872,2
2025-01-03 16:00:00+00:00,503.0,16.535,12.785001,14.201667,14.753347,10.443442,12.366482,38723.855,35838.203,3.4999998,3.4999998,16.0,18.204042,42.839996,31.487408,11.78,1.9628907,45.555004,42.47592,116100.266,37301.43,24.100002,24.100002,64.0,17.04,3.283278,3
2025-01-04 16:00:00+00:00,503.0,18.185,13.035001,15.230834,18.45528,12.81432,15.419856,38749.816,35866.78,2.7999995,2.7999995,18.0,6.66,19.44,32.324337,10.27,1.7393229,60.78584,57.89578,154850.08,73168.21,26.900002,26.900002,82.0,27.310001,5.022601,4
2025-01-05 16:00:00+00:00,503.0,15.785001,12.435,14.072499,14.585331,10.197109,12.839379,38777.395,31309.512,4.6,4.6,19.0,16.276815,38.16,38.63221,10.45,1.6405783,74.85834,70.73516,193627.47,104477.72,31.500002,31.500002,101.0,37.760002,6.6631794,5
2025-01-06 16:00:00+00:00,503.0,15.085,11.485001,12.928752,13.646818,9.66796,11.280311,38806.574,26535.045,5.2,5.2,23.0,14.77755,30.599998,44.570526,8.83,1.5070168,87.78709,82.01547,232434.05,131012.766,36.7,36.7,124.0,46.590004,8.170197,6
2025-01-07 16:00:00+00:00,503.0,16.335,11.135,13.547502,16.391811,9.985994,13.036743,38837.65,35892.234,8.0,8.0,24.0,8.827343,24.84,34.84783,12.7,1.8793812,101.33459,95.052216,271271.7,166905.0,44.7,44.7,148.0,59.290005,10.049578,7
2025-01-08 16:00:00+00:00,503.0,14.835,11.185,13.199585,12.965797,8.850943,11.393184,38870.72,26028.883,8.1,8.1,23.0,19.119015,43.92,31.21834,9.37,1.3456017,114.53417,106.4454,310142.4,192933.88,52.800003,52.800003,171.0,68.66,11.39518,8
2025-01-09 16:00:00+00:00,503.0,12.235001,10.185,11.082916,9.532705,7.157873,8.3029995,38905.73,3039.7444,11.199999,11.199999,24.0,19.373219,43.199997,34.80576,3.93,0.78170973,125.61709,114.7484,349048.12,195973.62,64.0,64.0,195.0,72.590004,12.176889,9
2025-01-10 16:00:00+00:00,503.0,12.785001,9.935,11.018333,11.323435,7.3521976,8.98631,38942.594,6884.7637,12.0,12.0,23.0,16.434305,35.64,37.57472,4.9,0.8163003,136.63542,123.73471,387990.72,202858.39,76.0,76.0,218.0,77.490005,12.99319,10
2025-01-11 16:00:00+00:00,503.0,13.135,10.435,11.362084,11.027306,7.867173,9.168305,38981.24,31265.715,6.799999,6.799999,24.0,16.940096,39.96,37.32297,9.98,1.4312627,147.99751,132.90302,426971.97,234124.11,82.8,82.8,242.0,87.47,14.424453,11
2025-01-12 16:00:00+00:00,503.0,14.985001,10.135,12.045419,12.925329,7.6266184,9.948541,39021.6,33370.39,1.9000002,1.9000002,12.0,13.479583,32.760002,41.73993,13.37,2.0776772,160.04294,142.85156,465993.56,267494.5,84.700005,84.700005,254.0,100.840004,16.50213,12
2025-01-13 16:00:00+00:00,503.0,18.234999,9.485001,14.026668,18.608807,7.823676,13.575111,39063.6,35877.863,0.7,0.7,6.0,7.040739,21.24,29.024277,15.21,2.3960774,174.06961,156.42667,505057.16,303372.38,85.4,85.4,260.0,116.05,18.898209,13
2025-01-14 16:00:00+00:00,503.0,15.135,11.535001,14.014168,15.138588,8.833179,13.080757,39107.168,0.0,20.3,20.3,24.0,20.129442,45.719997,31.886974,1.86,0.48596784,188.08377,169.50742,544164.3,303372.38,105.7,105.7,284.0,117.91,19.384176,14
2025-01-15 16:00:00+00:00,503.0,13.035001,10.685,11.564166,10.781886,8.105953,9.209467,39152.227,15981.027,7.5,7.5,24.0,16.87398,37.44,42.242905,7.14,1.2458248,199.64793,178.71689,583316.56,319353.4,113.2,113.2,308.0,125.05,20.630001,15
2025-01-16 16:00:00+00:00,503.0,13.485001,10.535001,11.695418,11.339275,8.130996,9.503139,39198.72,31147.762,4.2000003,4.2000003,20.0,14.387619,35.28,39.321114,9.89,1.5667683,211.34335,188.22003,622515.25,350501.16,117.399994,117.399994,328.0,134.94,22.19677,16
2025-01-17 16:00:00+00:00,503.0,14.885,10.835,12.874584,14.172081,8.549709,11.7178755,39246.555,24381.14,3.9000003,3.9000003,15.0,12.503199,28.8,36.2423,7.75,1.3961725,224.21794,199.93791,661761.8,374882.3,121.299995,121.299995,343.0,142.69,23.592941,17
2025-01-18 16:00:00+00:00,503.0,17.585,13.385,14.812083,18.506027,12.783432,14.9603195,39295.684,35884.676,14.499999,14.499999,18.0,11.032987,23.039999,53.736774,11.05,1.6907032,239.03003,214.89822,701057.5,410767.0,135.79999,135.79999,361.0,153.74,25.283644,18
2025-01-19 16:00:00+00:00,503.0,16.785,12.635,14.049583,16.70917,11.048894,12.889916,39346.023,35605.047,7.1000004,7.1000004,18.0,12.96125,28.8,40.920635,14.52,2.2612383,253.07962,227.78815,740403.5,446372.06,142.9,142.9,379.0,168.26001,27.544882,19
2025-01-20 16:00:00+00:00,503.0,15.885,12.035001,13.926669,14.702812,10.932747,12.643051,39397.508,35921.88,3.699999,3.699999,18.0,12.992459,36.36,36.737663,12.45,1.9664145,267.0063,240.4312,779801.0,482293.94,146.59999,146.59999,397.0,180.71,29.511295,20
2025-01-21 16:00:00+00:00,503.0,16.435,13.085,14.557918,16.969872,11.966667,14.3457155,39450.074,17258.018,2.0000002,2.0000002,13.0,8.383054,21.96,23.670557,5.94,1.1717422,281.5642,254.77692,819251.06,499551.97,148.59999,148.59999,410.0,186.65001,30.683037,21
2025-01-22 16:00:00+00:00,503.0,20.035,13.435,16.312082,20.23558,13.720154,16.745123,39503.645,35946.7,18.1,18.1,13.0,12.710091,29.16,170.89749,13.8,2.1826553,297.87628,271.52203,858754.7,535498.7,166.7,166.7,423.0,200.45001,32.865692,22
2025-01-23 16:00:00+00:00,503.0,18.585,15.035001,16.234999,19.06523,14.848341,16.241982,39558.168,32205.984,7.2999997,7.2999997,18.0,10.564941,27.0,40.67244,11.62,1.8897367,314.11127,287.764,898312.9,567704.7,174.0,174.0,441.0,212.07,34.75543,23
2025-01-24 16:00:00+00:00,503.0,18.035,14.035001,15.564168,18.361042,13.708258,15.197543,39613.566,34370.41,10.1,10.1,22.0,13.437455,34.92,33.612633,13.27,1.9763157,329.67545,302.96155,937926.44,602075.1,184.1,184.1,463.0,225.34001,36.731743,24
2025-01-25 16:00:00+00:00,503.0,15.685,13.185,14.441249,15.079439,11.873575,13.658714,39669.773,30803.445,15.800001,15.800001,24.0,15.013554,28.44,34.28135,9.69,1.4482126,344.1167,316.62027,977596.2,632878.56,199.90001,199.90001,487.0,235.03001,38.179955,25
2025-01-26 16:00:00+00:00,503.0,12.885,9.485001,11.26625,11.443849,6.3614826,8.9301,39726.75,3600.0,24.600002,24.600002,24.0,18.183563,39.6,39.687145,3.62,0.6485682,355.38293,325.55038,1017322.94,636478.56,224.50002,224.50002,511.0,238.65001,38.82852,26
2025-01-27 16:00:00+00:00,503.0,12.335,9.435,10.514168,10.107204,6.199398,7.722994,39784.992,19775.756,4.1,4.1,22.0,17.077248,37.079998,42.952385,7.47,1.3315287,365.8971,333.27338,1057107.9,656254.3,228.60002,228.60002,533.0,246.12001,40.16005,27
2025-01-28 16:00:00+00:00,503.0,12.085,9.585,10.605835,10.100865,6.852895,8.177693,39844.72,8094.0645,6.7000003,6.7000003,24.0,14.681866,34.2,45.118004,6.89,1.1943262,376.50293,341.45108,1096952.6,664348.4,235.30002,235.30002,557.0,253.01001,41.354374,28
2025-01-29 16:00:00+00:00,503.0,15.585,10.235001,12.676666,14.504934,8.239265,11.2103615,39905.85,36057.156,3.7,3.7,19.0,10.441551,26.28,39.227406,13.59,2.0825179,389.1796,352.66144,1136858.5,700405.5,239.00002,239.00002,576.0,266.6,43.436893,29
2025-01-30 16:00:00+00:00,503.0,17.234999,12.085,14.5225,18.417137,10.958564,14.596146,39968.3,13362.634,15.799999,15.799999,24.0,8.885877,21.599998,11.784143,4.79,0.92386687,403.7021,367.25757,1176826.8,713768.1,254.80002,254.80002,600.0,271.39,44.36076,30
2025-01-31 16:00:00+00:00,503.0,19.185,15.085,16.982914,20.661928,15.917227,18.176844,40031.984,21708.428,18.400002,18.400002,23.0,8.0599,20.519999,55.79113,8.0,1.4270245,420.685,385.43442,1216858.8,735476.56,273.2,273.2,623.0,279.39,45.787785,31
2025-02-01 16:00:00+00:00,503.0,17.935,14.485001,16.122498,18.32111,14.400629,16.176416,40096.812,32206.615,17.0,17.0,24.0,12.320471,32.760002,48.106594,11.72,1.7933011,436.8075,401.61084,1256955.5,767683.2,290.2,290.2,647.0,291.11002,47.581085,32
2025-02-02 16:00:00+00:00,503.0,16.035,11.685,13.974584,15.265705,9.128909,12.933188,40162.703,27074.348,19.399998,19.399998,24.0,18.000898,40.32,42.230885,9.22,1.3495333,450.78207,414.54404,1297118.2,794757.56,309.6,309.6,671.0,300.33002,48.93062,33
2025-02-03 16:00:00+00:00,503.0,12.285001,9.635,10.824585,10.062965,6.6854525,8.201099,40229.582,8298.871,8.6,8.6,24.0,18.472595,41.399998,38.858658,5.28,0.95819247,461.60666,422.74515,1337347.9,803056.44,318.2,318.2,695.0,305.61002,49.88881,34
2025-02-04 16:00:00+00:00,503.0,12.835,9.035001,11.032917,11.266267,6.5148478,9.262939,40297.36,22380.86,9.599999,9.599999,24.0,13.33094,29.519999,54.264435,8.8,1.3682864,472.6396,432.0081,1377645.2,825437.3,327.80002,327.80002,719.0,314.41,51.257095,35
2025-02-05 16:00:00+00:00,503.0,15.985,11.185,13.564168,16.059229,10.71741,13.530873,40365.97,29947.367,9.800001,9.800001,24.0,8.131936,19.08,71.56497,9.62,1.511911,486.20377,445.53897,1418011.2,855384.7,337.6,337.6,743.0,324.03,52.769005,36
2025-02-06 16:00:00+00:00,503.0,15.935,10.685,13.720417,14.317707,7.752596,12.213745,40435.316,32260.922,6.3999996,6.3999996,21.0,20.81239,46.8,33.868137,13.14,1.820429,499.9242,457.75272,1458446.6,887645.6,344.0,344.0,764.0,337.17,54.589436,37
2025-02-07 16:00:00+00:00,503.0,10.835,8.585,9.86625,7.5732603,5.4208345,6.6235123,40505.344,6747.08,8.0,8.0,24.0,19.986485,45.719997,39.670013,6.73,1.0739139,509.79044,464.37622,1498952.0,894392.7,352.0,352.0,788.0,343.90002,55.66335,38
2025-02-08 16:00:00+00:00,503.0,11.885,8.685,10.280833,9.33366,6.070874,7.7183127,40575.965,10620.654,8.6,8.6,24.0,15.914484,36.0,42.12275,7.63,1.1330069,520.0713,472.09454,1539528.0,905013.3,360.6,360.6,812.0,351.53003,56.796356,39
2025-02-09 16:00:00+00:00,503.0,15.285001,10.085,12.485002,14.308842,7.691452,10.926773,40647.1,36000.0,3.4999998,3.4999998,21.0,13.151091,28.44,43.77829,14.2,2.1288724,532.5563,483.0213,1580175.1,941013.3,364.1,364.1,833.0,365.73004,58.92523,40
2025-02-10 16:00:00+00:00,503.0,17.685,11.435,14.84125,18.672241,10.205773,14.84932,40718.69,34037.332,4.5,4.5,23.0,7.7588143,21.24,32.929424,11.08,1.8387961,547.3975,497.87064,1620893.9,975050.6,368.6,368.6,856.0,376.81003,60.764023,41
2025-02-11 16:00:00+00:00,503.0,17.885,15.285001,16.857918,19.7506,16.52867,18.522364,40790.65,0.0,29.999996,29.999996,24.0,4.846648,13.679999,158.03409,2.21,0.5458461,564.25543,516.393,1661684.5,975050.6,398.6,398.6,880.0,379.02002,61.309868,42
2025-02-12 16:00:00+00:00,503.0,17.435,13.735001,15.130834,18.789906,12.233292,14.273399,40862.918,0.0,50.899998,50.899998,24.0,20.436144,46.44,34.566143,3.02,0.5990844,579.3863,530.6664,1702547.4,975050.6,449.5,449.5,904.0,382.04,61.90895,43
2025-02-13 16:00:00+00:00,503.0,16.935,14.085,15.507916,17.449383,13.011196,15.213071,40935.42,8982.606,5.6999993,5.6999993,22.0,13.049689,30.239998,32.132534,6.12,1.124335,594.8942,545.87946,1743482.8,984033.25,455.2,455.2,926.0,388.16,63.033287,44
2025-02-14 16:00:00+00:00,503.0,20.835,15.785001,18.018332,22.690401,15.495293,19.109688,41008.09,34298.445,0.70000005,0.70000005,7.0,9.485504,22.68,29.339478,15.25,2.5252833,612.91254,564.98914,1784490.9,1018331.7,455.90002,455.90002,933.0,403.41,65.55857,45
2025-02-15 16:00:00+00:00,503.0,20.335,15.685,17.50583,21.003582,15.171894,17.967714,41080.87,36601.047,4.2999997,4.2999997,12.0,13.529966,29.519999,36.16965,15.38,2.4351108,630.4184,582.95685,1825571.8,1054932.8,460.2,460.2,945.0,418.79,67.99368,46
2025-02-16 16:00:00+00:00,503.0,16.685,13.335,14.914166,15.698387,11.733946,13.641107,41154.3,35884.945,3.6,3.6,18.0,16.641972,37.079998,40.92219,14.67,2.1934092,645.3326,596.59796,1866726.0,1090817.8,463.80002,463.80002,963.0,433.46002,70.187096,47
2025-02-17 16:00:00+00:00,503.0,17.529999,13.129999,15.088333,16.390556,11.671947,13.937743,41237.137,22862.06,0.0,0.0,0.0,13.854155,29.88,18.77189,8.64,1.708736,660.4209,610.5357,1907963.1,1113679.8,463.80002,463.80002,963.0,442.10004,71.89583,48
2025-02-18 16:00:00+00:00,503.0,16.58,14.08,15.09875,15.782673,13.228689,14.532337,41312.047,15004.133,0.0,0.0,0.0,11.609651,26.28,23.904068,6.42,1.2864374,675.51965,625.06805,1949275.1,1128683.9,463.80002,463.80002,963.0,448.52005,73.18227,49
2025-02-19 16:00:00+00:00,503.0,17.93,14.93,16.17375,18.91184,15.384171,17.054419,41387.715,14819.908,0.0,0.0,0.0,6.4096174,15.4800005,73.30072,6.06,1.1597614,691.6934,642.1225,1990662.9,1143503.8,463.80002,463.80002,963.0,454.58005,74.342026,50
2025-02-20 16:00:00+00:00,503.0,16.68,14.93,15.790417,17.169964,13.39357,15.509618,41464.086,2423.8408,0.3,0.0,1.0,15.277749,31.68,25.036827,2.12,0.7377755,707.4838,657.63214,2032127.0,1145927.6,464.1,463.80002,964.0,456.70004,75.0798,51
2025-02-21 16:00:00+00:00,503.0,18.33,14.18,15.857082,17.598686,12.833248,15.21766,41541.074,18828.906,0.0,0.0,0.0,12.475961,27.0,10.9602995,8.31,1.6910889,723.3409,672.8498,2073668.1,1164756.5,464.1,463.80002,964.0,465.01004,76.77089,52
2025-02-22 16:00:00+00:00,503.0,17.93,14.58,15.694584,17.601803,12.580898,14.862498,41618.62,13499.934,0.0,0.0,0.0,16.75064,36.36,26.698816,5.51,1.2955801,739.03546,687.7123,2115286.8,1178256.4,464.1,463.80002,964.0,470.52005,78.06647,53
2025-02-23 16:00:00+00:00,503.0,14.48,11.93,13.148749,12.339695,9.869247,10.861331,41696.66,741.91223,0.0,0.0,0.0,19.164717,42.12,21.244474,2.43,1.0850041,752.1842,698.5736,2156983.5,1178998.2,464.1,463.80002,964.0,472.95004,79.151474,54
2025-02-24 16:00:00+00:00,503.0,16.13,10.98,13.529999,15.243668,9.224196,12.5685625,41775.125,25447.041,0.0,0.0,0.0,10.661107,22.68,17.126211,12.03,1.9975159,765.71423,711.14215,2198758.5,1204445.2,464.1,463.80002,964.0,484.98004,81.14899,55
2025-02-25 16:00:00+00:00,503.0,18.13,12.18,15.079999,18.637022,11.586268,15.307671,41853.945,17984.652,0.70000005,0.0,5.0,7.208994,16.199999,359.99997,9.3,1.6551504,780.79425,726.4498,2240612.5,1222429.9,464.80002,463.80002,969.0,494.28003,82.80414,56
2025-02-26 16:00:00+00:00,503.0,17.83,14.83,16.365414,19.3879,15.53595,17.428707,41933.055,317.59415,1.3000001,0.0,7.0,5.771239,12.959999,248.33397,4.04,0.8640948,797.15967,743.87854,2282545.5,1222747.5,466.1,463.80002,976.0,498.32004,83.668236,57
2025-02-27 16:00:00+00:00,503.0,21.63,15.58,18.246668,23.59564,16.306725,19.652538,42012.402,36006.004,0.0,0.0,0.0,7.7043357,18.72,46.218815,15.92,2.7794123,815.4063,763.53107,2324558.0,1258753.5,466.1,463.80002,976.0,514.24005,86.44765,58
2025-02-28 16:00:00+00:00,503.0,21.779999,14.43,18.229998,23.31935,14.321508,19.477848,42091.914,37121.668,0.0,0.0,0.0,8.669949,19.8,185.31444,15.08,2.6347487,833.6363,783.0089,2366650.0,1295875.1,466.1,463.80002,976.0,529.32007,89.0824,59
2025-03-01 16:00:00+00:00,503.0,22.83,16.58,19.371668,24.757998,17.530424,21.159286,42171.527,37107.035,0.0,0.0,0.0,9.885262,24.48,190.74376,15.72,2.7697845,853.00793,804.1682,2408821.5,1332982.1,466.1,463.80002,976.0,545.04004,91.85218,60
2025-03-02 16:00:00+00:00,503.0,25.941,17.98,21.15354,28.958775,19.772593,23.8458,42251.188,37088.035,0.9000001,0.0,9.0,12.768586,15.84,180.93916,18.06,3.3068635,874.1615,828.01404,2451072.8,1370070.1,467.0,463.80002,985.0,563.10004,95.15904,61
2025-03-03 16:00:00+00:00,503.0,23.691,13.941,19.016,26.350492,13.469875,20.721367,42330.824,39272.324,0.3,0.0,3.0,10.495713,28.08,45.203205,17.7,3.0850387,893.1775,848.7354,2493403.5,1409342.5,467.3,463.80002,988.0,580.80005,98.24408,62
2025-03-04 16:00:00+00:00,503.0,17.341,10.540999,13.27225,16.601461,8.372002,11.852557,42410.387,34795.54,0.0,0.0,0.0,15.484185,41.399998,26.00476,14.61,2.1654923,906.44977,860.58795,2535814.0,1444138.0,467.3,463.80002,988.0,595.41003,100.40957,63
2025-03-05 16:00:00+00:00,503.0,18.941,9.290999,13.330585,19.220787,7.0919094,12.002972,42489.8,38866.94,0.0,0.0,0.0,13.708391,37.44,14.608973,19.31,3.073102,919.78033,872.59094,2578303.8,1483005.0,467.3,463.80002,988.0,614.72003,103.48267,64
2025-03-06 16:00:00+00:00,503.0,21.791,12.441,16.228498,23.161741,12.070419,16.389566,42569.01,38790.055,0.0,0.0,0.0,8.707238,21.599998,46.626205,19.07,3.2507663,936.00885,888.9805,2620872.8,1521795.0,467.3,463.80002,988.0,633.79004,106.73344,65
2025-03-07 16:00:00+00:00,503.0,21.191,13.191,16.165998,22.337873,12.31303,15.657254,42647.973,40018.703,0.0,0.0,0.0,11.525623,25.56,15.585034,21.54,3.550231,952.17487,904.63776,2663520.8,1561813.8,467.3,463.80002,988.0,655.33,110.28367,66
2025-03-08 16:00:00+00:00,503.0,22.741,13.240999,17.703499,24.127577,12.49011,18.198895,42727.188,37649.984,0.0,0.0,0.0,9.255571,18.359999,26.680006,16.88,3.0708094,969.87836,922.8367,2706248.0,1599463.8,467.3,463.80002,988.0,672.21,113.35448,67
2025-03-09 16:00:00+00:00,503.0,22.640999,16.741,18.218082,22.775038,17.728136,19.434797,42806.9,22784.47,0.6,0.6,6.0,10.495713,10.08,173.82327,9.57,1.840637,988.09644,942.2715,2749055.0,1622248.2,467.9,464.40002,994.0,681.78,115.195114,68
2025-03-10 16:00:00+00:00,503.0,25.341,16.691,,27.351954,17.517962,,42887.055,,,,0.0,8.534353,9.0,,,,,,2791942.0,,,,994.0,,,69
