date,elevation,temperature_2m_max,temperature_2m_min,temperature_2m_mean,apparent_temperature_max,apparent_temperature_min,apparent_temperature_mean,daylight_duration,sunshine_duration,precipitation_sum,rain_sum,precipitation_hours,wind_speed_10m_max,wind_gusts_10m_max,wind_direction_10m_dominant,shortwave_radiation_sum,et0_fao_evapotranspiration,cumulative_temperature_2m_mean,cumulative_apparent_temperature_mean,cumulative_daylight_duration,cumulative_sunshine_duration,cumulative_precipitation_sum,cumulative_rain_sum,cumulative_precipitation_hours,cumulative_shortwave_radiation_sum,cumulative_et0_fao_evapotranspiration,day
2025-01-01 16:00:00+00:00,476.0,18.295,16.145,17.23875,17.517937,15.503025,16.77932,38796.168,695.8518,6.3,6.3,16.0,21.437386,42.12,37.291225,3.57,0.80584157,17.23875,16.77932,38796.168,695.8518,6.3,6.3,16.0,3.57,0.80584157,1
2025-01-02 16:00:00+00:00,476.0,17.145,14.344999,16.119999,16.474117,10.999317,14.324941,38818.254,0.0,9.299999,9.299999,24.0,29.052023,60.120003,36.768497,2.15,0.6181563,33.35875,31.10426,77614.42,695.8518,15.599999,15.599999,40.0,5.7200003,1.4239979,2
2025-01-03 16:00:00+00:00,476.0,17.945,13.1449995,15.188752,15.029728,9.651588,12.35144,38841.97,35924.508,2.0,2.0,13.0,27.648024,59.76,40.877197,13.65,2.2491395,48.5475,43.4557,116456.39,36620.36,17.599998,17.599998,53.0,19.369999,3.6731374,3
2025-01-04 16:00:00+00:00,476.0,19.095,13.745,16.095001,19.389076,12.439482,15.688773,38867.28,32822.223,3.4,3.4,12.0,18.089775,43.199997,44.586506,8.99,1.681444,64.6425,59.144474,155323.67,69442.58,20.999998,20.999998,65.0,28.359999,5.3545814,4
2025-01-05 16:00:00+00:00,476.0,18.595,13.795,15.580417,17.456524,10.859697,13.887559,38894.17,35901.04,3.8999996,3.8999996,13.0,23.424908,48.96,45.224556,13.67,2.1966834,80.222916,73.032036,194217.84,105343.62,24.899998,24.899998,78.0,42.03,7.551265,5
2025-01-06 16:00:00+00:00,476.0,16.244999,12.344999,14.07,14.438995,9.473274,11.634385,38922.625,26168.568,0.0,0.0,0.0,22.791864,48.96,46.56039,10.08,1.8423803,94.292915,84.66642,233140.47,131512.19,24.899998,24.899998,78.0,52.11,9.393645,6
2025-01-07 16:00:00+00:00,476.0,18.845,12.545,15.4262495,18.149738,10.875063,14.413215,38952.918,35884.613,0.2,0.2,2.0,16.299694,34.92,45.88576,13.9,2.2680833,109.71916,99.079636,272093.38,167396.8,25.099998,25.099998,80.0,66.01,11.661729,7
2025-01-08 16:00:00+00:00,476.0,17.545,13.445,15.122085,14.923128,10.387311,12.8063345,38985.17,25078.477,2.3999999,2.3999999,9.0,25.853039,53.639996,39.3601,11.05,1.8923037,124.84125,111.88597,311078.56,192475.28,27.499998,27.499998,89.0,77.060005,13.554032,8
2025-01-09 16:00:00+00:00,476.0,13.545,11.545,12.570001,10.018321,7.5330772,8.864604,39019.305,17107.895,3.7999995,3.7999995,21.0,27.471678,56.88,39.80763,5.6,1.2137469,137.41125,120.75057,350097.88,209583.17,31.299997,31.299997,110.0,82.66,14.767779,9
2025-01-10 16:00:00+00:00,476.0,14.1449995,11.245,12.4158325,12.256226,7.5512753,9.660016,39055.246,748.20074,4.1999993,4.1999993,20.0,23.899363,52.199997,41.559532,4.29,0.96216774,149.82709,130.41058,389153.12,210331.38,35.499996,35.499996,130.0,86.950005,15.729947,10
2025-01-11 16:00:00+00:00,476.0,15.6449995,11.495,13.090835,12.603096,8.695936,10.276244,39092.934,35867.844,1.5000001,1.5000001,12.0,23.950148,52.92,41.86581,13.58,2.0098794,162.91792,140.68683,428246.06,246199.22,36.999996,36.999996,142.0,100.53001,17.739826,11
2025-01-12 16:00:00+00:00,476.0,15.3949995,10.594999,12.60125,12.52846,7.4558954,9.551677,39132.29,33869.652,0.0,0.0,0.0,23.233252,48.239998,47.326096,14.98,2.3015566,175.51917,150.23851,467378.34,280068.88,36.999996,36.999996,142.0,115.51001,20.041382,12
2025-01-13 16:00:00+00:00,476.0,18.744999,11.094999,14.907501,18.352152,8.48723,13.797179,39173.242,35867.277,1.3000001,1.3000001,4.0,17.311846,37.8,39.824554,11.14,1.9916013,190.42667,164.03569,506551.6,315936.16,38.299995,38.299995,146.0,126.65001,22.032984,13
2025-01-14 16:00:00+00:00,476.0,16.395,12.8949995,15.244999,16.117329,9.478539,14.021417,39215.727,0.0,17.400003,17.400003,24.0,26.94294,57.96,39.75691,2.19,0.5467741,205.67166,178.05711,545767.3,315936.16,55.699997,55.699997,170.0,128.84001,22.579758,14
2025-01-15 16:00:00+00:00,476.0,14.445,11.745,12.78875,12.072205,8.109969,9.882527,39259.67,34953.81,0.5,0.5,4.0,26.250393,52.92,44.852203,10.16,1.6459187,218.46042,187.93964,585027.0,350889.97,56.199997,56.199997,174.0,139.00002,24.225676,15
2025-01-16 16:00:00+00:00,476.0,15.1449995,11.594999,12.976251,12.47287,8.694969,10.128179,39305.004,35876.277,0.0,0.0,0.0,23.05476,50.76,45.475224,13.97,2.1110008,231.43668,198.06781,624332.0,386766.25,56.199997,56.199997,174.0,152.97002,26.336676,16
2025-01-17 16:00:00+00:00,476.0,15.295,11.594999,13.578332,13.598068,8.409291,11.326926,39351.656,8248.557,2.1000004,2.1000004,15.0,21.479664,47.88,43.290207,5.86,1.3207439,245.01501,209.39473,663683.6,395014.8,58.299995,58.299995,189.0,158.83002,27.65742,17
2025-01-18 16:00:00+00:00,476.0,19.795,14.094999,16.317917,20.371119,13.50297,16.248316,39399.566,33183.285,2.8999999,2.8999999,15.0,16.80857,37.44,52.382526,10.91,1.8826365,261.33295,225.64305,703083.2,428198.1,61.199997,61.199997,204.0,169.74002,29.540056,18
2025-01-19 16:00:00+00:00,476.0,19.045,12.945,15.470001,18.507027,10.499802,13.809899,39448.656,35897.258,0.5,0.5,5.0,20.765635,42.12,45.43292,16.2,2.6414385,276.80295,239.45296,742531.9,464095.34,61.699997,61.699997,209.0,185.94002,32.181496,19
2025-01-20 16:00:00+00:00,476.0,17.494999,13.1449995,15.084584,15.578669,10.906501,13.148647,39498.867,35906.934,0.0,0.0,0.0,20.875343,48.239998,44.354034,15.22,2.4008994,291.88754,252.60161,782030.75,500002.28,61.699997,61.699997,209.0,201.16002,34.582394,20
2025-01-21 16:00:00+00:00,476.0,18.445,13.995,15.630417,18.61263,11.890356,14.8164835,39550.13,26628.012,2.7999997,2.7999997,15.0,17.922432,40.68,42.55783,7.63,1.5364088,307.51794,267.4181,821580.9,526630.3,64.5,64.5,224.0,208.79002,36.1188,21
2025-01-22 16:00:00+00:00,476.0,21.895,13.445,17.580418,22.478588,13.644062,18.322927,39602.38,35727.457,0.8000001,0.8000001,4.0,16.045261,29.16,131.1859,15.86,2.6946173,325.09836,285.74103,861183.25,562357.75,65.3,65.3,228.0,224.65002,38.81342,22
2025-01-23 16:00:00+00:00,476.0,20.695,15.945,17.734583,21.079523,15.31188,17.456285,39655.55,35078.98,1.4000002,1.4000002,10.0,17.205778,33.48,48.39856,13.13,2.2700505,342.83295,303.19733,900838.8,597436.75,66.700005,66.700005,238.0,237.78003,41.08347,23
2025-01-24 16:00:00+00:00,476.0,20.295,15.295,17.386667,19.975943,14.29014,16.55324,39709.58,35959.29,0.6,0.6,6.0,18.022486,37.44,41.227436,15.51,2.6099424,360.2196,319.75058,940548.4,633396.06,67.3,67.3,244.0,253.29002,43.693413,24
2025-01-25 16:00:00+00:00,476.0,18.945,14.995,16.50958,17.99665,13.553528,15.543897,39764.402,34945.742,4.3,4.3,16.0,18.921415,36.719997,39.06851,13.29,2.1979241,376.7292,335.29446,980312.75,668341.8,71.600006,71.600006,260.0,266.58002,45.89134,25
2025-01-26 16:00:00+00:00,476.0,14.695,10.945,13.036667,13.165037,7.1215534,10.280444,39819.973,21884.812,6.2000003,6.2000003,24.0,25.890608,52.199997,41.463306,7.2,1.0228946,389.76587,345.57492,1020132.75,690226.6,77.8,77.8,284.0,273.78003,46.914234,26
2025-01-27 16:00:00+00:00,476.0,13.495,10.695,11.907501,10.444031,6.5125217,8.242297,39876.777,13831.401,1.3,1.3,9.0,25.697166,52.56,46.358505,7.54,1.5595791,401.67337,353.81723,1060009.5,704058.0,79.100006,79.100006,293.0,281.32004,48.473812,27
2025-01-28 16:00:00+00:00,476.0,13.745,11.094999,12.165833,10.864091,7.5093327,8.833093,39935.035,25881.74,1.1000001,1.1000001,8.0,23.046328,51.12,49.836422,9.3,1.6701915,413.8392,362.65033,1099944.5,729939.75,80.200005,80.200005,301.0,290.62003,50.144005,28
2025-01-29 16:00:00+00:00,476.0,17.195,11.1449995,13.980416,14.903074,8.310026,11.511987,39994.66,36220.094,0.3,0.3,3.0,20.898613,46.079998,48.41311,15.47,2.5829222,427.8196,374.16232,1139939.1,766159.9,80.50001,80.50001,304.0,306.09003,52.72693,29
2025-01-30 16:00:00+00:00,476.0,17.545,14.1449995,15.547084,17.227097,11.953688,14.314162,40055.574,16169.99,27.199999,27.199999,24.0,19.440832,41.039997,44.0075,5.9,1.2042773,443.3667,388.47647,1179994.8,782329.9,107.700005,107.700005,328.0,311.99002,53.931206,30
2025-01-31 16:00:00+00:00,476.0,20.795,16.195,18.274168,21.856195,16.140467,18.830122,40117.69,27821.41,16.2,16.2,19.0,17.10284,38.16,53.14308,10.52,1.7157241,461.64087,407.30658,1220112.5,810151.3,123.90001,123.90001,347.0,322.51,55.64693,31
2025-02-01 16:00:00+00:00,476.0,21.195,16.445,18.324167,21.471275,16.440786,18.5084,40180.92,31151.045,2.0,2.0,11.0,17.318394,30.599998,50.94287,12.89,2.1749835,479.96503,425.81497,1260293.4,841302.4,125.90001,125.90001,358.0,335.40002,57.821915,32
2025-02-02 16:00:00+00:00,476.0,18.645,13.344999,16.153334,17.809635,10.474621,15.1817465,40245.2,36000.0,5.0,5.0,23.0,25.051704,47.16,43.527622,13.89,2.06332,496.11835,440.9967,1300538.6,877302.4,130.90001,130.90001,381.0,349.29004,59.885235,33
2025-02-03 16:00:00+00:00,476.0,13.195,11.045,12.3075,10.423176,7.554344,9.047585,40310.434,32225.686,2.6999993,2.6999993,15.0,25.443748,54.719997,41.966366,8.35,1.3049605,508.42584,450.04428,1340849.0,909528.06,133.6,133.6,396.0,357.64005,61.190197,34
2025-02-04 16:00:00+00:00,476.0,14.1449995,10.3949995,12.315834,12.174776,6.713561,9.545888,40376.55,14747.788,1.7000002,1.7000002,12.0,22.828087,46.44,52.36605,7.86,1.492094,520.7417,459.59018,1381225.5,924275.9,135.3,135.3,408.0,365.50003,62.68229,35
2025-02-05 16:00:00+00:00,476.0,18.395,12.745,15.197083,18.090296,11.159802,14.573959,40443.48,19003.82,3.5000005,3.5000005,20.0,13.433838,32.399998,63.489548,8.83,1.5366318,535.9388,474.16412,1421669.0,943279.7,138.8,138.8,428.0,374.33002,64.21892,36
2025-02-06 16:00:00+00:00,476.0,18.795,12.445,15.592917,17.098131,8.509343,13.839203,40511.133,26146.66,1.3000002,1.3000002,12.0,28.16353,57.6,41.974136,13.53,2.205934,551.5317,488.00333,1462180.1,969426.4,140.1,140.1,440.0,387.86002,66.42485,37
2025-02-07 16:00:00+00:00,476.0,12.3949995,9.844999,11.378333,8.378939,5.460889,7.1382294,40579.44,23812.531,2.2,2.2,20.0,29.160557,59.76,43.689568,9.15,1.4730136,562.91003,495.14154,1502759.6,993238.9,142.3,142.3,460.0,397.01,67.897865,38
2025-02-08 16:00:00+00:00,476.0,13.445,9.844999,11.480418,10.120789,5.810666,7.9353995,40648.332,27851.205,1.1000001,1.1000001,9.0,23.817883,51.839996,44.56499,10.65,1.656826,574.39044,503.07693,1543408.0,1021090.06,143.40001,143.40001,469.0,407.66,69.55469,39
2025-02-09 16:00:00+00:00,476.0,16.494999,10.695,13.326251,14.4991455,7.4868984,10.898163,40717.734,36169.98,0.1,0.1,1.0,22.786179,49.32,46.751923,13.63,2.1936903,587.7167,513.9751,1584125.8,1057260.0,143.50002,143.50002,470.0,421.29,71.748375,40
2025-02-10 16:00:00+00:00,476.0,18.845,12.844999,15.77625,18.23286,10.796049,14.684044,40787.574,28599.7,4.2000003,4.2000003,18.0,18.581894,42.48,53.326527,11.26,1.9012413,603.4929,528.6591,1624913.4,1085859.8,147.70001,147.70001,488.0,432.55002,73.64961,41
2025-02-11 16:00:00+00:00,476.0,18.895,16.195,17.597086,20.431156,16.161919,18.635399,40857.785,0.0,32.8,32.8,24.0,12.466867,27.72,73.00427,3.24,0.69502294,621.09,547.2945,1665771.1,1085859.8,180.50002,180.50002,512.0,435.79,74.344635,42
2025-02-12 16:00:00+00:00,476.0,18.695,14.495,16.378332,19.748514,11.919933,14.869095,40928.285,1015.87506,48.400005,48.400005,24.0,28.660158,60.120003,41.206985,4.65,0.8443816,637.4684,562.1636,1706699.4,1086875.6,228.90002,228.90002,536.0,440.44,75.18902,43
2025-02-13 16:00:00+00:00,476.0,17.945,14.295,16.028334,17.330069,11.998024,14.565465,40999.023,11538.054,3.799999,3.799999,21.0,23.623928,48.6,39.771236,7.21,1.351193,653.4967,576.72906,1747698.4,1098413.6,232.70003,232.70003,557.0,447.65,76.540215,44
2025-02-14 16:00:00+00:00,476.0,22.595,16.095,18.847084,24.200651,15.129625,19.505262,41069.918,36943.973,0.5,0.5,5.0,16.909464,30.239998,42.30353,14.67,2.5764089,672.3438,596.2343,1788768.2,1135357.6,233.20003,233.20003,562.0,462.32,79.11662,45
2025-02-15 16:00:00+00:00,476.0,22.645,14.745,18.534584,23.328964,14.014137,18.749598,41140.93,36828.3,1.0000001,1.0000001,10.0,19.73854,39.96,48.270576,17.52,2.9870453,690.8784,614.9839,1829909.1,1172185.9,234.20003,234.20003,572.0,479.84,82.10367,46
2025-02-16 16:00:00+00:00,476.0,18.875,13.075,16.1375,17.780247,12.106775,15.171577,41192.227,36130.234,0.0,0.0,0.0,21.068459,41.039997,57.028557,15.14,2.6609638,707.0159,630.15546,1871101.4,1208316.1,234.20003,234.20003,572.0,494.98,84.76463,47
2025-02-17 16:00:00+00:00,476.0,19.625,11.125,15.268749,18.559504,10.045474,14.589839,41265.395,25815.305,0.0,0.0,0.0,13.722565,27.359999,53.64137,11.27,2.0393746,722.28467,644.7453,1912366.8,1234131.4,234.20003,234.20003,572.0,506.25,86.80401,48
2025-02-18 16:00:00+00:00,476.0,17.425,14.975,15.954165,16.776958,14.8176,15.866268,41339.387,3831.6968,0.0,0.0,0.0,10.805999,22.319998,53.073112,4.38,1.0326178,738.23883,660.6116,1953706.1,1237963.1,234.20003,234.20003,572.0,510.63,87.836624,49
2025-02-19 16:00:00+00:00,476.0,18.875,15.375,16.71875,19.258812,15.805553,17.5259,41414.133,12461.533,0.0,0.0,0.0,8.707237,19.08,90.58163,6.27,1.2133712,754.9576,678.13745,1995120.2,1250424.6,234.20003,234.20003,572.0,516.9,89.049995,50
2025-02-20 16:00:00+00:00,476.0,18.224998,14.375,16.322916,19.094032,14.740732,16.534567,41489.566,7068.966,1.1,0.0,4.0,11.726277,23.039999,56.77572,2.91,0.8169418,771.2805,694.672,2036609.9,1257493.6,235.30003,234.20003,576.0,519.81,89.866936,51
2025-02-21 16:00:00+00:00,476.0,19.425,14.275001,16.55,19.271536,13.564238,16.503733,41565.62,16955.895,0.0,0.0,0.0,10.239453,20.880001,20.031105,7.0,1.4726218,787.8305,711.1757,2078175.5,1274449.5,235.30003,234.20003,576.0,526.81,91.339554,52
2025-02-22 16:00:00+00:00,476.0,19.175,13.975,16.277086,19.259148,13.92944,15.934441,41642.223,21878.324,0.0,0.0,0.0,13.324863,27.0,54.36011,9.16,1.824074,804.1076,727.11017,2119817.8,1296327.9,235.30003,234.20003,576.0,535.97,93.16363,53
2025-02-23 16:00:00+00:00,476.0,15.625,12.925,14.279167,14.361166,11.331504,12.657111,41719.312,106.64234,0.0,0.0,0.0,16.641972,32.399998,42.628838,3.97,1.246333,818.3868,739.7673,2161537.0,1296434.5,235.30003,234.20003,576.0,539.93994,94.40996,54
2025-02-24 16:00:00+00:00,476.0,17.275,10.825,14.233334,16.022715,9.131151,13.4408655,41796.82,17324.707,0.2,0.0,2.0,12.783802,25.199999,46.898594,9.3,1.6406109,832.6201,753.2081,2203333.8,1313759.2,235.50003,234.20003,578.0,549.2399,96.05057,55
2025-02-25 16:00:00+00:00,476.0,18.525,12.275001,15.466667,18.97393,11.431903,15.563588,41874.684,19844.459,0.0,0.0,0.0,7.42159,15.119999,17.06019,7.44,1.405033,848.0868,768.7717,2245208.5,1333603.8,235.50003,234.20003,578.0,556.67993,97.4556,56
2025-02-26 16:00:00+00:00,476.0,19.275,15.075,17.114584,19.710184,15.165464,17.776146,41952.84,19116.15,0.0,0.0,0.0,10.703569,22.68,66.27158,7.41,1.4178282,865.20135,786.54785,2287161.2,1352719.9,235.50003,234.20003,578.0,564.0899,98.87343,57
2025-02-27 16:00:00+00:00,476.0,21.824999,16.025,18.885418,22.729834,16.733152,20.17464,42031.22,36491.445,0.0,0.0,0.0,10.296251,20.519999,68.53709,11.84,2.184903,884.0868,806.7225,2329192.5,1389211.4,235.50003,234.20003,578.0,575.92993,101.058334,58
2025-02-28 16:00:00+00:00,476.0,21.224998,17.474998,19.191668,23.111616,18.49566,21.021559,42109.766,16435.182,0.0,0.0,0.0,7.729527,15.84,48.814148,8.35,1.5825751,903.27844,827.744,2371302.2,1405646.5,235.50003,234.20003,578.0,584.2799,102.64091,59
2025-03-01 16:00:00+00:00,476.0,24.9955,17.574999,20.327396,27.88694,18.619408,22.327868,42188.414,34733.387,0.0,0.0,0.0,11.525623,11.159999,113.49857,22.13,3.908175,923.60583,850.0719,2413490.8,1440379.9,235.50003,234.20003,578.0,606.4099,106.54908,60
2025-03-02 16:00:00+00:00,476.0,25.3955,17.4955,20.720499,27.625685,18.179855,22.427382,42267.105,39639.69,0.0,0.0,0.0,12.475961,11.879999,170.69806,21.42,3.8748522,944.32635,872.49927,2455757.8,1480019.6,235.50003,234.20003,578.0,627.8299,110.423935,61
2025-03-03 16:00:00+00:00,476.0,24.9955,17.4955,21.010086,27.45335,18.423668,22.702545,42345.777,39720.53,0.0,0.0,0.0,13.493999,18.72,160.86143,22.9,4.034437,965.3364,895.2018,2498103.5,1519740.1,235.50003,234.20003,578.0,650.7299,114.458374,62
2025-03-04 16:00:00+00:00,476.0,25.095499,15.9955,20.291332,27.844917,17.206282,21.571527,42424.37,36249.004,1.2,0.0,9.0,14.039999,36.36,72.240456,18.49,3.328141,985.62775,916.7733,2540527.8,1555989.1,236.70003,234.20003,587.0,669.2199,117.786514,63
2025-03-05 16:00:00+00:00,476.0,15.9955,9.5955,13.616334,17.007011,8.083042,12.864334,42502.824,26518.79,0.0,0.0,0.0,14.4,39.96,42.67449,10.58,1.6244602,999.2441,929.63763,2583030.5,1582507.9,236.70003,234.20003,587.0,679.7999,119.41097,64
2025-03-06 16:00:00+00:00,476.0,14.5955,8.695499,11.616334,12.851519,7.56252,10.313998,42581.08,27885.455,0.0,0.0,0.0,11.440978,35.64,48.60282,11.52,1.7653806,1010.8604,939.95166,2625611.5,1610393.4,236.70003,234.20003,587.0,691.31995,121.17635,65
2025-03-07 16:00:00+00:00,476.0,17.5455,10.0955,13.487167,17.230434,9.270799,12.753052,42659.09,29407.008,0.0,0.0,0.0,9.3876505,24.48,46.353123,13.06,2.2073622,1024.3475,952.7047,2668270.5,1639800.4,236.70003,234.20003,587.0,704.37994,123.38371,66
2025-03-08 16:00:00+00:00,476.0,17.095499,11.0955,13.695503,16.529556,10.929049,13.222508,42737.34,31741.988,0.90000004,0.90000004,3.0,13.1041975,23.4,70.478165,13.78,2.1056738,1038.0431,965.92725,2711007.8,1671542.4,237.60002,235.10002,590.0,718.16,125.48939,67
2025-03-09 16:00:00+00:00,476.0,20.7955,11.9955,,22.165806,10.510887,,42816.09,,,,0.0,12.24,14.759999,,,,,,2753823.8,,,,590.0,,,68
