date,elevation,temperature_2m_max,temperature_2m_min,temperature_2m_mean,apparent_temperature_max,apparent_temperature_min,apparent_temperature_mean,daylight_duration,sunshine_duration,precipitation_sum,rain_sum,precipitation_hours,wind_speed_10m_max,wind_gusts_10m_max,wind_direction_10m_dominant,shortwave_radiation_sum,et0_fao_evapotranspiration,cumulative_temperature_2m_mean,cumulative_apparent_temperature_mean,cumulative_daylight_duration,cumulative_sunshine_duration,cumulative_precipitation_sum,cumulative_rain_sum,cumulative_precipitation_hours,cumulative_shortwave_radiation_sum,cumulative_et0_fao_evapotranspiration,day
2025-01-01 16:00:00+00:00,148.0,17.9035,15.6535,16.57225,18.673912,15.433754,16.963278,38508.28,0.0,9.1,9.1,14.0,13.523978,23.759998,352.18646,2.58,0.5970516,16.57225,16.963278,38508.28,0.0,9.1,9.1,14.0,2.58,0.5970516,1
2025-01-02 16:00:00+00:00,148.0,18.6535,14.3035,16.13475,17.347885,12.921236,15.298225,38531.74,28216.238,0.0,0.0,0.0,19.64063,41.399998,358.231,7.97,1.4763402,32.707,32.261505,77040.016,28216.238,9.1,9.1,14.0,10.549999,2.073392,2
2025-01-03 16:00:00+00:00,148.0,21.0035,13.6535,16.951418,21.962826,13.509459,17.285109,38556.92,35651.65,0.70000005,0.70000005,3.0,9.906544,23.4,339.77505,14.84,2.4510484,49.658417,49.546616,115596.94,63867.887,9.8,9.8,17.0,25.39,4.5244403,3
2025-01-04 16:00:00+00:00,148.0,19.3535,13.8535,16.076416,19.363781,12.66017,16.039652,38583.8,32862.996,8.400002,8.400002,14.0,16.011908,34.56,0.99586004,10.08,1.6558709,65.73483,65.586266,154180.73,96730.88,18.2,18.2,31.0,35.47,6.180311,4
2025-01-05 16:00:00+00:00,148.0,19.5535,12.0035,15.649334,18.567566,10.205023,14.4811325,38612.355,35671.5,0.0,0.0,0.0,19.460823,41.760002,12.884706,17.41,2.783413,81.38417,80.0674,192793.1,132402.38,18.2,18.2,31.0,52.88,8.963724,5
2025-01-06 16:00:00+00:00,148.0,17.7535,12.5035,14.763917,17.705818,12.203152,14.51719,38642.566,35172.25,3.7,3.7,14.0,9.676569,23.039999,347.96762,12.67,1.9660819,96.14809,94.58459,231435.66,167574.62,21.900002,21.900002,45.0,65.55,10.929806,6
2025-01-07 16:00:00+00:00,148.0,19.1035,13.9035,15.73475,19.387968,13.101772,15.204124,38674.734,35656.99,0.1,0.1,1.0,14.4415655,28.8,4.715977,15.41,2.468605,111.882835,109.78871,270110.38,203231.61,22.000002,22.000002,46.0,80.96001,13.398411,7
2025-01-08 16:00:00+00:00,148.0,18.0535,10.5535,14.695168,17.044569,8.956388,13.353061,38708.98,35254.74,0.0,0.0,0.0,16.584438,34.2,5.989534,11.44,2.0804865,126.578,123.14177,308819.34,238486.34,22.000002,22.000002,46.0,92.40001,15.478897,8
2025-01-09 16:00:00+00:00,148.0,16.053501,12.4535,13.811835,13.034172,9.856793,11.406784,38745.22,35648.176,0.5,0.5,5.0,22.245117,45.0,353.49567,12.34,2.1325178,140.38983,134.54855,347564.56,274134.53,22.500002,22.500002,51.0,104.740005,17.611416,9
2025-01-10 16:00:00+00:00,148.0,16.5035,10.8535,13.332667,15.303471,8.789502,11.672379,38783.383,35645.797,0.6,0.6,5.0,21.887583,44.639996,348.18488,14.4,2.088265,153.7225,146.22093,386347.94,309780.3,23.100002,23.100002,56.0,119.14001,19.69968,10
2025-01-11 16:00:00+00:00,148.0,16.7535,9.2035,12.755584,14.544292,6.0810328,10.435912,38823.4,35644.78,0.0,0.0,0.0,21.495495,43.199997,354.48474,17.47,2.5666366,166.47809,156.65685,425171.34,345425.1,23.100002,23.100002,56.0,136.61,22.266317,11
2025-01-12 16:00:00+00:00,148.0,18.4035,10.2535,13.974334,18.221817,8.938609,13.126343,38865.176,35645.117,0.0,0.0,0.0,10.1902895,24.119999,334.74683,17.58,2.6774952,180.45242,169.78319,464036.53,381070.22,23.100002,23.100002,56.0,154.19,24.943813,12
2025-01-13 16:00:00+00:00,148.0,19.5035,7.5035,14.697251,19.556995,6.0629253,14.143707,38908.656,35646.824,0.4,0.4,3.0,10.304114,22.68,345.15103,16.35,2.6278048,195.14967,183.9269,502945.2,416717.03,23.500002,23.500002,59.0,170.54001,27.571617,13
2025-01-14 16:00:00+00:00,148.0,16.053501,12.2535,14.524335,15.443785,10.315977,13.38443,38953.758,5406.3916,3.0,3.0,12.0,17.82,36.719997,1.0756776,3.86,0.814104,209.67401,197.31133,541898.94,422123.44,26.500002,26.500002,71.0,174.40001,28.385721,14
2025-01-15 16:00:00+00:00,148.0,17.1035,11.9035,13.466,15.489754,10.157023,11.559563,39000.402,35654.312,0.0,0.0,0.0,21.637466,45.36,347.93567,14.73,2.2914994,223.14001,208.87088,580899.3,457777.75,26.500002,26.500002,71.0,189.13,30.677221,15
2025-01-16 16:00:00+00:00,148.0,17.4535,10.5035,13.593083,16.446686,8.214566,11.964103,39048.527,35660.1,0.2,0.2,2.0,16.372087,35.28,343.05328,16.5,2.5488522,236.7331,220.83498,619947.8,493437.84,26.700003,26.700003,73.0,205.63,33.226074,16
2025-01-17 16:00:00+00:00,148.0,18.0035,9.6035,14.393085,17.628073,8.006108,13.870621,39098.047,35094.57,5.0,5.0,16.0,11.431063,24.119999,350.83508,9.98,1.7131224,251.12617,234.7056,659045.9,528532.44,31.700003,31.700003,89.0,215.61,34.939198,17
2025-01-18 16:00:00+00:00,148.0,18.4535,13.5035,15.347249,17.869354,12.773993,14.84316,39148.9,35675.805,1.5000001,1.5000001,8.0,16.954432,36.719997,3.006531,13.85,2.010122,266.47342,249.54875,698194.75,564208.25,33.200005,33.200005,97.0,229.46,36.949318,18
2025-01-19 16:00:00+00:00,148.0,19.4035,12.7035,15.605584,20.31774,12.111343,15.235985,39201.004,35711.01,0.1,0.1,1.0,14.584443,30.960001,352.11014,16.14,2.56074,282.079,264.78473,737395.75,599919.25,33.300003,33.300003,98.0,245.6,39.51006,19
2025-01-20 16:00:00+00:00,148.0,20.2035,11.9535,16.0535,20.621597,10.942944,15.95961,39254.293,35697.023,2.0000002,2.0000002,9.0,10.233123,24.119999,342.81686,15.97,2.5961492,298.1325,280.74432,776650.06,635616.25,35.300003,35.300003,107.0,261.57,42.10621,20
2025-01-21 16:00:00+00:00,148.0,20.1035,9.9535,15.778501,20.552296,9.457521,15.884656,39308.7,35709.715,2.2,2.2,11.0,11.720751,24.84,334.10733,14.98,2.4070969,313.911,296.62897,815958.75,671325.94,37.500004,37.500004,118.0,276.55002,44.513306,21
2025-01-22 16:00:00+00:00,148.0,20.7035,13.5535,16.35142,20.12931,13.001579,15.9510565,39364.152,35092.74,0.70000005,0.70000005,5.0,17.878086,31.68,15.386111,15.52,2.4950798,330.26242,312.58002,855322.9,706418.7,38.200005,38.200005,123.0,292.07,47.008385,22
2025-01-23 16:00:00+00:00,148.0,21.8535,11.6035,16.920168,22.076267,10.194975,16.546515,39420.574,35817.12,0.0,0.0,0.0,14.101021,29.519999,3.2349327,16.1,2.8322983,347.1826,329.12653,894743.44,742235.8,38.200005,38.200005,123.0,308.17,49.840683,23
2025-01-24 16:00:00+00:00,148.0,21.2535,14.2035,17.055582,21.926834,13.459221,16.86635,39477.91,35756.164,0.0,0.0,0.0,16.808569,34.92,357.9528,16.77,2.7846694,364.23816,345.9929,934221.4,777992.0,38.200005,38.200005,123.0,324.94,52.62535,24
2025-01-25 16:00:00+00:00,148.0,19.4035,12.7535,15.884749,19.176065,10.748718,14.879106,39536.086,35774.473,1.7000002,1.7000002,8.0,22.76911,46.44,356.2229,14.82,2.3878427,380.1229,360.872,973757.44,813766.5,39.900005,39.900005,131.0,339.76,55.013195,25
2025-01-26 16:00:00+00:00,148.0,12.9535,9.2035,11.011834,10.362156,6.5821266,7.9404507,39595.05,14851.363,3.6000001,3.6000001,15.0,24.302666,47.88,358.13162,5.95,1.0155905,391.13474,368.81247,1013352.5,828617.9,43.500004,43.500004,146.0,345.71002,56.028786,26
2025-01-27 16:00:00+00:00,148.0,16.9535,6.6035,11.832665,14.384447,2.7045374,8.841419,39655.324,36042.242,0.0,0.0,0.0,20.907913,42.12,356.5565,16.79,2.9267445,402.9674,377.6539,1053007.9,864660.1,43.500004,43.500004,146.0,362.50003,58.95553,27
2025-01-28 16:00:00+00:00,148.0,17.7535,10.6535,13.899333,16.932178,8.929362,12.51983,39717.137,36064.434,0.0,0.0,0.0,12.835653,25.919998,343.8677,16.47,2.6888587,416.86673,390.17374,1092725.0,900724.56,43.500004,43.500004,146.0,378.97003,61.644386,28
2025-01-29 16:00:00+00:00,148.0,19.8035,11.5535,15.224332,20.259527,10.401346,14.540978,39780.4,36350.48,0.3,0.3,3.0,11.892265,26.28,316.09924,18.43,2.9906976,432.09106,404.71472,1132505.4,937075.06,43.800003,43.800003,149.0,397.40002,64.635086,29
2025-01-30 16:00:00+00:00,148.0,19.0535,11.1035,15.370167,19.368462,10.404881,15.231828,39845.02,18043.049,2.2,2.2,8.0,9.885262,16.56,0.14108926,6.79,1.335755,447.46124,419.94656,1172350.4,955118.1,46.000004,46.000004,157.0,404.19003,65.97084,30
2025-01-31 16:00:00+00:00,148.0,21.8535,14.3535,17.788918,22.765778,13.763283,18.338327,39910.914,35715.734,7.3999996,7.3999996,16.0,13.084402,28.8,5.0452743,12.87,2.1940405,465.25015,438.28488,1212261.2,990833.9,53.4,53.4,173.0,417.06003,68.16488,31
2025-02-01 16:00:00+00:00,148.0,21.1035,15.0535,17.455585,22.711037,15.00746,18.0315,39977.996,36162.598,0.9000001,0.9000001,6.0,14.934577,30.960001,356.14166,17.11,2.6565657,482.70575,456.31638,1252239.2,1026996.5,54.300003,54.300003,179.0,434.17004,70.82144,32
2025-02-02 16:00:00+00:00,148.0,16.5535,12.2035,14.449333,15.936123,10.002309,13.116364,40046.18,34703.555,1.1000001,1.1000001,11.0,24.216522,49.68,354.26514,12.74,1.7985052,497.1551,469.43274,1292285.4,1061700.0,55.4,55.4,190.0,446.91003,72.61995,33
2025-02-03 16:00:00+00:00,148.0,15.7535,11.6535,12.943082,13.384335,9.242657,10.740064,40115.375,33366.973,1.0,1.0,4.0,18.508516,38.519997,353.76306,10.88,1.8661009,510.09818,480.1728,1332400.8,1095067.0,56.4,56.4,194.0,457.79004,74.48605,34
2025-02-04 16:00:00+00:00,148.0,17.7035,11.3035,14.563918,18.027792,10.398697,14.105621,40185.508,36405.285,1.1000001,1.1000001,8.0,10.399576,36.0,321.69882,16.49,2.527627,524.6621,494.2784,1372586.2,1131472.2,57.5,57.5,202.0,474.28003,77.01368,35
2025-02-05 16:00:00+00:00,148.0,19.3035,13.9535,15.732667,19.877325,13.88607,15.724082,40256.492,34444.312,0.8000001,0.8000001,6.0,12.367716,28.8,341.45618,14.34,2.353163,540.3948,510.0025,1412842.8,1165916.5,58.3,58.3,208.0,488.62003,79.366844,36
2025-02-06 16:00:00+00:00,148.0,19.3035,12.8535,15.295165,18.808626,10.639724,13.75727,40328.246,36816.324,0.0,0.0,0.0,23.853226,49.68,358.42676,18.39,2.9091675,555.68994,523.75977,1453171.0,1202732.9,58.3,58.3,208.0,507.01,82.27601,37
2025-02-07 16:00:00+00:00,148.0,15.0535,11.1035,12.890999,12.256723,8.338448,10.075482,40400.69,36295.113,0.0,0.0,0.0,23.177402,47.88,353.39774,15.45,2.4593692,568.58093,533.83527,1493571.8,1239028.0,58.3,58.3,208.0,522.46,84.735374,38
2025-02-08 16:00:00+00:00,148.0,16.9535,9.8535,12.755585,15.522587,7.86077,10.852426,40473.754,36504.47,0.4,0.4,4.0,19.434166,41.760002,348.3451,17.49,2.55237,581.33655,544.6877,1534045.5,1275532.5,58.7,58.7,212.0,539.95,87.28774,39
2025-02-09 16:00:00+00:00,148.0,19.0535,11.4535,14.724332,19.29848,10.403743,14.107864,40547.348,37153.17,0.70000005,0.70000005,6.0,13.948548,28.08,343.83267,19.43,2.998713,596.06085,558.79553,1574592.9,1312685.6,59.4,59.4,218.0,559.38,90.28645,40
2025-02-10 16:00:00+00:00,148.0,21.5035,10.6035,16.528502,22.300938,9.7178335,16.544,40621.41,36720.863,0.0,0.0,0.0,14.178928,28.08,342.06265,19.98,3.3058722,612.58936,575.33954,1615214.2,1349406.5,59.4,59.4,218.0,579.36,93.59232,41
2025-02-11 16:00:00+00:00,148.0,18.2035,14.9535,16.888918,20.101881,15.067936,17.816687,40695.855,0.0,36.6,36.6,22.0,11.34,19.44,358.6951,2.22,0.553454,629.4783,593.15625,1655910.1,1349406.5,96.0,96.0,240.0,581.57996,94.145775,42
2025-02-12 16:00:00+00:00,148.0,17.4035,15.4035,16.534752,18.270454,15.3722515,16.691366,40770.613,133.19458,31.600002,31.600002,21.0,16.394829,30.599998,353.36758,3.14,0.6779321,646.013,609.8476,1696680.8,1349539.8,127.600006,127.600006,261.0,584.72,94.82371,43
2025-02-13 16:00:00+00:00,148.0,18.7035,15.8535,17.149332,19.726902,16.211605,18.036142,40845.617,15407.966,1.6,1.6,10.0,10.564942,21.24,343.81067,7.1,1.2534426,663.16235,627.8837,1737526.4,1364947.8,129.20001,129.20001,271.0,591.81995,96.07715,44
2025-02-14 16:00:00+00:00,148.0,22.5535,14.1035,18.370169,25.492332,14.7720375,19.815542,40920.785,37528.09,0.0,0.0,0.0,9.600937,22.319998,4.28909,19.09,3.1490164,681.53253,647.6993,1778447.1,1402475.9,129.20001,129.20001,271.0,610.91,99.226166,45
2025-02-15 16:00:00+00:00,148.0,22.6035,12.2035,17.430584,24.307516,11.43204,17.62165,40996.07,37826.598,0.0,0.0,0.0,15.129638,32.399998,16.04778,20.44,3.4137263,698.96313,665.3209,1819443.2,1440302.5,129.20001,129.20001,271.0,631.35,102.63989,46
2025-02-16 16:00:00+00:00,148.0,23.9125,14.0125,18.091667,24.41693,14.208979,18.13045,41074.98,36006.484,0.0,0.0,0.0,11.269782,21.24,332.757,16.67,3.1068053,717.0548,683.45135,1860518.2,1476309.0,129.20001,129.20001,271.0,648.01996,105.7467,47
2025-02-17 16:00:00+00:00,148.0,21.362501,13.5625,16.610416,20.615988,13.577368,15.741464,41151.785,36476.14,0.0,0.0,0.0,23.857979,45.0,351.11224,17.33,2.9348576,733.6652,699.1928,1901670.0,1512785.1,129.20001,129.20001,271.0,665.35,108.68156,48
2025-02-18 16:00:00+00:00,148.0,22.4125,13.2625,16.554167,23.77589,13.520565,16.675238,41229.453,34657.21,0.0,0.0,0.0,17.533146,33.12,326.51962,17.71,3.110928,750.21936,715.86804,1942899.5,1547442.4,129.20001,129.20001,271.0,683.06,111.79249,49
2025-02-19 16:00:00+00:00,148.0,20.4125,13.912499,16.358335,20.897943,14.284891,16.575283,41307.918,22377.896,0.0,0.0,0.0,17.727943,32.399998,341.894,11.64,2.0178366,766.5777,732.4433,1984207.4,1569820.2,129.20001,129.20001,271.0,694.7,113.810326,50
2025-02-20 16:00:00+00:00,148.0,21.1625,13.8125,16.308332,20.51639,12.896769,15.021103,41387.098,30897.875,0.0,0.0,0.0,28.496904,53.28,356.99854,17.65,2.868926,782.88605,747.4644,2025594.5,1600718.1,129.20001,129.20001,271.0,712.35004,116.67925,51
2025-02-21 16:00:00+00:00,148.0,23.362501,13.0625,16.520834,24.863354,12.98601,16.637037,41466.926,32586.695,0.0,0.0,0.0,19.353138,37.079998,346.60745,17.5,3.0415447,799.40686,764.10144,2067061.4,1633304.9,129.20001,129.20001,271.0,729.85004,119.720795,52
2025-02-22 16:00:00+00:00,148.0,16.862501,13.4625,14.993749,14.860874,11.825052,13.637124,41547.33,3073.5054,0.1,0.0,1.0,22.007162,42.12,0.05924993,5.27,1.1762547,814.40063,777.7386,2108608.8,1636378.4,129.30002,129.20001,272.0,735.12006,120.89705,53
2025-02-23 16:00:00+00:00,148.0,19.112501,12.2125,14.670833,17.044449,10.815723,13.131898,41628.24,29595.205,0.0,0.0,0.0,18.733839,36.36,358.27917,14.37,2.5706348,829.0715,790.8705,2150237.0,1665973.6,129.30002,129.20001,272.0,749.49005,123.46768,54
2025-02-24 16:00:00+00:00,148.0,21.212502,11.7625,15.333333,22.27765,11.274299,15.168564,41709.586,34633.97,0.0,0.0,0.0,17.076298,31.319998,325.5734,17.87,3.034106,844.4048,806.03906,2191946.5,1700607.6,129.30002,129.20001,272.0,767.36005,126.501785,55
2025-02-25 16:00:00+00:00,148.0,21.5125,13.0125,16.443748,21.616262,13.27739,16.708958,41791.297,30016.396,0.0,0.0,0.0,11.792404,28.44,340.43277,14.59,2.4987302,860.8485,822.74805,2233737.8,1730624.0,129.30002,129.20001,272.0,781.9501,129.00052,56
2025-02-26 16:00:00+00:00,148.0,21.6625,14.7125,17.020836,21.4452,15.405386,17.61523,41873.32,22070.795,0.0,0.0,0.0,15.646544,29.88,344.33652,10.47,1.9015878,877.8693,840.3633,2275611.0,1752694.8,129.30002,129.20001,272.0,792.42004,130.9021,57
2025-02-27 16:00:00+00:00,148.0,24.712502,13.162499,18.218748,26.322594,13.6336,19.091488,41955.58,37847.824,0.0,0.0,0.0,16.676977,31.68,350.51184,19.6,3.5537155,896.0881,859.4548,2317566.5,1790542.6,129.30002,129.20001,272.0,812.02,134.45581,58
2025-02-28 16:00:00+00:00,148.0,25.362501,14.2625,18.722916,27.65568,15.323395,20.124954,42038.008,32980.168,0.0,0.0,0.0,10.661107,28.8,345.883,16.26,2.9169295,914.811,879.5797,2359604.5,1823522.8,129.30002,129.20001,272.0,828.28,137.37274,59
2025-03-01 16:00:00+00:00,148.0,28.645,16.5125,22.072397,29.932716,18.142788,23.355188,42120.543,34730.81,0.0,0.0,0.0,17.49615,9.36,330.42218,14.94,3.2674727,936.88336,902.9349,2401725.0,1858253.5,129.30002,129.20001,272.0,843.22003,140.64021,60
2025-03-02 16:00:00+00:00,148.0,30.145,19.895,24.519999,32.193974,20.741999,25.924934,42203.117,39560.79,0.0,0.0,0.0,16.78156,10.440001,321.1344,22.38,4.8615465,961.4034,928.8598,2443928.0,1897814.2,129.30002,129.20001,272.0,865.60004,145.50175,61
2025-03-03 16:00:00+00:00,148.0,32.545,21.545,25.67,33.203636,24.039288,27.617302,42285.67,39645.324,0.0,0.0,0.0,22.91026,19.8,271.9681,22.13,4.9257445,987.07336,956.4771,2486213.8,1937459.6,129.30002,129.20001,272.0,887.73004,150.4275,62
2025-03-04 16:00:00+00:00,148.0,27.795,20.145,23.51375,30.315624,22.48241,25.526962,42368.145,39729.656,3.8999999,0.0,18.0,20.188908,13.32,346.9936,21.23,4.2037673,1010.5871,982.0041,2528582.0,1977189.2,133.20001,129.20001,290.0,908.96,154.63127,63
2025-03-05 16:00:00+00:00,148.0,20.045,14.545,17.386667,22.340649,13.525211,17.783648,42450.47,12099.031,3.9000003,2.1,12.0,12.55879,17.28,327.3483,4.54,1.0469332,1027.9738,999.7877,2571032.5,1989288.2,137.1,131.30002,302.0,913.5,155.6782,64
2025-03-06 16:00:00+00:00,148.0,19.645,14.195,15.880418,19.031704,12.948753,14.990798,42532.582,34000.754,0.0,0.0,0.0,13.324863,16.56,321.54034,10.17,2.0596833,1043.8541,1014.7785,2613565.0,2023289.0,137.1,131.30002,302.0,923.67,157.73788,65
2025-03-07 16:00:00+00:00,148.0,17.744999,13.195,14.578332,16.878145,12.136576,13.647503,42614.43,24935.22,4.5,4.5,9.0,13.441071,17.28,339.45624,8.03,1.6145883,1058.4325,1028.426,2656179.5,2048224.2,141.6,135.80002,311.0,931.7,159.35248,66
2025-03-08 16:00:00+00:00,148.0,21.945,13.245,16.649166,22.611855,12.730679,16.229322,42696.543,36420.33,1.5,1.5,3.0,16.279802,20.16,351.43445,18.81,3.235095,1075.0817,1044.6554,2698876.0,2084644.6,143.1,137.30002,314.0,950.51,162.58757,67
2025-03-09 16:00:00+00:00,148.0,24.494999,13.945,,25.859632,13.155449,,42779.164,,,,0.0,15.1884165,12.959999,,,,,,2741655.2,,,,314.0,,,68
