date,elevation,temperature_2m_max,temperature_2m_min,temperature_2m_mean,apparent_temperature_max,apparent_temperature_min,apparent_temperature_mean,daylight_duration,sunshine_duration,precipitation_sum,rain_sum,precipitation_hours,wind_speed_10m_max,wind_gusts_10m_max,wind_direction_10m_dominant,shortwave_radiation_sum,et0_fao_evapotranspiration,cumulative_temperature_2m_mean,cumulative_apparent_temperature_mean,cumulative_daylight_duration,cumulative_sunshine_duration,cumulative_precipitation_sum,cumulative_rain_sum,cumulative_precipitation_hours,cumulative_shortwave_radiation_sum,cumulative_et0_fao_evapotranspiration,day
2025-01-01 16:00:00+00:00,519.0,18.015501,15.8654995,16.959253,17.125586,15.121546,16.38972,38796.168,695.8518,6.3,6.3,16.0,21.437386,42.12,37.291225,3.57,0.79916394,16.959253,16.38972,38796.168,695.8518,6.3,6.3,16.0,3.57,0.79916394,1
2025-01-02 16:00:00+00:00,519.0,16.865501,14.065499,15.8405,16.082687,10.627272,13.939982,38818.254,0.0,9.299999,9.299999,24.0,29.052023,60.120003,36.768497,2.15,0.6123941,32.79975,30.329704,77614.42,695.8518,15.599999,15.599999,40.0,5.7200003,1.411558,2
2025-01-03 16:00:00+00:00,519.0,17.6655,12.8654995,14.909251,14.658716,9.288481,11.981236,38841.97,35924.508,2.0,2.0,13.0,27.648024,59.76,40.877197,13.65,2.227358,47.709003,42.31094,116456.39,36620.36,17.599998,17.599998,53.0,19.369999,3.638916,3
2025-01-04 16:00:00+00:00,519.0,18.8155,13.4655,15.815501,19.012491,12.067701,15.313068,38867.28,32822.223,3.4,3.4,12.0,18.089775,43.199997,44.586506,8.99,1.6697739,63.524506,57.62401,155323.67,69442.58,20.999998,20.999998,65.0,28.359999,5.30869,4
2025-01-05 16:00:00+00:00,519.0,18.3155,13.5155,15.300919,17.078245,10.495365,13.512721,38894.17,35901.04,3.8999996,3.8999996,13.0,23.424908,48.96,45.224556,13.67,2.176691,78.825424,71.13673,194217.84,105343.62,24.899998,24.899998,78.0,42.03,7.485381,5
2025-01-06 16:00:00+00:00,519.0,15.965499,12.065499,13.7905,14.074705,9.112095,11.271216,38922.625,26168.568,0.0,0.0,0.0,22.791864,48.96,46.56039,10.08,1.8253297,92.61592,82.40794,233140.47,131512.19,24.899998,24.899998,78.0,52.11,9.310711,6
2025-01-07 16:00:00+00:00,519.0,18.5655,12.2655,15.14675,17.778841,10.51022,14.041446,38952.918,35884.613,0.2,0.2,2.0,16.299694,34.92,45.88576,13.9,2.2501562,107.76267,96.44939,272093.38,167396.8,25.099998,25.099998,80.0,66.01,11.560867,7
2025-01-08 16:00:00+00:00,519.0,17.265501,13.1655,14.842584,14.551941,10.02097,12.434846,38985.17,25078.477,2.3999999,2.3999999,9.0,25.853039,53.639996,39.3601,11.05,1.8746039,122.605255,108.88423,311078.56,192475.28,27.499998,27.499998,89.0,77.060005,13.435472,8
2025-01-09 16:00:00+00:00,519.0,13.2655,11.2655,12.290501,9.653979,7.1790466,8.504763,39019.305,17107.895,3.7999995,3.7999995,21.0,27.471678,56.88,39.80763,5.6,1.2011172,134.89575,117.38899,350097.88,209583.17,31.299997,31.299997,110.0,82.66,14.636589,9
2025-01-10 16:00:00+00:00,519.0,13.8654995,10.9655,12.1363325,11.891153,7.197239,9.299468,39055.246,748.20074,4.1999993,4.1999993,20.0,23.899363,52.199997,41.559532,4.29,0.9529291,147.03209,126.68846,389153.12,210331.38,35.499996,35.499996,130.0,86.950005,15.589519,10
2025-01-11 16:00:00+00:00,519.0,15.3654995,11.2155,12.811333,12.240759,8.337349,9.915694,39092.934,35867.844,1.5000001,1.5000001,12.0,23.950148,52.92,41.86581,13.58,1.9900826,159.84341,136.60416,428246.06,246199.22,36.999996,36.999996,142.0,100.53001,17.579601,11
2025-01-12 16:00:00+00:00,519.0,15.1154995,10.315499,12.32175,12.172689,7.1027355,9.196952,39132.29,33869.652,0.0,0.0,0.0,23.233252,48.239998,47.326096,14.98,2.278927,172.16516,145.8011,467378.34,280068.88,36.999996,36.999996,142.0,115.51001,19.858528,12
2025-01-13 16:00:00+00:00,519.0,18.4655,10.815499,14.627998,17.976938,8.132972,13.429271,39173.242,35867.277,1.3000001,1.3000001,4.0,17.311846,37.8,39.824554,11.14,1.9761717,186.79315,159.23038,506551.6,315936.16,38.299995,38.299995,146.0,126.65001,21.8347,13
2025-01-14 16:00:00+00:00,519.0,16.115501,12.6154995,14.9655,15.731117,9.1132,13.640182,39215.727,0.0,17.400003,17.400003,24.0,26.94294,57.96,39.75691,2.19,0.54238224,201.75865,172.87056,545767.3,315936.16,55.699997,55.699997,170.0,128.84001,22.377083,14
2025-01-15 16:00:00+00:00,519.0,14.1655,11.4655,12.509251,11.710332,7.753006,9.522609,39259.67,34953.81,0.5,0.5,4.0,26.250393,52.92,44.852203,10.16,1.6297022,214.2679,182.39317,585027.0,350889.97,56.199997,56.199997,174.0,139.00002,24.006784,15
2025-01-16 16:00:00+00:00,519.0,14.8654995,11.315499,12.69675,12.113634,8.337772,9.769653,39305.004,35876.277,0.0,0.0,0.0,23.05476,50.76,45.475224,13.97,2.0901814,226.96465,192.16283,624332.0,386766.25,56.199997,56.199997,174.0,152.97002,26.096966,16
2025-01-17 16:00:00+00:00,519.0,15.0155,11.315499,13.298833,13.229191,8.053469,10.964704,39351.656,8248.557,2.1000004,2.1000004,15.0,21.479664,47.88,43.290207,5.86,1.3087685,240.26347,203.12753,663683.6,395014.8,58.299995,58.299995,189.0,158.83002,27.405735,17
2025-01-18 16:00:00+00:00,519.0,19.515501,13.815499,16.038416,19.987675,13.129034,15.867265,39399.566,33183.285,2.8999999,2.8999999,15.0,16.80857,37.44,52.382526,10.91,1.8695252,256.30188,218.9948,703083.2,428198.1,61.199997,61.199997,204.0,169.74002,29.27526,18
2025-01-19 16:00:00+00:00,519.0,18.765501,12.6655,15.190498,18.139511,10.135212,13.440383,39448.656,35897.258,0.5,0.5,5.0,20.765635,42.12,45.43292,16.2,2.619193,271.49237,232.43518,742531.9,464095.34,61.699997,61.699997,209.0,185.94002,31.894455,19
2025-01-20 16:00:00+00:00,519.0,17.2155,12.8654995,14.805083,15.211126,10.54041,12.780269,39498.867,35906.934,0.0,0.0,0.0,20.875343,48.239998,44.354034,15.22,2.3787537,286.29745,245.21545,782030.75,500002.28,61.699997,61.699997,209.0,201.16002,34.27321,20
2025-01-21 16:00:00+00:00,519.0,18.1655,13.7155,15.350917,18.234632,11.52377,14.443328,39550.13,26628.012,2.7999997,2.7999997,15.0,17.922432,40.68,42.55783,7.63,1.5244031,301.64838,259.65878,821580.9,526630.3,64.5,64.5,224.0,208.79002,35.79761,21
2025-01-22 16:00:00+00:00,519.0,21.615501,13.1655,17.300917,22.089447,13.26984,17.93783,39602.38,35727.457,0.8000001,0.8000001,4.0,16.045261,29.16,131.1859,15.86,2.675964,318.94928,277.59662,861183.25,562357.75,65.3,65.3,228.0,224.65002,38.473576,22
2025-01-23 16:00:00+00:00,519.0,20.4155,15.6655,17.455082,20.693415,14.926559,17.068842,39655.55,35078.98,1.4000002,1.4000002,10.0,17.205778,33.48,48.39856,13.13,2.2523015,336.40436,294.66547,900838.8,597436.75,66.700005,66.700005,238.0,237.78003,40.725876,23
2025-01-24 16:00:00+00:00,519.0,20.015501,15.0155,17.107166,19.594557,13.909796,16.17061,39709.58,35959.29,0.6,0.6,6.0,18.022486,37.44,41.227436,15.51,2.588333,353.51154,310.8361,940548.4,633396.06,67.3,67.3,244.0,253.29002,43.31421,24
2025-01-25 16:00:00+00:00,519.0,18.6655,14.7155,16.230082,17.620342,13.174038,15.164829,39764.402,34945.742,4.3,4.3,16.0,18.921415,36.719997,39.06851,13.29,2.179635,369.7416,326.00092,980312.75,668341.8,71.600006,71.600006,260.0,266.58002,45.493843,25
2025-01-26 16:00:00+00:00,519.0,14.4155,10.6655,12.757167,12.7866745,6.7657204,9.912719,39819.973,21884.812,6.2000003,6.2000003,24.0,25.890608,52.199997,41.463306,7.2,1.0125576,382.49878,335.91364,1020132.75,690226.6,77.8,77.8,284.0,273.78003,46.5064,26
2025-01-27 16:00:00+00:00,519.0,13.2155,10.4155,11.627998,10.088457,6.1621733,7.888792,39876.777,13831.401,1.3,1.3,9.0,25.697166,52.56,46.358505,7.54,1.5438793,394.12677,343.80243,1060009.5,704058.0,79.100006,79.100006,293.0,281.32004,48.05028,27
2025-01-28 16:00:00+00:00,519.0,13.4655,10.815499,11.886334,10.504127,7.1572723,8.477916,39935.035,25881.74,1.1000001,1.1000001,8.0,23.046328,51.12,49.836422,9.3,1.6534923,406.0131,352.28033,1099944.5,729939.75,80.200005,80.200005,301.0,290.62003,49.703773,28
2025-01-29 16:00:00+00:00,519.0,16.9155,10.8654995,13.700916,14.541008,7.956215,11.152564,39994.66,36220.094,0.3,0.3,3.0,20.898613,46.079998,48.41311,15.47,2.559466,419.71402,363.4329,1139939.1,766159.9,80.50001,80.50001,304.0,306.09003,52.26324,29
2025-01-30 16:00:00+00:00,519.0,17.265501,13.8654995,15.267582,16.841513,11.587864,13.937401,40055.574,16169.99,27.199999,27.199999,24.0,19.440832,41.039997,44.0075,5.9,1.1939294,434.9816,377.3703,1179994.8,782329.9,107.700005,107.700005,328.0,311.99002,53.45717,30
2025-01-31 16:00:00+00:00,519.0,20.515501,15.9155,17.994665,21.451685,15.751204,18.432295,40117.69,27821.41,16.2,16.2,19.0,17.10284,38.16,53.14308,10.52,1.7027973,452.97626,395.80258,1220112.5,810151.3,123.90001,123.90001,347.0,322.51,55.159966,31
2025-02-01 16:00:00+00:00,519.0,20.9155,16.1655,18.044666,21.079006,16.050592,18.113989,40180.92,31151.045,2.0,2.0,11.0,17.318394,30.599998,50.94287,12.89,2.1586235,471.02094,413.91656,1260293.4,841302.4,125.90001,125.90001,358.0,335.40002,57.31859,32
2025-02-02 16:00:00+00:00,519.0,18.365501,13.065499,15.873834,17.428211,10.103621,14.799096,40245.2,36000.0,5.0,5.0,23.0,25.051704,47.16,43.527622,13.89,2.0457354,486.89478,428.71567,1300538.6,877302.4,130.90001,130.90001,381.0,349.29004,59.364323,33
2025-02-03 16:00:00+00:00,519.0,12.9155,10.7655,12.027999,10.052965,7.202281,8.687426,40310.434,32225.686,2.6999993,2.6999993,15.0,25.443748,54.719997,41.966366,8.35,1.2913713,498.92276,437.4031,1340849.0,909528.06,133.6,133.6,396.0,357.64005,60.655693,34
2025-02-04 16:00:00+00:00,519.0,13.8654995,10.1154995,12.036332,11.815523,6.3627834,9.190274,40376.55,14747.788,1.7000002,1.7000002,12.0,22.828087,46.44,52.36605,7.86,1.4778575,510.9591,446.59338,1381225.5,924275.9,135.3,135.3,408.0,365.50003,62.13355,35
2025-02-05 16:00:00+00:00,519.0,18.115501,12.4655,14.917583,17.712013,10.796197,14.200046,40443.48,19003.82,3.5000005,3.5000005,20.0,13.433838,32.399998,63.489548,8.83,1.5247262,525.8767,460.79343,1421669.0,943279.7,138.8,138.8,428.0,374.33002,63.658276,36
2025-02-06 16:00:00+00:00,519.0,18.515501,12.1655,15.3134165,16.716413,8.148883,13.463139,40511.133,26146.66,1.3000002,1.3000002,12.0,28.16353,57.6,41.974136,13.53,2.1860573,541.1901,474.25656,1462180.1,969426.4,140.1,140.1,440.0,387.86002,65.84433,37
2025-02-07 16:00:00+00:00,519.0,12.1154995,9.565499,11.098834,8.023123,5.112005,6.783945,40579.44,23812.531,2.2,2.2,20.0,29.160557,59.76,43.689568,9.15,1.4570417,552.28894,481.0405,1502759.6,993238.9,142.3,142.3,460.0,397.01,67.30137,38
2025-02-08 16:00:00+00:00,519.0,13.1655,9.565499,11.200916,9.762461,5.462407,7.581621,40648.332,27851.205,1.1000001,1.1000001,9.0,23.817883,51.839996,44.56499,10.65,1.6397728,563.48987,488.62213,1543408.0,1021090.06,143.40001,143.40001,469.0,407.66,68.94114,39
2025-02-09 16:00:00+00:00,519.0,16.2155,10.4155,13.046749,14.13707,7.132414,10.538847,40717.734,36169.98,0.1,0.1,1.0,22.786179,49.32,46.751923,13.63,2.1736968,576.5366,499.16098,1584125.8,1057260.0,143.50002,143.50002,470.0,421.29,71.11484,40
2025-02-10 16:00:00+00:00,519.0,18.5655,12.565499,15.496751,17.849981,10.429953,14.30766,40787.574,28599.7,4.2000003,4.2000003,18.0,18.581894,42.48,53.326527,11.26,1.8853712,592.0334,513.4686,1624913.4,1085859.8,147.70001,147.70001,488.0,432.55002,73.000206,41
2025-02-11 16:00:00+00:00,519.0,18.615501,15.9155,17.317587,20.026924,15.775097,18.23858,40857.785,0.0,32.8,32.8,24.0,12.466867,27.72,73.00427,3.24,0.69116575,609.35095,531.7072,1665771.1,1085859.8,180.50002,180.50002,512.0,435.79,73.69137,42
2025-02-12 16:00:00+00:00,519.0,18.4155,14.2155,16.098833,19.34255,11.543532,14.481421,40928.285,1015.87506,48.400005,48.400005,24.0,28.660158,60.120003,41.206985,4.65,0.8364907,625.44977,546.18866,1706699.4,1086875.6,228.90002,228.90002,536.0,440.44,74.52786,43
2025-02-13 16:00:00+00:00,519.0,17.6655,14.0155,15.748834,16.94569,11.624635,14.185527,40999.023,11538.054,3.799999,3.799999,21.0,23.623928,48.6,39.771236,7.21,1.3391335,641.1986,560.3742,1747698.4,1098413.6,232.70003,232.70003,557.0,447.65,75.867,44
2025-02-14 16:00:00+00:00,519.0,22.3155,15.815499,18.567583,23.795504,14.747271,19.109947,41069.918,36943.973,0.5,0.5,5.0,16.909464,30.239998,42.30353,14.67,2.5577366,659.7662,579.48413,1788768.2,1135357.6,233.20003,233.20003,562.0,462.32,78.424736,45
2025-02-15 16:00:00+00:00,519.0,22.365501,14.4655,18.255083,22.935146,13.641832,18.358599,41140.93,36828.3,1.0000001,1.0000001,10.0,19.73854,39.96,48.270576,17.52,2.9644444,678.02124,597.8427,1829909.1,1172185.9,234.20003,234.20003,572.0,479.84,81.38918,46
2025-02-16 16:00:00+00:00,519.0,18.29,15.24,16.558752,17.730684,13.5459175,15.07787,41221.28,36000.0,0.2,0.0,1.0,21.734581,39.239998,52.170597,16.29,2.9302735,694.58,612.9206,1871130.4,1208185.9,234.40002,234.20003,573.0,496.13,84.31946,47
2025-02-17 16:00:00+00:00,519.0,18.54,14.79,16.106668,17.329472,13.882729,15.151447,41293.547,23227.395,0.1,0.0,1.0,15.94601,33.12,44.656258,10.9,2.0075078,710.6867,628.072,1912423.9,1231413.2,234.50003,234.20003,574.0,507.03,86.326965,48
2025-02-18 16:00:00+00:00,519.0,17.39,15.24,16.060833,16.523346,14.377193,15.427235,41366.63,22667.879,0.0,0.0,0.0,13.779114,27.72,45.720905,8.17,1.5654242,726.74756,643.49927,1953790.5,1254081.1,234.50003,234.20003,574.0,515.2,87.89239,49
2025-02-19 16:00:00+00:00,519.0,18.34,15.940001,16.9525,18.843987,16.226772,17.61111,41440.457,25839.662,0.0,0.0,0.0,9.504273,19.08,73.71319,8.68,1.5198127,743.7001,661.11035,1995231.0,1279920.8,234.50003,234.20003,574.0,523.88,89.4122,50
2025-02-20 16:00:00+00:00,519.0,18.09,16.09,17.029583,19.102924,14.934666,17.172344,41514.965,15376.621,1.7000002,0.0,8.0,16.610792,33.48,49.699722,5.44,1.1198362,760.7297,678.2827,2036746.0,1295297.4,236.20003,234.20003,582.0,529.32,90.532036,51
2025-02-21 16:00:00+00:00,519.0,18.89,15.790001,17.169168,18.144505,14.7180195,16.688614,41590.082,25432.598,0.0,0.0,0.0,14.8257065,29.88,29.65107,10.98,2.1117778,777.89886,694.9713,2078336.1,1320730.0,236.20003,234.20003,582.0,540.3,92.643814,52
2025-02-22 16:00:00+00:00,519.0,18.64,16.09,16.939999,18.504726,14.247492,16.474272,41665.746,18193.643,0.0,0.0,0.0,15.277749,34.2,42.39448,7.8,1.6500477,794.83887,711.44556,2120001.8,1338923.6,236.20003,234.20003,582.0,548.1,94.29386,53
2025-02-23 16:00:00+00:00,519.0,15.790001,13.54,14.829586,14.086109,11.058748,12.663746,41741.89,28612.68,0.0,0.0,0.0,20.696087,42.839996,38.884487,10.7,2.1685915,809.66846,724.1093,2161743.8,1367536.2,236.20003,234.20003,582.0,558.8,96.462456,54
2025-02-24 16:00:00+00:00,519.0,16.79,13.49,15.037918,15.784765,11.450809,13.884235,41818.445,21600.0,0.3,0.0,2.0,14.417988,31.68,38.29019,11.03,2.0158505,824.70636,737.9935,2203562.2,1389136.2,236.50003,234.20003,584.0,569.83,98.47831,55
2025-02-25 16:00:00+00:00,519.0,18.19,15.540001,16.850416,17.939463,15.156658,16.736376,41895.355,36934.74,0.3,0.0,3.0,11.304229,20.519999,33.08656,11.64,2.0241117,841.55676,754.7299,2245457.5,1426071.0,236.80003,234.20003,587.0,581.47003,100.50242,56
2025-02-26 16:00:00+00:00,519.0,18.89,17.04,18.0025,19.423048,17.271877,18.64987,41972.55,5832.457,0.0,0.0,0.0,11.966954,21.96,71.88385,4.92,1.0972879,859.55927,773.37976,2287430.0,1431903.5,236.80003,234.20003,587.0,586.39,101.59971,57
2025-02-27 16:00:00+00:00,519.0,21.04,17.89,19.360834,21.95654,18.91961,20.557634,42049.973,37017.84,0.90000004,0.0,3.0,10.028439,19.08,51.476093,13.73,2.4294217,878.9201,793.9374,2329480.0,1468921.4,237.70003,234.20003,590.0,600.12,104.02913,58
2025-02-28 16:00:00+00:00,519.0,20.49,18.44,19.475418,22.215633,19.60391,21.120779,42127.56,30749.662,0.0,0.0,0.0,8.287822,15.4800005,43.44424,9.1,1.6942137,898.3955,815.05817,2371607.5,1499671.0,237.70003,234.20003,590.0,609.22,105.72334,59
2025-03-01 16:00:00+00:00,519.0,23.807001,18.407,20.433958,27.090805,20.137405,22.565363,42205.246,39429.332,0.3,0.0,3.0,9.686609,19.44,63.435,22.6,3.914446,918.82947,837.62354,2413812.8,1539100.4,238.00003,234.20003,593.0,631.81995,109.63779,60
2025-03-02 16:00:00+00:00,519.0,24.007,18.457,20.45075,26.88552,19.946043,22.67909,42282.977,39659.152,0.0,0.0,0.0,9.220499,19.8,100.24402,19.68,3.4941661,939.2802,860.3026,2456095.8,1578759.5,238.00003,234.20003,593.0,651.49994,113.13195,61
2025-03-03 16:00:00+00:00,519.0,23.957,17.207,20.598665,26.996868,18.05718,22.394707,42360.688,39739.08,0.0,0.0,0.0,9.504272,17.64,207.55267,22.78,3.966015,959.8789,882.6973,2498456.5,1618498.6,238.00003,234.20003,593.0,674.27997,117.09797,62
2025-03-04 16:00:00+00:00,519.0,24.007,16.707,20.236168,27.426659,17.200842,21.326847,42438.32,38090.906,3.3000004,0.0,15.0,16.981165,35.64,40.06786,19.56,3.4030697,980.11505,904.0242,2540894.8,1656589.5,241.30003,234.20003,608.0,693.83997,120.50104,63
2025-03-05 16:00:00+00:00,519.0,16.407,9.807,13.669502,16.896955,7.2764874,12.246483,42515.812,30925.074,0.0,0.0,0.0,19.346441,48.96,36.99008,10.37,1.449944,993.78455,916.2706,2583410.5,1687514.6,241.30003,234.20003,608.0,704.20996,121.95098,64
2025-03-06 16:00:00+00:00,519.0,13.607,9.307,11.467418,11.710424,7.175414,9.543109,42593.117,34938.7,0.0,0.0,0.0,13.551501,45.0,31.91984,11.86,1.6713376,1005.25195,925.8137,2626003.5,1722453.4,241.30003,234.20003,608.0,716.06995,123.62232,65
2025-03-07 16:00:00+00:00,519.0,15.807,10.907001,12.925752,14.828312,9.5003805,11.672447,42670.168,33579.918,0.3,0.3,3.0,13.397612,25.919998,28.80671,12.78,1.9622376,1018.17773,937.48615,2668673.8,1756033.2,241.60004,234.50003,611.0,728.85,125.58456,66
2025-03-08 16:00:00+00:00,519.0,15.207001,11.807,13.513249,14.890011,11.262287,12.82941,42747.47,23876.26,1.5000001,1.5000001,6.0,14.618837,29.16,52.26596,11.07,1.5839175,1031.691,950.31555,2711421.2,1779909.5,243.10004,236.00003,617.0,739.92,127.16847,67
2025-03-09 16:00:00+00:00,519.0,19.307001,11.307,,20.931532,9.835952,,42825.258,,,,0.0,13.684735,30.239998,,,,,,2754246.5,,,,617.0,,,68
