date,elevation,temperature_2m_max,temperature_2m_min,temperature_2m_mean,apparent_temperature_max,apparent_temperature_min,apparent_temperature_mean,daylight_duration,sunshine_duration,precipitation_sum,rain_sum,precipitation_hours,wind_speed_10m_max,wind_gusts_10m_max,wind_direction_10m_dominant,shortwave_radiation_sum,et0_fao_evapotranspiration,cumulative_temperature_2m_mean,cumulative_apparent_temperature_mean,cumulative_daylight_duration,cumulative_sunshine_duration,cumulative_precipitation_sum,cumulative_rain_sum,cumulative_precipitation_hours,cumulative_shortwave_radiation_sum,cumulative_et0_fao_evapotranspiration,day
2025-01-01 16:00:00+00:00,2520.0,12.242001,8.642,9.752417,11.929209,7.901517,9.368693,38580.77,0.0,11.300001,11.300001,24.0,3.4949677,20.880001,85.31418,2.68,0.57836336,9.752417,9.368693,38580.77,0.0,11.300001,11.300001,24.0,2.68,0.57836336,1
2025-01-02 16:00:00+00:00,2520.0,10.542001,5.6419997,8.296165,10.081124,3.5466175,7.3193183,38603.883,17849.604,4.0999994,4.0999994,24.0,5.720489,23.4,96.5548,4.92,0.8916186,18.048582,16.688011,77184.66,17849.604,15.400001,15.400001,48.0,7.6000004,1.4699819,2
2025-01-03 16:00:00+00:00,2520.0,10.842,4.692,7.200334,9.663685,2.3895507,5.30809,38628.695,35731.934,1.0000001,1.0000001,10.0,6.1120534,25.56,102.99463,13.03,1.9334931,25.248917,21.996101,115813.35,53581.54,16.400002,16.400002,58.0,20.630001,3.403475,3
2025-01-04 16:00:00+00:00,2520.0,9.942,5.592,7.3232493,8.08266,4.0367556,5.730001,38655.18,35761.066,1.3000001,1.3000001,9.0,4.9785542,31.68,247.14119,11.46,1.691829,32.572166,27.726103,154468.53,89342.61,17.7,17.7,67.0,32.09,5.095304,4
2025-01-05 16:00:00+00:00,2520.0,10.892,4.692,7.1669993,9.228923,2.7470255,5.528689,38683.316,35791.984,0.2,0.2,2.0,4.2366967,31.319998,58.298714,12.27,1.8618591,39.739166,33.25479,193151.84,125134.59,17.900002,17.900002,69.0,44.36,6.957163,5
2025-01-06 16:00:00+00:00,2520.0,9.442,4.292,6.2045,8.027606,2.2416677,4.3949814,38713.082,27672.525,0.70000005,0.70000005,7.0,4.514377,34.92,135.4696,8.45,1.3002394,45.943665,37.649773,231864.92,152807.12,18.600002,18.600002,76.0,52.81,8.257402,6
2025-01-07 16:00:00+00:00,2520.0,9.742001,3.9919999,6.216999,7.9107447,2.078731,4.5041413,38744.78,35792.254,0.6,0.6,6.0,3.84796,32.399998,248.9623,11.33,1.6729733,52.160664,42.153915,270609.7,188599.38,19.200003,19.200003,82.0,64.14,9.930376,7
2025-01-08 16:00:00+00:00,2520.0,8.192,3.842,5.5690827,6.307973,1.8554058,3.7836072,38778.52,30293.846,2.5,2.5,10.0,3.8856654,34.56,178.06944,6.96,1.103785,57.729748,45.937523,309388.22,218893.22,21.700003,21.700003,92.0,71.1,11.034161,8
2025-01-09 16:00:00+00:00,2520.0,6.792,2.392,4.400333,5.51482,0.042137146,2.45502,38814.23,27428.295,5.8999996,5.8999996,24.0,4.802999,27.0,99.090195,6.78,1.033399,62.13008,48.392544,348202.44,246321.52,27.600002,27.600002,116.0,77.88,12.067559,9
2025-01-10 16:00:00+00:00,2520.0,6.342,2.392,3.7753327,4.5981894,0.20867395,1.8234841,38851.836,29116.342,7.6999993,7.6999993,23.0,3.671294,33.48,176.52013,7.83,1.0910794,65.90541,50.216026,387054.28,275437.84,35.300003,35.300003,139.0,85.71,13.158639,10
2025-01-11 16:00:00+00:00,2520.0,7.792,1.792,4.34825,6.015978,-0.55713224,2.2956147,38891.258,35778.9,0.70000005,0.70000005,7.0,3.7585104,30.239998,100.70133,11.67,1.6600454,70.25366,52.511642,425945.53,311216.75,36.000004,36.000004,146.0,97.38,14.818685,11
2025-01-12 16:00:00+00:00,2520.0,11.142,1.942,5.61075,10.274941,-0.67741776,3.6427653,38932.43,35778.914,0.0,0.0,0.0,4.6730714,29.88,111.8665,15.33,2.264026,75.86441,56.154408,464877.97,346995.66,36.000004,36.000004,146.0,112.71,17.08271,12
2025-01-13 16:00:00+00:00,2520.0,12.842,2.692,7.358667,12.066307,0.47711325,5.8783116,38975.273,35780.28,1.2,1.2,5.0,3.319036,33.48,296.99564,15.96,2.4280086,83.223076,62.03272,503853.25,382775.94,37.200005,37.200005,151.0,128.67,19.51072,13
2025-01-14 16:00:00+00:00,2520.0,10.242001,4.342,7.233666,9.583131,2.2563148,6.1184173,39019.71,530.99005,10.800001,10.800001,24.0,4.6730714,30.960001,71.34202,2.51,0.5318141,90.45674,68.15114,542872.94,383306.94,48.000008,48.000008,175.0,131.18,20.042534,14
2025-01-15 16:00:00+00:00,2520.0,8.192,3.2919998,5.006583,6.5296373,1.2809486,3.179264,39065.676,31421.633,1.9000003,1.9000003,19.0,4.1046314,33.839996,103.916916,9.12,1.3428385,95.463326,71.3304,581938.6,414728.56,49.90001,49.90001,194.0,140.29999,21.385372,15
2025-01-16 16:00:00+00:00,2520.0,9.642,2.392,5.5711656,8.110169,-0.17676306,3.46969,39113.098,35358.375,0.5,0.5,5.0,5.068846,26.28,103.83844,10.83,1.6649961,101.03449,74.80009,621051.75,450086.94,50.40001,50.40001,199.0,151.12999,23.05037,16
2025-01-17 16:00:00+00:00,2520.0,8.992001,3.7419999,6.056584,7.5770397,1.6187158,4.349198,39161.895,26290.549,1.5000001,1.5000001,10.0,4.327493,31.68,146.85979,8.09,1.2727857,107.09108,79.149284,660213.6,476377.5,51.90001,51.90001,209.0,159.21999,24.323154,17
2025-01-18 16:00:00+00:00,2520.0,10.692,5.992,7.5170007,9.012287,4.554041,6.102768,39212.004,35807.414,1.5000002,1.5000002,15.0,4.5,30.960001,266.66617,10.65,1.6202161,114.60808,85.25205,699425.6,512184.9,53.40001,53.40001,224.0,169.86998,25.94337,18
2025-01-19 16:00:00+00:00,2520.0,11.442,4.492,6.871166,10.227279,2.5782285,5.2071867,39263.35,35816.93,1.0000001,1.0000001,9.0,4.5322843,37.8,215.15898,12.81,1.9343598,121.47925,90.459236,738689.0,548001.8,54.40001,54.40001,233.0,182.67998,27.877731,19
2025-01-20 16:00:00+00:00,2520.0,10.392,4.342,6.700334,9.325063,2.1580787,4.988192,39315.867,34294.164,0.70000005,0.70000005,7.0,4.724786,27.359999,120.96374,12.27,1.8701885,128.17958,95.447426,778004.9,582296.0,55.10001,55.10001,240.0,194.94998,29.74792,20
2025-01-21 16:00:00+00:00,2520.0,10.092,3.7919998,6.712834,8.123388,2.0180845,5.053411,39369.48,35840.094,1.0000001,1.0000001,8.0,4.7827187,39.6,198.18913,10.51,1.58128,134.89241,100.50084,817374.4,618136.1,56.10001,56.10001,248.0,205.45998,31.329199,21
2025-01-22 16:00:00+00:00,2520.0,13.142,5.542,8.367,11.499538,3.6857095,6.9560237,39424.12,35871.22,0.4,0.4,4.0,5.95906,36.0,293.7577,13.61,2.1115222,143.25941,107.45686,856798.5,654007.4,56.50001,56.50001,252.0,219.06998,33.44072,22
2025-01-23 16:00:00+00:00,2520.0,13.292001,5.992,8.706583,12.098585,4.301631,7.254234,39479.727,35868.805,1.3000001,1.3000001,9.0,5.4744864,38.519997,234.06644,13.77,2.174321,151.966,114.7111,896278.25,689876.2,57.80001,57.80001,261.0,232.83998,35.61504,23
2025-01-24 16:00:00+00:00,2520.0,12.442,6.042,8.375333,11.437695,4.6116486,7.110617,39536.227,35857.246,1.2000002,1.2000002,11.0,3.462369,34.56,246.63077,12.75,2.0220232,160.34134,121.82172,935814.5,725733.44,59.00001,59.00001,272.0,245.58998,37.637062,24
2025-01-25 16:00:00+00:00,2520.0,9.392,5.342,6.917,7.728901,3.6890411,5.4006195,39593.56,28135.686,3.0000002,3.0000002,19.0,3.438895,28.08,256.86603,8.97,1.4043348,167.25833,127.222336,975408.06,753869.1,62.00001,62.00001,291.0,254.55998,39.041397,25
2025-01-26 16:00:00+00:00,2520.0,4.992,1.292,3.6336668,3.5521579,-1.1315868,1.8164487,39651.668,3601.505,7.999999,7.999999,24.0,3.2846913,30.960001,137.89139,3.5,0.6052253,170.892,129.03879,1015059.75,757470.6,70.00001,70.00001,315.0,258.06,39.64662,26
2025-01-27 16:00:00+00:00,2520.0,6.442,0.442,2.7565835,4.099991,-2.3215296,0.27996477,39711.066,35574.17,1.1000001,0.9000001,10.0,3.7971036,32.760002,100.24398,11.1,1.5431032,173.64857,129.31876,1054770.9,793044.8,71.100006,70.90001,325.0,269.16,41.189724,27
2025-01-28 16:00:00+00:00,2520.0,6.742,1.342,3.36075,4.562008,-1.2088675,1.0327212,39771.98,31959.787,2.2,2.0000002,19.0,5.4744864,33.12,133.28165,10.48,1.4638036,177.00932,130.35147,1094542.9,825004.6,73.3,72.90001,344.0,279.64,42.653526,28
2025-01-29 16:00:00+00:00,2520.0,9.942,1.842,4.950333,8.362988,-0.58995366,2.8923886,39834.33,36130.7,0.9000001,0.9000001,9.0,4.7657523,33.12,116.564995,14.2,2.0595,181.95966,133.24387,1134377.2,861135.3,74.200005,73.80001,353.0,293.84003,44.713028,29
2025-01-30 16:00:00+00:00,2520.0,9.142,3.342,6.652416,8.219975,1.0248718,5.156531,39898.02,16136.673,18.4,18.4,22.0,4.802999,30.960001,106.65624,4.65,0.7718624,188.61208,138.40039,1174275.2,877272.0,92.600006,92.20001,375.0,298.49002,45.48489,30
2025-01-31 16:00:00+00:00,2520.0,13.792001,7.492,10.202417,13.437185,6.3968534,9.630858,39962.96,34101.348,7.499999,7.499999,24.0,3.644722,32.760002,158.01752,10.62,1.7707148,198.8145,148.03125,1214238.2,911373.4,100.100006,99.70001,399.0,309.11002,47.255604,31
2025-02-01 16:00:00+00:00,2520.0,12.892,7.3919997,9.975333,11.527712,6.3695774,8.973674,40029.07,36000.0,2.5,2.5,19.0,6.1569467,48.96,253.06203,12.46,1.9808694,208.78983,157.00493,1254267.4,947373.4,102.600006,102.20001,418.0,321.57,49.236473,32
2025-02-02 16:00:00+00:00,2520.0,9.642,4.692,7.2045,8.178861,2.9510727,5.7770653,40096.27,31577.215,2.6,2.6,20.0,5.0816135,36.719997,238.3512,9.53,1.445943,215.99432,162.782,1294363.6,978950.56,105.200005,104.80001,438.0,331.1,50.682415,33
2025-02-03 16:00:00+00:00,2520.0,5.942,2.692,4.1128335,4.4334917,0.40727282,2.1162882,40164.47,11117.427,3.6999993,3.5999992,20.0,4.6102495,27.359999,119.94871,5.72,0.91606045,220.10716,164.89828,1334528.1,990068.0,108.9,108.40001,458.0,336.82,51.598476,34
2025-02-04 16:00:00+00:00,2520.0,6.942,1.942,4.1774163,4.797291,-0.41614962,2.0286443,40233.59,36017.02,2.8000002,2.8000002,17.0,5.5216303,41.760002,213.02386,11.87,1.5962161,224.28458,166.92693,1374761.8,1026085.0,111.700005,111.20001,475.0,348.69,53.19469,35
2025-02-05 16:00:00+00:00,2520.0,9.692,3.642,6.2545,8.04106,1.859467,4.666612,40303.55,31706.482,1.2,1.2,11.0,4.278551,33.839996,185.59924,10.55,1.6015267,230.53908,171.59354,1415065.2,1057791.5,112.9,112.40001,486.0,359.24,54.79622,36
2025-02-06 16:00:00+00:00,2520.0,11.442,4.492,7.2440834,9.984092,2.454256,5.69937,40374.273,36301.977,1.7000002,1.7000002,10.0,4.991553,35.28,169.26118,13.47,2.0626953,237.78316,177.29291,1455439.5,1094093.5,114.6,114.100006,496.0,372.71,56.858913,37
2025-02-07 16:00:00+00:00,2520.0,9.042001,3.092,5.3607497,7.90388,0.96563625,3.5838807,40445.676,36000.0,1.7000003,1.7000003,17.0,4.896529,35.64,107.19391,11.41,1.7157657,243.1439,180.87679,1495885.1,1130093.5,116.299995,115.8,513.0,384.12,58.57468,38
2025-02-08 16:00:00+00:00,2520.0,9.242001,3.2919998,5.3503337,7.7569714,1.3130274,3.4062824,40517.688,33043.695,1.2,1.2,11.0,5.2939587,31.68,109.01822,11.02,1.680143,248.49423,184.28307,1536402.8,1163137.2,117.49999,117.0,524.0,395.13998,60.25482,39
2025-02-09 16:00:00+00:00,2520.0,11.992001,3.592,6.7482495,11.181867,1.4107256,5.0217347,40590.23,36607.293,0.3,0.3,3.0,4.293669,36.719997,102.52884,15.64,2.3537307,255.24248,189.3048,1576993.0,1199744.5,117.799995,117.3,527.0,410.78,62.60855,40
2025-02-10 16:00:00+00:00,2520.0,14.142,3.9919999,8.675333,14.141737,2.0811973,7.365352,40663.223,36500.816,0.8000001,0.8000001,7.0,4.198285,31.68,119.39097,16.1,2.613153,263.91782,196.67015,1617656.2,1236245.4,118.6,118.100006,534.0,426.88,65.2217,41
2025-02-11 16:00:00+00:00,2520.0,11.192,8.842,10.206585,11.124154,7.750615,9.901749,40736.6,0.0,46.4,46.4,24.0,3.5455887,37.44,112.24906,1.79,0.47058135,274.1244,206.5719,1658392.9,1236245.4,165.0,164.5,558.0,428.67,65.69228,42
2025-02-12 16:00:00+00:00,2520.0,10.992001,8.692,9.914918,10.772577,7.7472124,9.314299,40810.29,391.30234,57.000008,57.000008,24.0,5.7628117,35.64,94.14938,3.0,0.6235166,284.0393,215.8862,1699203.1,1236636.6,222.0,221.5,582.0,431.67,66.3158,43
2025-02-13 16:00:00+00:00,2520.0,11.892,8.492001,9.979501,12.018637,7.6089325,9.581225,40884.215,12063.097,3.3999996,3.3999996,14.0,3.8856654,32.039997,89.19867,6.21,1.112645,294.0188,225.46742,1740087.4,1248699.8,225.4,224.9,596.0,437.88,67.42845,44
2025-02-14 16:00:00+00:00,2520.0,12.1505,5.2005005,8.021334,11.137201,3.2179875,6.2594314,40955.19,36673.562,0.0,0.0,0.0,12.879752,68.76,274.20523,18.17,2.4898477,302.04013,231.72685,1781042.6,1285373.2,225.4,224.9,596.0,456.05002,69.9183,45
2025-02-15 16:00:00+00:00,2520.0,12.7005005,4.5505,7.604667,11.349371,1.5158234,5.1940756,41029.484,37865.48,0.0,0.0,0.0,14.57889,74.88,267.72644,22.51,3.1477978,309.6448,236.92093,1822072.1,1323238.8,225.4,224.9,596.0,478.56003,73.06609,46
2025-02-16 16:00:00+00:00,2520.0,11.750501,3.2005002,6.502584,10.991699,0.6667943,4.3478737,41104.45,37768.9,0.0,0.0,0.0,13.324863,76.67999,280.88058,21.87,2.867987,316.1474,241.2688,1863176.6,1361007.6,225.4,224.9,596.0,500.43002,75.93408,47
2025-02-17 16:00:00+00:00,2520.0,8.000501,0.7005,4.5588336,4.9599705,-2.1588244,1.9741502,41180.34,36482.992,0.0,0.0,0.0,13.089354,74.88,287.0645,16.11,1.9709039,320.70624,243.24295,1904357.0,1397490.6,225.4,224.9,596.0,516.54004,77.90498,48
2025-02-18 16:00:00+00:00,2520.0,9.0505,0.9505,4.723417,6.918414,-1.6106524,2.4350646,41257.086,36323.773,0.0,0.0,0.0,14.264361,82.439995,312.54324,19.12,2.3517478,325.42966,245.67801,1945614.1,1433814.4,225.4,224.9,596.0,535.66003,80.25673,49
2025-02-19 16:00:00+00:00,2520.0,8.8005,0.9505,4.7359166,6.17393,-1.8921101,2.225316,41334.61,37102.445,0.1,0.0,1.0,12.538134,68.76,283.17712,16.54,2.081226,330.1656,247.90332,1986948.8,1470916.9,225.5,224.9,597.0,552.2,82.33795,50
2025-02-20 16:00:00+00:00,2520.0,8.1505,3.0005,5.298417,5.1951046,0.6948509,2.8757114,41412.85,36470.992,0.8000001,0.0,6.0,13.854155,70.92,293.66644,13.57,1.6993682,335.46402,250.77904,2028361.6,1507387.9,226.3,224.9,603.0,565.77,84.03732,51
2025-02-21 16:00:00+00:00,2520.0,10.3505,1.6505,5.721333,8.175614,-0.92034507,3.463317,41491.73,36367.152,0.1,0.0,1.0,11.212135,73.439995,323.76746,14.74,2.0338485,341.18536,254.24236,2069853.4,1543755.0,226.40001,224.9,604.0,580.51,86.071175,52
2025-02-22 16:00:00+00:00,2520.0,8.000501,3.5005,5.4630013,5.343519,1.2160301,3.1535332,41571.176,31735.438,0.1,0.0,1.0,12.10157,70.2,289.87692,10.22,1.3470327,346.64838,257.39587,2111424.5,1575490.5,226.50002,224.9,605.0,590.73,87.418205,53
2025-02-23 16:00:00+00:00,2520.0,8.7005005,-0.19949996,4.6130004,5.321843,-2.9170177,2.0189335,41651.125,38019.08,0.1,0.0,1.0,14.512064,77.4,318.42395,15.94,2.0020008,351.26138,259.4148,2153075.5,1613509.6,226.60002,224.9,606.0,606.67,89.420204,54
2025-02-24 16:00:00+00:00,2520.0,10.2005005,0.050500154,4.777583,9.1422,-2.4619799,2.499266,41731.504,39063.426,0.0,0.0,0.0,11.212135,55.8,281.441,21.91,2.783294,356.03897,261.91406,2194807.0,1652573.0,226.60002,224.9,606.0,628.57996,92.2035,55
2025-02-25 16:00:00+00:00,2520.0,8.6005,2.3504999,5.554667,5.874402,-0.6433599,3.1084864,41812.25,31781.797,0.3,0.6,3.0,8.714677,54.36,256.60748,11.98,1.6909654,361.59363,265.02255,2236619.2,1684354.8,226.90002,225.5,609.0,640.55994,93.89446,56
2025-02-26 16:00:00+00:00,2520.0,10.1505,4.4505005,7.127584,8.083103,2.4455042,5.234361,41893.3,39008.676,0.0,0.0,0.0,9.19939,51.48,65.69541,13.43,1.9072491,368.72122,270.25693,2278512.5,1723363.4,226.90002,225.5,609.0,653.9899,95.80171,57
2025-02-27 16:00:00+00:00,2520.0,14.972,5.9005003,9.761854,13.770344,3.407968,7.834478,41974.586,34562.99,0.9000001,0.0,9.0,11.165805,50.039997,69.67673,18.76,2.9671268,378.48306,278.0914,2320487.0,1757926.4,227.80002,225.5,618.0,672.74994,98.76884,58
2025-02-28 16:00:00+00:00,2520.0,14.671999,7.8719997,9.953249,12.332262,5.1406937,7.828102,42056.035,24938.729,1.2,1.2,9.0,11.183201,15.119999,205.03563,10.45,1.8831373,388.4363,285.9195,2362543.0,1782865.1,229.00002,226.7,627.0,683.19995,100.65198,59
2025-03-01 16:00:00+00:00,2520.0,15.171999,6.5220003,10.013667,15.005981,3.6239386,7.9680448,42137.594,39486.52,1.8000002,0.0,12.0,13.237039,15.4800005,247.02057,22.26,3.330973,398.44998,293.88754,2404680.5,1822351.6,230.80002,226.7,639.0,705.45996,103.98295,60
2025-03-02 16:00:00+00:00,2520.0,14.122,5.972,9.469917,13.934879,3.476389,7.740644,42219.195,39570.74,2.1,0.0,12.0,12.7279215,16.199999,261.63037,24.18,3.4437337,407.9199,301.62817,2446899.8,1861922.4,232.90002,226.7,651.0,729.63995,107.42668,61
2025-03-03 16:00:00+00:00,2520.0,15.271999,4.972,9.305334,13.998566,2.354926,7.2769666,42300.773,39654.812,0.6,0.0,6.0,11.753876,11.159999,265.649,22.8,3.3377633,417.22522,308.90515,2489200.5,1901577.2,233.50003,226.7,657.0,752.43994,110.76444,62
2025-03-04 16:00:00+00:00,2520.0,9.472,6.3719997,7.884499,7.3214245,3.6510906,5.5949016,42382.27,27299.953,0.9000001,0.3,9.0,12.074766,18.0,278.71133,7.46,1.0240933,425.1097,314.50006,2531582.8,1928877.2,234.40002,227.0,666.0,759.89996,111.788536,63
2025-03-05 16:00:00+00:00,2520.0,8.672,2.772,5.517833,5.0169,-0.22081709,2.4528322,42463.62,33690.668,0.0,0.0,0.0,17.057314,24.84,302.74393,12.55,1.4454335,430.62753,316.95288,2574046.2,1962567.9,234.40002,227.0,666.0,772.44995,113.23397,64
2025-03-06 16:00:00+00:00,2520.0,9.172,1.572,4.6657495,7.4757586,-0.8195677,2.0475636,42544.76,38326.996,0.0,0.0,0.0,15.077082,16.919998,315.67,21.26,2.5313728,435.29327,319.00046,2616591.0,2000894.9,234.40002,227.0,666.0,793.70996,115.76534,65
2025-03-07 16:00:00+00:00,2520.0,9.771999,0.67199993,4.81575,8.043636,-2.5743966,2.1976693,42625.645,37755.29,0.0,0.0,0.0,12.72283,9.36,321.05423,17.59,2.2585123,440.109,321.19812,2659216.8,2038650.1,234.40002,227.0,666.0,811.3,118.02386,66
