date,elevation,temperature_2m_max,temperature_2m_min,temperature_2m_mean,apparent_temperature_max,apparent_temperature_min,apparent_temperature_mean,daylight_duration,sunshine_duration,precipitation_sum,rain_sum,precipitation_hours,wind_speed_10m_max,wind_gusts_10m_max,wind_direction_10m_dominant,shortwave_radiation_sum,et0_fao_evapotranspiration,cumulative_temperature_2m_mean,cumulative_apparent_temperature_mean,cumulative_daylight_duration,cumulative_sunshine_duration,cumulative_precipitation_sum,cumulative_rain_sum,cumulative_precipitation_hours,cumulative_shortwave_radiation_sum,cumulative_et0_fao_evapotranspiration,day
2025-01-01 16:00:00+00:00,26.0,18.0015,16.3515,17.084833,17.026142,15.083248,15.976917,38508.28,0.0,9.000001,9.000001,11.0,24.485954,37.8,0.5769236,2.28,0.8766538,17.084833,15.976917,38508.28,0.0,9.000001,9.000001,11.0,2.28,0.8766538,1
2025-01-02 16:00:00+00:00,26.0,18.4015,15.1015,16.716085,15.0828495,12.806833,13.821571,38531.74,32248.41,0.0,0.0,0.0,32.78422,56.519997,4.6091666,9.3,2.2919865,33.80092,29.798489,77040.016,32248.41,9.000001,9.000001,11.0,11.58,3.1686401,2
2025-01-03 16:00:00+00:00,26.0,21.2015,14.7015,17.493168,21.667877,12.54394,16.767357,38556.92,35645.266,0.1,0.1,1.0,17.794527,30.960001,4.458602,14.52,2.702984,51.294086,46.565845,115596.94,67893.67,9.100001,9.100001,12.0,26.1,5.871624,3
2025-01-04 16:00:00+00:00,26.0,19.4015,15.1515,16.601501,19.707073,13.96855,16.002548,38583.8,27241.688,2.3999996,2.3999996,8.0,22.737783,35.28,1.3529013,8.48,1.5275724,67.895584,62.568394,154180.73,95135.36,11.500001,11.500001,20.0,34.58,7.3991966,4
2025-01-05 16:00:00+00:00,26.0,19.3015,14.0515,16.578585,16.710365,11.861368,14.389953,38612.355,35623.5,0.1,0.1,1.0,28.634146,51.48,7.6843634,17.01,3.0359256,84.47417,76.95834,192793.1,130758.86,11.600001,11.600001,21.0,51.590004,10.4351225,5
2025-01-06 16:00:00+00:00,26.0,18.4515,13.1015,15.255668,17.440485,11.089291,13.72885,38642.566,35490.66,1.1,1.1,8.0,16.478603,27.72,4.8470755,12.96,2.3194356,99.729836,90.687195,231435.66,166249.52,12.700002,12.700002,29.0,64.55,12.754559,6
2025-01-07 16:00:00+00:00,26.0,19.5515,13.4515,15.957751,19.087097,12.011822,14.615813,38674.734,35608.984,0.0,0.0,0.0,20.703129,33.48,4.7983627,14.94,2.5906208,115.687584,105.30301,270110.38,201858.5,12.700002,12.700002,29.0,79.490005,15.34518,7
2025-01-08 16:00:00+00:00,26.0,18.1515,14.2015,15.868168,15.765236,10.223492,13.1839285,38708.98,35603.9,0.0,0.0,0.0,28.676546,47.519997,9.284581,11.97,2.5789154,131.55576,118.48694,308819.34,237462.4,12.700002,12.700002,29.0,91.46001,17.924095,8
2025-01-09 16:00:00+00:00,26.0,15.7515,13.0015,14.134835,10.576147,8.094608,9.376924,38745.22,35600.17,0.0,0.0,0.0,34.0885,59.039997,4.052506,13.02,3.0141623,145.6906,127.86386,347564.56,273062.56,12.700002,12.700002,29.0,104.48001,20.938257,9
2025-01-10 16:00:00+00:00,26.0,16.8015,12.7515,14.228583,13.8414345,8.81539,10.650685,38783.383,35597.797,0.1,0.1,1.0,32.760002,54.719997,2.1562681,14.72,2.7676039,159.91917,138.51454,386347.94,308660.38,12.800002,12.800002,30.0,119.20001,23.70586,10
2025-01-11 16:00:00+00:00,26.0,16.7515,12.1515,13.832749,12.761494,7.992756,9.908902,38823.4,35596.78,0.0,0.0,0.0,30.28336,51.839996,3.6151009,17.06,3.260578,173.75192,148.42345,425171.34,344257.16,12.800002,12.800002,30.0,136.26001,26.966438,11
2025-01-12 16:00:00+00:00,26.0,18.8015,9.5015,14.359833,17.776653,6.7920446,12.605839,38865.176,35597.117,0.0,0.0,0.0,15.481048,25.919998,354.35675,17.38,2.9434361,188.11176,161.02928,464036.53,379854.28,12.800002,12.800002,30.0,153.64001,29.909874,12
2025-01-13 16:00:00+00:00,26.0,19.4515,9.9015,15.611917,19.379675,8.543492,15.080386,38908.656,35598.82,0.5,0.5,2.0,13.337016,24.48,351.75055,16.32,2.6297512,203.72368,176.10966,502945.2,415453.1,13.300002,13.300002,32.0,169.96002,32.539627,13
2025-01-14 16:00:00+00:00,26.0,16.1015,13.4015,15.089,15.302067,8.86495,12.233743,38953.758,14335.627,1.0000001,1.0000001,6.0,33.24498,55.44,4.9175224,4.85,1.3289403,218.81268,188.34341,541898.94,429788.72,14.300002,14.300002,38.0,174.81003,33.86857,14
2025-01-15 16:00:00+00:00,26.0,16.9015,12.0515,13.720252,13.523973,8.352507,9.875049,39000.402,35606.31,0.0,0.0,0.0,32.04202,55.8,1.7703079,15.92,2.9790144,232.53293,198.21846,580899.3,465395.03,14.300002,14.300002,38.0,190.73003,36.847584,15
2025-01-16 16:00:00+00:00,26.0,17.5515,11.8515,14.055667,14.84483,8.266083,10.889743,39048.527,35612.094,0.0,0.0,0.0,25.38,43.92,1.8341018,16.55,2.9569561,246.5886,209.1082,619947.8,501007.12,14.300002,14.300002,38.0,207.28003,39.80454,16
2025-01-17 16:00:00+00:00,26.0,18.2015,11.9515,15.141084,17.185764,10.384197,13.83654,39098.047,35619.266,1.8,1.8,9.0,17.460928,28.8,359.17798,10.67,1.9746579,261.72968,222.94473,659045.9,536626.4,16.100002,16.100002,47.0,217.95003,41.779198,17
2025-01-18 16:00:00+00:00,26.0,18.5515,14.2015,15.847333,16.59087,12.674324,14.502442,39148.9,33512.45,0.8,0.8,3.0,23.983269,40.68,4.713327,11.92,1.8650017,277.577,237.44717,698194.75,570138.8,16.900002,16.900002,50.0,229.87003,43.6442,18
2025-01-19 16:00:00+00:00,26.0,19.8515,12.8515,15.943168,19.76025,11.976027,14.482464,39201.004,35658.87,0.0,0.0,0.0,22.90531,38.519997,3.3337517,16.15,2.866989,293.52017,251.92964,737395.75,605797.7,16.900002,16.900002,50.0,246.02002,46.51119,19
2025-01-20 16:00:00+00:00,26.0,20.4015,13.4515,16.532751,20.748455,11.514891,15.83313,39254.293,35649.023,0.0,0.0,0.0,15.206538,24.119999,5.6928167,16.03,2.7891455,310.05292,267.76276,776650.06,641446.7,16.900002,16.900002,50.0,262.05002,49.300335,20
2025-01-21 16:00:00+00:00,26.0,19.9015,12.3515,16.361917,19.688192,12.249874,16.392271,39308.7,35661.71,0.1,0.1,1.0,14.77755,26.64,353.65988,13.82,2.2138371,326.41483,284.15503,815958.75,677108.4,17.000002,17.000002,51.0,275.87003,51.51417,21
2025-01-22 16:00:00+00:00,26.0,20.5515,14.8015,16.849419,19.507275,14.124765,15.940953,39364.152,33644.05,0.0,0.0,0.0,22.862833,36.0,8.775131,14.83,2.4001925,343.26425,300.09598,855322.9,710752.44,17.000002,17.000002,51.0,290.7,53.914364,22
2025-01-23 16:00:00+00:00,26.0,21.4015,15.1015,17.420252,20.548367,13.038252,16.06679,39420.574,35691.28,0.0,0.0,0.0,22.338137,38.16,6.6434426,15.39,2.8853173,360.6845,316.16278,894743.44,746443.75,17.000002,17.000002,51.0,306.09003,56.799683,23
2025-01-24 16:00:00+00:00,26.0,21.1515,15.3015,17.27025,20.468647,14.03097,15.898599,39477.91,35708.164,0.0,0.0,0.0,25.80286,43.92,7.8133445,16.42,2.8479855,377.95477,332.06137,934221.4,782151.94,17.000002,17.000002,51.0,322.51004,59.647667,24
2025-01-25 16:00:00+00:00,26.0,19.6015,13.6015,16.053583,17.983742,9.802725,13.698006,39536.086,35726.47,0.2,0.2,2.0,32.9577,56.88,2.4289703,15.16,2.5356257,394.00836,345.75937,973757.44,817878.4,17.200003,17.200003,53.0,337.67004,62.183292,25
2025-01-26 16:00:00+00:00,26.0,13.2515,10.7515,11.797333,9.365386,5.198901,6.7322135,39595.05,19156.082,3.6,3.6,12.0,35.087074,61.56,3.4128726,6.62,1.8618755,405.8057,352.49158,1013352.5,837034.44,20.800003,20.800003,65.0,344.29004,64.045166,26
2025-01-27 16:00:00+00:00,26.0,16.9015,10.9015,13.355666,12.794323,5.5101376,8.769492,39655.324,35993.96,0.0,0.0,0.0,30.259275,51.839996,4.20471,16.96,3.7858818,419.16135,361.26108,1053007.9,873028.4,20.800003,20.800003,65.0,361.25003,67.83105,27
2025-01-28 16:00:00+00:00,26.0,18.3015,11.7015,14.447331,16.479504,8.349755,11.889899,39717.137,36103.43,0.0,0.0,0.0,20.163212,33.48,2.8667307,17.04,3.2469766,433.60867,373.15097,1092725.0,909131.8,20.800003,20.800003,65.0,378.29004,71.078026,28
2025-01-29 16:00:00+00:00,26.0,19.8515,11.8515,15.409833,20.199028,11.072678,14.87991,39780.4,36218.36,0.0,0.0,0.0,13.849477,24.84,348.28326,18.13,2.9571962,449.0185,388.03088,1132505.4,945350.2,20.800003,20.800003,65.0,396.42004,74.035225,29
2025-01-30 16:00:00+00:00,26.0,19.1015,13.8515,16.114,19.058535,13.106758,15.758281,39845.02,16931.613,1.1,1.1,4.0,11.212135,19.08,356.78143,6.57,1.4165756,465.1325,403.78915,1172350.4,962281.8,21.900003,21.900003,69.0,402.99005,75.4518,30
2025-01-31 16:00:00+00:00,26.0,21.4015,15.1515,17.834833,21.705551,15.332806,17.862968,39910.914,33348.69,6.2,6.2,13.0,20.340796,29.88,5.350283,11.26,2.0097928,482.96735,421.65213,1212261.2,995630.5,28.100002,28.100002,82.0,414.25006,77.46159,31
2025-02-01 16:00:00+00:00,26.0,20.6015,15.6015,17.291086,20.628958,14.400545,16.367443,39977.996,34876.613,2.6999998,2.6999998,12.0,24.512405,41.039997,1.2311873,15.35,2.3794053,500.25842,438.01956,1252239.2,1030507.1,30.800003,30.800003,94.0,429.60007,79.840996,32
2025-02-02 16:00:00+00:00,26.0,16.4015,12.8015,14.703586,14.452999,7.981518,11.555806,40046.18,34834.98,2.2,2.2,14.0,35.166397,60.120003,3.1259637,10.92,1.9064502,514.96204,449.57538,1292285.4,1065342.1,33.000004,33.000004,108.0,440.52008,81.747444,33
2025-02-03 16:00:00+00:00,26.0,16.0515,12.4015,13.524417,11.834177,7.4189034,9.131508,40115.375,35964.242,0.4,0.4,3.0,31.532896,54.0,4.233233,11.71,2.7937226,528.48645,458.70688,1332400.8,1101306.4,33.400005,33.400005,111.0,452.23007,84.54117,34
2025-02-04 16:00:00+00:00,26.0,18.4015,12.6515,15.23067,18.406347,9.949583,13.837607,40185.508,36498.76,0.1,0.1,1.0,15.664136,29.519999,0.35436872,16.67,2.9436862,543.7171,472.5445,1372586.2,1137805.1,33.500004,33.500004,112.0,468.9001,87.484856,35
2025-02-05 16:00:00+00:00,26.0,19.6515,13.4515,16.022335,19.966913,13.174568,15.598714,40256.492,31552.104,0.6,0.6,5.0,14.588885,28.08,357.839,12.08,2.191322,559.73944,488.14322,1412842.8,1169357.2,34.100002,34.100002,117.0,480.98007,89.67618,36
2025-02-06 16:00:00+00:00,26.0,18.7515,12.9515,15.547333,16.29811,7.83,12.335635,40328.246,36717.63,0.0,0.0,0.0,36.208645,62.279995,2.0996048,17.05,2.9691973,575.28674,500.47885,1453171.0,1206074.9,34.100002,34.100002,117.0,498.03006,92.64538,37
2025-02-07 16:00:00+00:00,26.0,14.1515,11.2515,12.743168,8.651529,5.858548,7.518713,40400.69,36184.04,0.1,0.1,1.0,36.40453,63.72,2.2607837,12.96,2.8770423,588.0299,507.99756,1493571.8,1242258.9,34.2,34.2,118.0,510.99005,95.52242,38
2025-02-08 16:00:00+00:00,26.0,16.8515,11.0515,13.186917,13.326595,7.2935276,9.467481,40473.754,36395.29,1.5000002,1.5000002,13.0,30.240534,52.56,0.8747881,17.36,3.0078363,601.2168,517.465,1534045.5,1278654.1,35.7,35.7,131.0,528.35004,98.53026,39
2025-02-09 16:00:00+00:00,26.0,19.1015,11.6515,14.947334,18.533699,9.803034,13.521077,40547.348,37163.79,0.6,0.6,6.0,19.222954,32.760002,357.23096,19.26,3.0744967,616.1641,530.9861,1574592.9,1315817.9,36.3,36.3,137.0,547.61005,101.60475,40
2025-02-10 16:00:00+00:00,26.0,20.7515,11.9015,16.343168,20.880243,10.569609,15.913391,40621.41,36834.96,0.0,0.0,0.0,18.455048,29.88,349.3015,19.61,3.1499395,632.50726,546.8995,1615214.2,1352652.9,36.3,36.3,137.0,567.22003,104.75469,41
2025-02-11 16:00:00+00:00,26.0,18.1515,15.4015,16.805668,19.67794,15.148563,17.103376,40695.855,0.0,37.499996,37.499996,22.0,19.559633,35.28,0.92533153,2.13,0.58949685,649.3129,564.00287,1655910.1,1352652.9,73.799995,73.799995,159.0,569.35004,105.34419,42
2025-02-12 16:00:00+00:00,26.0,16.8515,15.5515,15.972333,15.5029335,12.945772,14.148757,40770.613,0.0,33.6,33.6,18.0,27.729347,45.36,359.54965,3.39,0.9226185,665.2853,578.1516,1696680.8,1352652.9,107.399994,107.399994,177.0,572.74005,106.26681,43
2025-02-13 16:00:00+00:00,26.0,18.8015,15.8015,17.053583,18.856634,14.327391,16.71312,40845.617,17756.654,1.9000002,1.9000002,14.0,16.404707,26.28,353.32495,7.11,1.4430649,682.33887,594.86475,1737526.4,1370409.5,109.299995,109.299995,191.0,579.85004,107.70987,44
2025-02-14 16:00:00+00:00,26.0,21.4515,14.8515,17.95358,23.543774,14.886631,18.697958,40920.785,37423.414,0.0,0.0,0.0,14.589996,24.119999,357.6863,19.11,2.9329479,700.2924,613.5627,1778447.1,1407832.9,109.299995,109.299995,191.0,598.96,110.642815,45
2025-02-15 16:00:00+00:00,26.0,21.8515,14.3015,17.605665,22.714844,13.655073,17.118834,40996.07,37784.03,0.0,0.0,0.0,22.263315,36.719997,6.902266,19.46,3.0875874,717.8981,630.6815,1819443.2,1445616.9,109.299995,109.299995,191.0,618.42004,113.7304,46
2025-02-16 16:00:00+00:00,26.0,24.7055,14.8055,18.884666,25.463028,15.253098,19.180283,41074.98,36000.0,0.0,0.0,0.0,11.269782,21.24,332.757,16.67,3.1581023,736.7827,649.8618,1860518.2,1481616.9,109.299995,109.299995,191.0,635.09,116.888504,47
2025-02-17 16:00:00+00:00,26.0,22.1555,14.3555,17.403418,21.68009,14.620848,16.787546,41151.785,36473.37,0.0,0.0,0.0,23.857979,45.0,351.11224,17.33,3.000163,754.18616,666.64935,1901670.0,1518090.2,109.299995,109.299995,191.0,652.42004,119.888664,48
2025-02-18 16:00:00+00:00,26.0,23.2055,14.0555,17.347166,24.843622,14.562624,17.731554,41229.453,34691.1,0.0,0.0,0.0,17.533146,33.12,326.51962,17.71,3.1634336,771.5333,684.3809,1942899.5,1552781.4,109.299995,109.299995,191.0,670.13007,123.0521,49
2025-02-19 16:00:00+00:00,26.0,21.2055,14.7055,17.151335,21.981867,15.357519,17.658346,41307.918,22380.842,0.0,0.0,0.0,17.727943,32.399998,341.894,11.64,2.0530138,788.68463,702.03925,1984207.4,1575162.2,109.299995,109.299995,191.0,681.7701,125.10512,50
2025-02-20 16:00:00+00:00,26.0,21.9555,14.6055,17.101334,21.581942,13.937267,16.080414,41387.098,30907.186,0.0,0.0,0.0,28.496904,53.28,356.99854,17.65,2.9377444,805.78595,718.1196,2025594.5,1606069.4,109.299995,109.299995,191.0,699.4201,128.04286,51
2025-02-21 16:00:00+00:00,26.0,24.1555,13.8555,17.313833,25.965527,14.030752,17.703375,41466.926,32617.129,0.0,0.0,0.0,19.353138,37.079998,346.60745,17.5,3.0922604,823.0998,735.823,2067061.4,1638686.5,109.299995,109.299995,191.0,716.9201,131.13512,52
2025-02-22 16:00:00+00:00,26.0,17.6555,14.2555,15.78675,15.927885,12.853453,14.6917305,41547.33,3042.2373,0.1,0.0,1.0,22.007162,42.12,0.05924993,5.27,1.2086581,838.88654,750.5147,2108608.8,1641728.8,109.399994,109.299995,192.0,722.1901,132.34378,53
2025-02-23 16:00:00+00:00,26.0,19.9055,13.0055,15.46383,18.069912,11.822937,14.146651,41628.24,29628.51,0.0,0.0,0.0,18.733839,36.36,358.27917,14.37,2.6300638,854.35034,764.6614,2150237.0,1671357.2,109.399994,109.299995,192.0,736.5601,134.97385,54
2025-02-24 16:00:00+00:00,26.0,22.0055,12.5555,16.126333,23.329533,12.286158,16.20566,41709.586,34657.473,0.0,0.0,0.0,17.076298,31.319998,325.5734,17.87,3.0837636,870.4767,780.86707,2191946.5,1706014.8,109.399994,109.299995,192.0,754.4301,138.05762,55
2025-02-25 16:00:00+00:00,26.0,22.3055,13.8055,17.23675,22.69576,14.337965,17.782091,41791.297,30038.42,0.0,0.0,0.0,11.792404,28.44,340.43277,14.6,2.5423787,887.71344,798.6492,2233737.8,1736053.1,109.399994,109.299995,192.0,769.0301,140.59999,56
2025-02-26 16:00:00+00:00,26.0,22.4555,15.5055,17.813835,22.538721,16.482492,18.706106,41873.32,22102.314,0.0,0.0,0.0,15.646544,29.88,344.33652,10.49,1.9390229,905.5273,817.3553,2275611.0,1758155.5,109.399994,109.299995,192.0,779.5201,142.53902,57
2025-02-27 16:00:00+00:00,26.0,25.5055,13.9555,19.011747,27.437937,14.702044,20.182764,41955.58,37915.71,0.0,0.0,0.0,16.676977,31.68,350.51184,19.63,3.6158047,924.539,837.538,2317566.5,1796071.2,109.399994,109.299995,192.0,799.1501,146.15482,58
2025-02-28 16:00:00+00:00,26.0,26.1555,15.0555,19.515915,28.79918,16.412554,21.245222,42038.008,33026.242,0.0,0.0,0.0,10.661107,28.8,345.883,16.27,2.9634714,944.05493,858.78326,2359604.5,1829097.5,109.399994,109.299995,192.0,815.4201,149.11829,59
2025-03-01 16:00:00+00:00,26.0,25.7435,17.3055,21.856333,27.114265,19.268356,23.225576,42120.543,32687.873,0.0,0.0,0.0,10.661107,9.72,339.72275,10.28,2.2387521,965.91125,882.00885,2401725.0,1861785.4,109.399994,109.299995,192.0,825.70013,151.35704,60
2025-03-02 16:00:00+00:00,26.0,29.293499,21.3435,24.703917,31.545101,22.045822,25.941645,42203.117,39540.78,0.0,0.0,0.0,14.799459,13.679999,334.2513,21.97,4.7619343,990.6152,907.9505,2443928.0,1901326.1,109.399994,109.299995,192.0,847.6701,156.11897,61
2025-03-03 16:00:00+00:00,26.0,27.6435,22.6935,24.708084,30.290749,25.101063,26.783503,42285.67,32383.066,0.3,0.0,3.0,20.771093,20.880001,284.6805,13.91,3.1479864,1015.32324,934.734,2486213.8,1933709.2,109.7,109.299995,195.0,861.5801,159.26695,62
2025-03-04 16:00:00+00:00,26.0,26.2435,20.543499,22.928919,27.678509,20.467983,24.411718,42368.145,39711.516,6.6,1.1999999,24.0,19.602652,27.0,0.25807673,18.16,3.674875,1038.2522,959.14575,2528582.0,1973420.8,116.299995,110.49999,219.0,879.74005,162.94183,63
2025-03-05 16:00:00+00:00,26.0,20.4935,14.4435,16.695585,21.86475,10.230912,13.935983,42450.47,14470.854,2.7,2.4,9.0,32.919827,45.36,9.31794,5.3,2.1266172,1054.9478,973.0817,2571032.5,1987891.6,118.99999,112.899994,228.0,885.04004,165.06845,64
2025-03-06 16:00:00+00:00,26.0,18.4435,14.4935,15.999751,15.868584,10.854975,13.052699,42532.582,31321.441,0.0,0.0,0.0,26.341572,34.56,4.264911,13.65,3.3958101,1070.9475,986.1344,2613565.0,2019213.1,118.99999,112.899994,228.0,898.69006,168.46426,65
2025-03-07 16:00:00+00:00,26.0,18.043499,13.4435,15.001834,15.33477,10.574178,11.96157,42614.43,32220.867,3.6000004,3.6000004,12.0,27.887802,36.36,10.982935,13.81,2.8663747,1085.9493,998.09595,2656179.5,2051434.0,122.59999,116.49999,240.0,912.50006,171.33064,66
2025-03-08 16:00:00+00:00,26.0,20.043499,13.5935,16.076834,18.582006,11.38207,14.00573,42696.543,35062.305,0.90000004,0.90000004,3.0,25.959969,32.760002,4.391147,17.6,3.2547126,1102.0261,1012.1017,2698876.0,2086496.2,123.49999,117.399994,243.0,930.10004,174.58536,67
2025-03-09 16:00:00+00:00,26.0,25.043499,15.143499,,25.969168,14.478218,,42779.164,,,,0.0,20.056877,22.319998,,,,,,2741655.2,,,,243.0,,,68
