date,elevation,temperature_2m_max,temperature_2m_min,temperature_2m_mean,apparent_temperature_max,apparent_temperature_min,apparent_temperature_mean,daylight_duration,sunshine_duration,precipitation_sum,rain_sum,precipitation_hours,wind_speed_10m_max,wind_gusts_10m_max,wind_direction_10m_dominant,shortwave_radiation_sum,et0_fao_evapotranspiration,cumulative_temperature_2m_mean,cumulative_apparent_temperature_mean,cumulative_daylight_duration,cumulative_sunshine_duration,cumulative_precipitation_sum,cumulative_rain_sum,cumulative_precipitation_hours,cumulative_shortwave_radiation_sum,cumulative_et0_fao_evapotranspiration,day
2025-01-01 16:00:00+00:00,50.0,18.2475,16.6475,17.337082,17.194105,15.341095,16.251352,38459.76,0.0,9.000001,9.000001,11.0,24.485954,37.8,0.5769236,2.28,0.9546455,17.337082,16.251352,38459.76,0.0,9.000001,9.000001,11.0,2.28,0.9546455,1
2025-01-02 16:00:00+00:00,50.0,18.7475,15.5975,17.118334,15.540689,13.026587,14.084516,38483.45,32225.357,0.0,0.0,0.0,32.78422,56.519997,4.6091666,9.3,2.5951781,34.455414,30.335869,76943.21,32225.357,9.000001,9.000001,11.0,11.58,3.5498238,2
2025-01-03 16:00:00+00:00,50.0,21.6475,15.0475,17.770418,21.926516,12.728636,16.862776,38508.88,35597.84,0.1,0.1,1.0,17.794527,30.960001,4.458602,14.52,2.8750196,52.22583,47.198647,115452.09,67823.195,9.100001,9.100001,12.0,26.1,6.4248433,3
2025-01-04 16:00:00+00:00,50.0,19.3975,15.5475,16.914164,19.910925,14.976776,16.416613,38536.023,27299.17,2.3999996,2.3999996,8.0,22.737783,35.28,1.3529013,8.48,1.5432426,69.13999,63.615257,153988.12,95122.37,11.500001,11.500001,20.0,34.58,7.968086,4
2025-01-05 16:00:00+00:00,50.0,19.6475,13.997499,16.837082,16.702099,11.619335,14.599953,38564.86,35620.86,0.1,0.1,1.0,28.634146,51.48,7.6843634,17.01,3.181289,85.97707,78.21521,192552.98,130743.23,11.600001,11.600001,21.0,51.590004,11.149375,5
2025-01-06 16:00:00+00:00,50.0,18.6975,12.7975,15.278748,17.252024,10.701113,13.493156,38595.367,35496.18,1.1,1.1,8.0,16.478603,27.72,4.8470755,12.96,2.49955,101.25582,91.70837,231148.34,166239.4,12.700002,12.700002,29.0,64.55,13.648925,6
2025-01-07 16:00:00+00:00,50.0,19.8975,13.6475,16.172499,19.161053,12.097725,14.808544,38627.85,35606.67,0.0,0.0,0.0,20.703129,33.48,4.7983627,14.94,2.66475,117.42832,106.51691,269776.2,201846.08,12.700002,12.700002,29.0,79.490005,16.313675,7
2025-01-08 16:00:00+00:00,50.0,18.2475,13.997499,15.839164,15.736805,10.395678,13.042308,38662.434,35601.766,0.0,0.0,0.0,28.676546,47.519997,9.284581,11.97,2.6897218,133.26749,119.55921,308438.62,237447.84,12.700002,12.700002,29.0,91.46001,19.003397,8
2025-01-09 16:00:00+00:00,50.0,15.997499,13.1975,14.41,10.636642,8.115915,9.520456,38699.027,35598.227,0.0,0.0,0.0,34.0885,59.039997,4.052506,13.02,3.2768016,147.67749,129.07967,347137.66,273046.06,12.700002,12.700002,29.0,104.48001,22.2802,9
2025-01-10 16:00:00+00:00,50.0,17.2475,13.0975,14.457916,14.113926,9.173672,10.751076,38737.57,35596.043,0.1,0.1,1.0,32.760002,54.719997,2.1562681,14.72,2.9844165,162.1354,139.83075,385875.22,308642.1,12.800002,12.800002,30.0,119.20001,25.264616,10
2025-01-11 16:00:00+00:00,50.0,17.1475,12.3975,14.1329155,12.960323,8.187283,10.129748,38777.973,35595.24,0.0,0.0,0.0,30.28336,51.839996,3.6151009,17.06,3.4585028,176.26833,149.9605,424653.2,344237.34,12.800002,12.800002,30.0,136.26001,28.723118,11
2025-01-12 16:00:00+00:00,50.0,19.2975,10.1475,14.6120825,17.869015,7.755847,12.847912,38820.164,35595.79,0.0,0.0,0.0,15.481048,25.919998,354.35675,17.38,3.0108,190.8804,162.80841,463473.34,379833.12,12.800002,12.800002,30.0,153.64001,31.733917,12
2025-01-13 16:00:00+00:00,50.0,19.8475,9.5475,15.797501,19.580656,8.529959,15.443764,38864.07,35597.723,0.5,0.5,2.0,13.337016,24.48,351.75055,16.32,2.6513407,206.6779,178.25217,502337.4,415430.84,13.300002,13.300002,32.0,169.96002,34.385258,13
2025-01-14 16:00:00+00:00,50.0,16.2975,13.7975,15.357915,15.5869255,9.181528,12.458735,38909.613,14395.974,1.0000001,1.0000001,6.0,33.24498,55.44,4.9175224,4.85,1.498072,222.03581,190.7109,541247.0,429826.8,14.300002,14.300002,38.0,174.81003,35.88333,14
2025-01-15 16:00:00+00:00,50.0,17.4975,12.5475,14.1224985,13.917467,8.734968,10.193456,38956.715,35605.684,0.0,0.0,0.0,32.04202,55.8,1.7703079,15.92,3.2215185,236.15831,200.90436,580203.7,465432.5,14.300002,14.300002,38.0,190.73003,39.10485,15
2025-01-16 16:00:00+00:00,50.0,18.0975,12.2975,14.559998,15.130627,8.634716,11.251663,39005.305,35611.723,0.0,0.0,0.0,25.38,43.92,1.8341018,16.55,3.2633555,250.7183,212.15602,619209.0,501044.22,14.300002,14.300002,38.0,207.28003,42.368206,16
2025-01-17 16:00:00+00:00,50.0,18.9475,12.4475,15.562084,17.708263,10.950056,14.240711,39055.316,35619.145,1.8,1.8,9.0,17.460928,28.8,359.17798,10.67,2.0991,266.2804,226.39673,658264.3,536663.4,16.100002,16.100002,47.0,217.95003,44.467308,17
2025-01-18 16:00:00+00:00,50.0,18.6975,14.747499,16.132914,16.536587,13.079353,14.74698,39106.664,33515.754,0.8,0.8,3.0,23.983269,40.68,4.713327,11.92,2.0145721,282.4133,241.1437,697371.0,570179.1,16.900002,16.900002,50.0,229.87003,46.48188,18
2025-01-19 16:00:00+00:00,50.0,20.2975,12.7975,16.097498,19.854374,11.28339,14.405331,39159.273,35663.543,0.0,0.0,0.0,22.90531,38.519997,3.3337517,16.15,3.0748036,298.5108,255.54904,736530.25,605842.7,16.900002,16.900002,50.0,246.02002,49.556683,19
2025-01-20 16:00:00+00:00,50.0,21.0975,12.5975,16.776667,21.037317,10.822878,15.899577,39213.09,35649.71,0.0,0.0,0.0,15.206538,24.119999,5.6928167,16.03,2.9032805,315.28748,271.4486,775743.3,641492.4,16.900002,16.900002,50.0,262.05002,52.459965,20
2025-01-21 16:00:00+00:00,50.0,20.2975,12.6475,16.726667,19.948961,12.471098,16.711954,39268.02,35662.68,0.1,0.1,1.0,14.77755,26.64,353.65988,13.82,2.2762654,332.01413,288.16055,815011.3,677155.06,17.000002,17.000002,51.0,275.87003,54.73623,21
2025-01-22 16:00:00+00:00,50.0,21.1475,14.997499,17.114164,19.861858,14.088478,16.108925,39324.01,33647.266,0.0,0.0,0.0,22.862833,36.0,8.775131,14.83,2.5871456,349.1283,304.26947,854335.3,710802.3,17.000002,17.000002,51.0,290.7,57.323376,22
2025-01-23 16:00:00+00:00,50.0,21.9975,14.4475,17.487083,20.751308,12.654705,16.11115,39380.99,35698.008,0.0,0.0,0.0,22.338137,38.16,6.6434426,15.39,2.9457989,366.6154,320.3806,893716.3,746500.3,17.000002,17.000002,51.0,306.09003,60.269173,23
2025-01-24 16:00:00+00:00,50.0,21.6475,14.7975,17.370417,20.554487,13.661545,15.912349,39438.883,35709.996,0.0,0.0,0.0,25.80286,43.92,7.8133445,16.42,2.977196,383.9858,336.29297,933155.2,782210.3,17.000002,17.000002,51.0,322.51004,63.24637,24
2025-01-25 16:00:00+00:00,50.0,20.0975,13.997499,16.418333,18.063227,10.031221,13.917141,39497.625,35728.6,0.2,0.2,2.0,32.9577,56.88,2.4289703,15.16,2.825761,400.40414,350.2101,972652.8,817938.94,17.200003,17.200003,53.0,337.67004,66.07213,25
2025-01-26 16:00:00+00:00,50.0,13.6975,10.7975,11.976666,9.641532,5.295618,6.851593,39557.16,19203.646,3.6,3.6,12.0,35.087074,61.56,3.4128726,6.62,2.0021815,412.3808,357.0617,1012210.0,837142.56,20.800003,20.800003,65.0,344.29004,68.07431,26
2025-01-27 16:00:00+00:00,50.0,17.3475,10.2975,13.424584,12.908503,5.206314,8.715415,39618.016,35997.426,0.0,0.0,0.0,30.259275,51.839996,4.20471,16.96,3.953042,425.8054,365.77713,1051828.0,873140.0,20.800003,20.800003,65.0,361.25003,72.02735,27
2025-01-28 16:00:00+00:00,50.0,18.7975,11.1975,14.480831,16.555521,7.7085285,11.670091,39680.43,36105.473,0.0,0.0,0.0,20.163212,33.48,2.8667307,17.04,3.4534357,440.28622,377.44724,1091508.4,909245.5,20.800003,20.800003,65.0,378.29004,75.48079,28
2025-01-29 16:00:00+00:00,50.0,20.4975,13.6475,16.205833,20.447727,13.052948,15.601571,39744.305,36219.11,0.0,0.0,0.0,13.849477,24.84,348.28326,18.13,3.0689337,456.49207,393.0488,1131252.6,945464.6,20.800003,20.800003,65.0,396.42004,78.54972,29
2025-01-30 16:00:00+00:00,50.0,19.4975,12.8475,16.091248,19.36792,12.249559,16.041754,39809.555,16977.434,1.1,1.1,4.0,11.212135,19.08,356.78143,6.57,1.4141618,472.5833,409.09055,1171062.1,962442.06,21.900003,21.900003,69.0,402.99005,79.96388,30
2025-01-31 16:00:00+00:00,50.0,21.5975,16.0975,18.282917,22.308422,15.953733,18.482735,39876.086,33365.473,6.2,6.2,13.0,20.340796,29.88,5.350283,11.26,2.0416057,490.86624,427.57327,1210938.2,995807.56,28.100002,28.100002,82.0,414.25006,82.005486,31
2025-02-01 16:00:00+00:00,50.0,20.4975,15.9475,17.376665,20.012007,14.530235,16.272005,39943.816,34882.566,2.6999998,2.6999998,12.0,24.512405,41.039997,1.2311873,15.35,2.5272057,508.24292,443.84528,1250882.1,1030690.1,30.800003,30.800003,94.0,429.60007,84.53269,32
2025-02-02 16:00:00+00:00,50.0,15.9475,12.8975,14.714168,14.584,8.109882,11.426326,40012.656,34845.645,2.2,2.2,14.0,35.166397,60.120003,3.1259637,10.92,2.0307665,522.9571,455.2716,1290894.8,1065535.8,33.000004,33.000004,108.0,440.52008,86.56346,33
2025-02-03 16:00:00+00:00,50.0,16.3975,12.497499,13.737081,11.976997,7.3604584,9.177693,40082.523,35977.43,0.4,0.4,3.0,31.532896,54.0,4.233233,11.71,3.0548146,536.69415,464.4493,1330977.2,1101513.1,33.400005,33.400005,111.0,452.23007,89.61828,34
2025-02-04 16:00:00+00:00,50.0,18.8975,12.747499,15.420417,18.647898,10.25032,13.8722315,40153.332,36503.414,0.1,0.1,1.0,15.664136,29.519999,0.35436872,16.67,3.0863717,552.11456,478.32153,1371130.6,1138016.5,33.500004,33.500004,112.0,468.9001,92.70465,35
2025-02-05 16:00:00+00:00,50.0,19.7975,12.497499,15.912084,19.688925,11.942551,15.440499,40225.0,31575.201,0.6,0.6,5.0,14.588885,28.08,357.839,12.08,2.210764,568.0267,493.76202,1411355.6,1169591.8,34.100002,34.100002,117.0,480.98007,94.91541,36
2025-02-06 16:00:00+00:00,50.0,18.6475,13.3475,15.722499,15.850628,8.049168,12.400861,40297.445,36714.574,0.0,0.0,0.0,36.208645,62.279995,2.0996048,17.05,3.1463532,583.74915,506.16287,1451653.1,1206306.4,34.100002,34.100002,117.0,498.03006,98.06177,37
2025-02-07 16:00:00+00:00,50.0,14.1975,11.3975,12.866249,8.793524,5.8431053,7.490816,40370.59,36189.848,0.1,0.1,1.0,36.40453,63.72,2.2607837,12.96,3.1042,596.6154,513.6537,1492023.8,1242496.2,34.2,34.2,118.0,510.99005,101.16597,38
2025-02-08 16:00:00+00:00,50.0,17.0975,10.9475,13.39125,13.307266,7.1885223,9.598667,40444.35,36398.23,1.5000002,1.5000002,13.0,30.240534,52.56,0.8747881,17.36,3.1631832,610.00665,523.2524,1532468.1,1278894.5,35.7,35.7,131.0,528.35004,104.329155,39
2025-02-09 16:00:00+00:00,50.0,19.5975,11.9475,15.272499,18.782635,10.09789,13.789462,40518.66,37156.344,0.6,0.6,6.0,19.222954,32.760002,357.23096,19.26,3.2047405,625.2792,537.0419,1572986.8,1316050.9,36.3,36.3,137.0,547.61005,107.5339,40
2025-02-10 16:00:00+00:00,50.0,21.1975,10.247499,16.164165,20.900513,8.786835,15.696954,40593.43,36832.715,0.0,0.0,0.0,18.455048,29.88,349.3015,19.61,3.2307687,641.44336,552.73883,1613580.1,1352883.6,36.3,36.3,137.0,567.22003,110.76466,41
2025-02-11 16:00:00+00:00,50.0,18.6475,15.3975,17.132915,20.516682,15.535961,17.591024,40668.59,0.0,37.499996,37.499996,22.0,19.559633,35.28,0.92533153,2.13,0.60444134,658.5763,570.32983,1654248.8,1352883.6,73.799995,73.799995,159.0,569.35004,111.3691,42
2025-02-12 16:00:00+00:00,50.0,17.3975,16.0475,16.441252,16.168991,13.422096,14.635647,40744.066,0.0,33.6,33.6,18.0,27.729347,45.36,359.54965,3.39,1.0834998,675.0175,584.96545,1694992.9,1352883.6,107.399994,107.399994,177.0,572.74005,112.4526,43
2025-02-13 16:00:00+00:00,50.0,18.9975,16.2975,17.36,19.080427,14.855776,17.047405,40819.79,17883.791,1.9000002,1.9000002,14.0,16.404707,26.28,353.32495,7.11,1.4953572,692.3775,602.0129,1735812.6,1370767.4,109.299995,109.299995,191.0,579.85004,113.94795,44
2025-02-14 16:00:00+00:00,50.0,21.9975,15.1475,18.089167,24.402748,15.078234,18.878735,40895.68,37416.68,0.0,0.0,0.0,14.589996,24.119999,357.6863,19.11,2.9532661,710.4667,620.8916,1776708.2,1408184.0,109.299995,109.299995,191.0,598.96,116.901215,45
2025-02-15 16:00:00+00:00,50.0,22.3475,13.997499,17.801664,23.167267,13.212717,17.279068,40971.684,37774.152,0.0,0.0,0.0,22.263315,36.719997,6.902266,19.46,3.2382855,728.2683,638.17065,1817679.9,1445958.1,109.299995,109.299995,191.0,618.42004,120.1395,46
2025-02-16 16:00:00+00:00,50.0,24.6735,14.4735,18.871416,25.73141,14.806662,19.097128,41045.402,36011.28,0.0,0.0,0.0,11.113451,21.599998,340.8086,18.39,3.4471726,747.1397,657.26776,1858725.2,1481969.4,109.299995,109.299995,191.0,636.81006,123.58668,47
2025-02-17 16:00:00+00:00,50.0,21.6735,14.2734995,17.394333,21.056349,14.503683,16.817112,41123.13,33978.117,0.0,0.0,0.0,22.691425,43.92,350.49646,17.13,2.999467,764.53406,674.0849,1899848.4,1515947.5,109.299995,109.299995,191.0,653.94006,126.58614,48
2025-02-18 16:00:00+00:00,50.0,22.973501,13.4235,17.10475,24.099562,13.924299,17.54694,41201.727,33865.84,0.0,0.0,0.0,15.978486,31.68,325.713,17.7,3.1198912,781.6388,691.63184,1941050.1,1549813.4,109.299995,109.299995,191.0,671.6401,129.70604,49
2025-02-19 16:00:00+00:00,50.0,22.1235,14.5234995,17.119333,23.164345,15.421009,17.86354,41281.13,23371.27,0.0,0.0,0.0,15.379206,28.08,332.77264,12.93,2.2590754,798.7581,709.49536,1982331.2,1573184.6,109.299995,109.299995,191.0,684.57007,131.96512,50
2025-02-20 16:00:00+00:00,50.0,21.6735,14.4735,17.00475,20.495861,13.820299,16.158041,41361.254,31773.68,0.0,0.0,0.0,28.449112,53.28,355.09244,17.49,2.8895504,815.7629,725.6534,2023692.5,1604958.2,109.299995,109.299995,191.0,702.06006,134.85468,51
2025-02-21 16:00:00+00:00,50.0,23.573502,13.6235,17.221418,25.270267,13.805742,17.70472,41442.03,35597.363,0.0,0.0,0.0,18.782204,35.64,342.08347,17.54,3.0486948,832.9843,743.3581,2065134.5,1640555.6,109.299995,109.299995,191.0,719.60004,137.90337,52
2025-02-22 16:00:00+00:00,50.0,17.973501,13.9235,15.656831,16.5522,12.559372,14.7122755,41523.395,10850.859,0.5,0.5,3.0,23.762726,45.719997,355.3131,6.49,1.3197453,848.6412,758.0704,2106658.0,1651406.5,109.799995,109.799995,194.0,726.09,139.22311,53
2025-02-23 16:00:00+00:00,50.0,18.9235,12.9735,15.152668,16.764786,11.32215,13.803,41605.27,30215.924,0.0,0.0,0.0,19.523155,37.079998,356.95166,12.37,2.3286014,863.7938,771.87335,2148263.2,1681622.4,109.799995,109.799995,194.0,738.46,141.55171,54
2025-02-24 16:00:00+00:00,50.0,21.8735,12.7235,16.1485,22.90727,12.63563,16.284801,41687.586,35029.273,0.0,0.0,0.0,15.379206,29.519999,328.5166,17.89,3.0703688,879.9423,788.15814,2189950.8,1716651.6,109.799995,109.799995,194.0,756.35004,144.62209,55
2025-02-25 16:00:00+00:00,50.0,21.3735,13.5735,16.90475,21.730465,13.9843235,17.541868,41770.273,29744.588,0.0,0.0,0.0,10.233123,24.84,346.7872,13.86,2.3709304,896.84705,805.7,2231721.0,1746396.2,109.799995,109.799995,194.0,770.21,146.99301,56
2025-02-26 16:00:00+00:00,50.0,22.473501,15.3235,17.746416,22.671227,16.420897,18.838114,41853.27,21235.049,0.0,0.0,0.0,13.397612,26.64,336.32944,9.62,1.8217044,914.59344,824.53815,2273574.2,1767631.2,109.799995,109.799995,194.0,779.83,148.81471,57
2025-02-27 16:00:00+00:00,50.0,25.3735,13.0735,18.6485,27.18861,13.5527,19.762094,41936.508,38696.97,0.0,0.0,0.0,15.124284,29.16,348.16443,20.01,3.6411355,933.24194,844.30023,2315510.8,1806328.2,109.799995,109.799995,194.0,799.84,152.45584,58
2025-02-28 16:00:00+00:00,50.0,25.823502,14.9235,19.4985,28.505035,16.234459,21.341766,42019.914,31103.93,0.90000004,0.0,3.0,9.504272,24.84,344.20975,16.79,3.075578,952.7404,865.64197,2357530.8,1837432.1,110.7,109.799995,197.0,816.63,155.53142,59
2025-03-01 16:00:00+00:00,50.0,25.528,17.073502,21.11173,26.490715,19.221111,22.743269,42103.43,26403.428,0.0,0.0,0.0,8.647496,10.08,342.79037,8.25,1.7733642,973.8522,888.38525,2399634.2,1863835.5,110.7,109.799995,197.0,824.88,157.30478,60
2025-03-02 16:00:00+00:00,50.0,29.528,20.178,24.415503,31.70757,21.300022,25.851088,42186.992,39530.742,0.0,0.0,0.0,13.905509,14.4,328.3512,22.0,4.597579,998.2677,914.2363,2441821.2,1903366.2,110.7,109.799995,197.0,846.88,161.90236,61
2025-03-03 16:00:00+00:00,50.0,29.028,22.028,24.57592,30.33963,24.47282,26.7074,42270.527,27548.453,0.6,0.0,3.0,19.586117,23.759998,272.12106,13.38,3.0501475,1022.8436,940.9437,2484091.8,1930914.8,111.299995,109.799995,200.0,860.26,164.9525,62
2025-03-04 16:00:00+00:00,50.0,26.727999,20.428,22.702997,28.512497,21.793633,24.699295,42353.973,38887.43,7.4999995,3.0,21.0,17.992796,17.28,351.976,16.96,3.3687787,1045.5466,965.643,2526445.8,1969802.1,118.799995,112.799995,221.0,877.22003,168.32127,63
2025-03-05 16:00:00+00:00,50.0,20.278,13.628,16.269663,22.57925,10.661192,14.614506,42437.273,3085.4644,3.9,3.6,9.0,26.220753,23.4,3.676272,3.39,1.389108,1061.8163,980.2575,2568883.0,1972887.6,122.7,116.399994,230.0,880.61005,169.71039,64
2025-03-06 16:00:00+00:00,50.0,17.278,13.728,15.038415,15.0772705,11.052509,12.813316,42520.36,20499.23,0.0,0.0,0.0,21.602999,20.880001,359.80554,9.14,2.2776785,1076.8547,993.0708,2611403.2,1993386.9,122.7,116.399994,230.0,889.75006,171.98807,65
2025-03-07 16:00:00+00:00,50.0,17.977999,12.928,14.488416,15.84062,10.47842,12.197319,42603.18,30362.857,2.9999998,2.9999998,9.0,22.691425,21.96,5.5372934,12.26,2.371232,1091.3431,1005.2681,2654006.5,2023749.8,125.7,119.399994,239.0,902.0101,174.3593,66
2025-03-08 16:00:00+00:00,50.0,20.727999,12.928,15.673835,19.82824,11.543306,14.293424,42686.26,34058.926,1.2,1.2,3.0,22.505037,21.599998,357.58145,16.43,2.8630033,1107.017,1019.5615,2696692.8,2057808.6,126.899994,120.59999,242.0,918.44006,177.2223,67
2025-03-09 16:00:00+00:00,50.0,25.127998,14.028,,26.39251,13.773796,,42769.867,,,,0.0,18.25026,14.4,,,,,,2739462.5,,,,242.0,,,68
