date,elevation,temperature_2m_max,temperature_2m_min,temperature_2m_mean,apparent_temperature_max,apparent_temperature_min,apparent_temperature_mean,daylight_duration,sunshine_duration,precipitation_sum,rain_sum,precipitation_hours,wind_speed_10m_max,wind_gusts_10m_max,wind_direction_10m_dominant,shortwave_radiation_sum,et0_fao_evapotranspiration,cumulative_temperature_2m_mean,cumulative_apparent_temperature_mean,cumulative_daylight_duration,cumulative_sunshine_duration,cumulative_precipitation_sum,cumulative_rain_sum,cumulative_precipitation_hours,cumulative_shortwave_radiation_sum,cumulative_et0_fao_evapotranspiration,day
2025-01-01 16:00:00+00:00,393.0,17.2995,15.0995,16.191168,18.832472,15.68766,17.256582,38508.28,0.0,9.400002,9.400002,17.0,7.2022495,16.919998,348.29355,2.04,0.4886911,16.191168,17.256582,38508.28,0.0,9.400002,9.400002,17.0,2.04,0.4886911,1
2025-01-02 16:00:00+00:00,393.0,18.0995,12.3495,15.824498,18.125336,11.975679,15.907027,38531.74,30643.27,0.5,0.5,5.0,12.410866,32.760002,357.7974,8.36,1.3766959,32.015667,33.16361,77040.016,30643.27,9.900002,9.900002,22.0,10.4,1.865387,2
2025-01-03 16:00:00+00:00,393.0,19.9495,11.0995,15.351582,20.997831,10.517163,15.48261,38556.92,35651.65,0.1,0.1,1.0,6.8919086,23.039999,6.2957726,13.75,2.2673795,47.36725,48.646217,115596.94,66294.92,10.000002,10.000002,23.0,24.15,4.1327667,3
2025-01-04 16:00:00+00:00,393.0,18.3995,13.6995,15.372414,18.278666,13.319994,15.565839,38583.8,31498.256,3.2999995,3.2999995,12.0,11.431062,28.8,349.20264,9.25,1.5579401,62.739662,64.21206,154180.73,97793.18,13.300001,13.300001,35.0,33.4,5.6907067,4
2025-01-05 16:00:00+00:00,393.0,18.8495,11.8995,15.1119995,18.333132,10.567378,14.387141,38612.355,35695.504,0.0,0.0,0.0,13.1041975,34.92,2.1533859,16.08,2.5616531,77.85166,78.5992,192793.1,133488.69,13.300001,13.300001,35.0,49.480003,8.252359,5
2025-01-06 16:00:00+00:00,393.0,16.6495,9.7994995,13.63075,16.582567,8.778043,13.21183,38642.566,33538.375,1.6000001,1.6000001,12.0,8.43699,22.68,340.5884,10.82,1.6830221,91.482414,91.81103,231435.66,167027.06,14.900002,14.900002,47.0,60.300003,9.935382,6
2025-01-07 16:00:00+00:00,393.0,18.0495,11.8495,14.743248,18.362637,10.607528,14.19885,38674.734,35680.992,0.0,0.0,0.0,9.499158,24.48,353.49362,14.16,2.2560105,106.22566,106.00988,270110.38,202708.06,14.900002,14.900002,47.0,74.46001,12.191393,7
2025-01-08 16:00:00+00:00,393.0,17.2995,8.9495,13.634917,16.678226,7.4554834,12.699199,38708.98,35675.906,0.4,0.4,4.0,10.814989,28.08,359.67773,10.37,1.7596792,119.86058,118.709076,308819.34,238383.97,15.300001,15.300001,51.0,84.83001,13.951072,8
2025-01-09 16:00:00+00:00,393.0,15.3995,11.6495,13.259915,13.671942,10.488988,12.041383,38745.22,35672.18,2.7,2.7,19.0,14.230248,34.56,347.90524,11.11,1.6263509,133.1205,130.75046,347564.56,274056.16,18.000002,18.000002,70.0,95.94001,15.577423,9
2025-01-10 16:00:00+00:00,393.0,15.2994995,11.1995,12.728667,14.758152,9.885566,11.777863,38783.383,35669.8,3.699999,3.699999,19.0,14.913952,34.2,336.19406,12.74,1.799319,145.84917,142.52832,386347.94,309725.97,21.7,21.7,89.0,108.68001,17.376741,10
2025-01-11 16:00:00+00:00,393.0,15.9495,8.8995,12.416165,14.580252,7.499076,10.908531,38823.4,35668.785,0.5,0.5,5.0,14.009968,35.28,347.5016,15.18,2.1923742,158.26534,153.43686,425171.34,345394.75,22.2,22.2,94.0,123.86001,19.569115,11
2025-01-12 16:00:00+00:00,393.0,17.4495,7.0994997,12.218249,17.120567,5.149291,11.1487665,38865.176,35669.12,0.0,0.0,0.0,8.55142,23.039999,334.68976,15.91,2.4291666,170.48358,164.58563,464036.53,381063.88,22.2,22.2,94.0,139.77,21.998281,12
2025-01-13 16:00:00+00:00,393.0,18.7995,6.6495,13.6849165,18.84292,4.760144,13.107964,38908.656,35670.83,0.5,0.5,2.0,7.995323,23.759998,337.21753,15.87,2.519322,184.1685,177.6936,502945.2,416734.7,22.7,22.7,96.0,155.64,24.517603,13
2025-01-14 16:00:00+00:00,393.0,15.5995,12.5995,14.214084,15.99942,11.936401,14.050929,38953.758,10524.766,3.0999994,3.0999994,20.0,10.484902,27.0,354.4668,4.1,0.7072424,198.38258,191.74454,541898.94,427259.44,25.8,25.8,116.0,159.74,25.224846,14
2025-01-15 16:00:00+00:00,393.0,16.2495,11.1995,13.105748,15.383034,10.229032,11.983468,39000.402,35678.312,0.5,0.5,5.0,14.913952,38.16,341.4444,14.1,2.0340946,211.48833,203.72801,580899.3,462937.75,26.3,26.3,121.0,173.84001,27.25894,15
2025-01-16 16:00:00+00:00,393.0,16.4995,10.6495,13.055749,15.688606,8.967438,11.880235,39048.527,35684.105,0.5,0.5,3.0,11.738705,30.960001,342.0143,14.66,2.2169752,224.54408,215.60825,619947.8,498621.84,26.8,26.8,124.0,188.50002,29.475914,16
2025-01-17 16:00:00+00:00,393.0,17.0995,8.5494995,13.368249,16.720905,6.873002,12.885132,39098.047,35691.273,5.1,5.1,17.0,7.4932766,23.039999,344.069,10.15,1.669098,237.91234,228.49338,659045.9,534313.1,31.9,31.9,141.0,198.65001,31.145012,17
2025-01-18 16:00:00+00:00,393.0,17.5995,12.7994995,14.836999,17.329773,12.919104,14.884814,39148.9,33989.414,4.6999993,4.6999993,16.0,11.103243,28.8,349.12808,11.52,1.7717721,252.74934,243.37819,698194.75,568302.56,36.6,36.6,157.0,210.17001,32.916782,18
2025-01-19 16:00:00+00:00,393.0,18.2995,10.4495,14.4349165,18.870335,9.854308,14.072881,39201.004,35709.727,0.0,0.0,0.0,10.8672905,28.44,342.2928,14.39,2.2591915,267.18427,257.45108,737395.75,604012.3,36.6,36.6,157.0,224.56001,35.175972,19
2025-01-20 16:00:00+00:00,393.0,19.1495,9.2495,14.705747,19.48704,7.683177,14.347339,39254.293,35721.03,0.8000001,0.8000001,8.0,7.689603,21.24,357.51047,14.27,2.3285792,281.89,271.79843,776650.06,639733.4,37.399998,37.399998,165.0,238.83002,37.50455,20
2025-01-21 16:00:00+00:00,393.0,19.1995,8.8995,14.897415,19.163002,7.701749,14.844974,39308.7,35733.72,0.70000005,0.70000005,7.0,8.797931,24.119999,356.12466,13.67,2.2153914,296.7874,286.6434,815958.75,675467.1,38.1,38.1,172.0,252.50002,39.719944,21
2025-01-22 16:00:00+00:00,393.0,19.7995,12.5494995,15.787,19.922668,12.056517,15.693383,39364.152,34214.402,0.5,0.5,5.0,10.897063,25.919998,4.692741,14.99,2.4455743,312.5744,302.3368,855322.9,709681.5,38.6,38.6,177.0,267.49002,42.16552,22
2025-01-23 16:00:00+00:00,393.0,21.0495,9.7994995,15.916167,21.365847,8.062795,15.480653,39420.574,35842.61,0.0,0.0,0.0,10.315115,27.0,355.04913,15.94,2.7346315,328.49057,317.81744,894743.44,745524.1,38.6,38.6,177.0,283.43002,44.90015,23
2025-01-24 16:00:00+00:00,393.0,20.2995,11.9495,16.076582,20.94243,11.070765,15.917557,39477.91,35782.324,0.0,0.0,0.0,11.91812,31.68,349.97482,16.16,2.6521077,344.56714,333.735,934221.4,781306.44,38.6,38.6,177.0,299.59003,47.552258,24
2025-01-25 16:00:00+00:00,393.0,18.3495,11.8995,15.007833,18.308887,10.864742,14.429793,39536.086,35798.477,0.70000005,0.70000005,7.0,15.825675,39.6,344.62894,14.74,2.3018064,359.57498,348.16476,973757.44,817104.94,39.3,39.3,184.0,314.33002,49.854065,25
2025-01-26 16:00:00+00:00,393.0,11.9495,9.6495,10.4745,10.417905,7.99934,8.710656,39595.05,11112.438,5.9,5.9,16.0,14.2336645,33.839996,346.87802,4.87,0.7047306,370.04947,356.87543,1013352.5,828217.4,45.2,45.2,200.0,319.2,50.558796,26
2025-01-27 16:00:00+00:00,393.0,16.0495,5.5994997,11.2474165,14.316744,3.1105938,9.195064,39655.324,35984.504,0.0,0.0,0.0,13.841286,36.36,354.59384,16.06,2.4796395,381.29688,366.0705,1053007.9,864201.9,45.2,45.2,200.0,335.26,53.038437,27
2025-01-28 16:00:00+00:00,393.0,16.5495,8.4495,12.4995,15.599712,6.8543262,11.170742,39717.137,36004.605,0.0,0.0,0.0,10.1902895,27.359999,343.63416,15.24,2.3765197,393.7964,377.24124,1092725.0,900206.5,45.2,45.2,200.0,350.5,55.414955,28
2025-01-29 16:00:00+00:00,393.0,18.7495,9.2495,13.776581,18.899172,7.7301474,13.032216,39780.4,36198.465,0.0,0.0,0.0,9.449572,28.08,336.82687,16.7,2.668193,407.57297,390.27347,1132505.4,936404.94,45.2,45.2,200.0,367.2,58.08315,29
2025-01-30 16:00:00+00:00,393.0,18.0495,8.8495,13.953666,18.642939,7.494074,13.860951,39845.02,15246.965,5.9,5.9,17.0,6.341009,16.199999,19.87386,5.73,1.1061912,421.52664,404.13443,1172350.4,951651.9,51.100002,51.100002,217.0,372.93002,59.18934,30
2025-01-31 16:00:00+00:00,393.0,20.9995,13.3495,17.20575,22.3868,13.01549,18.151741,39910.914,31113.566,8.6,8.6,19.0,8.836514,25.199999,2.7601526,10.5,1.8590188,438.7324,422.28616,1212261.2,982765.44,59.700005,59.700005,236.0,383.43002,61.04836,31
2025-02-01 16:00:00+00:00,393.0,20.5495,15.3495,17.374498,21.21153,15.998884,18.154129,39977.996,34569.797,3.8999999,3.8999999,13.0,11.594292,28.08,342.97272,13.51,2.2426343,456.1069,440.4403,1252239.2,1017335.25,63.600006,63.600006,249.0,396.94003,63.290993,32
2025-02-02 16:00:00+00:00,393.0,15.9495,11.5494995,14.076584,15.637787,10.5506525,13.622845,40046.18,34842.51,4.3999996,4.3999996,21.0,15.602999,36.36,342.01187,10.62,1.5469897,470.18347,454.06314,1292285.4,1052177.8,68.00001,68.00001,270.0,407.56003,64.83798,33
2025-02-03 16:00:00+00:00,393.0,14.6495,10.8995,12.322418,13.302088,9.674309,11.160853,40115.375,20745.197,4.9999995,4.9999995,24.0,11.594292,36.0,338.8218,8.58,1.379876,482.5059,465.224,1332400.8,1072923.0,73.00001,73.00001,294.0,416.14,66.21786,34
2025-02-04 16:00:00+00:00,393.0,16.3995,10.0995,13.597419,16.228388,9.2234955,13.138466,40185.508,36405.207,3.399999,3.399999,19.0,8.709098,29.519999,321.11246,14.63,2.2299182,496.1033,478.36246,1372586.2,1109328.2,76.40001,76.40001,313.0,430.77002,68.44778,35
2025-02-05 16:00:00+00:00,393.0,18.0995,12.1495,14.8411665,18.426613,11.751623,14.774673,40256.492,31192.125,1.8000002,1.8000002,15.0,8.65873,27.0,346.1051,11.16,1.8700856,510.94446,493.13715,1412842.8,1140520.4,78.20001,78.20001,328.0,441.93002,70.31786,36
2025-02-06 16:00:00+00:00,393.0,18.6995,12.5995,15.082833,18.42484,11.644265,14.285375,40328.246,36505.332,0.5,0.5,4.0,15.885956,39.6,349.48685,16.33,2.5763721,526.0273,507.42252,1453171.0,1177025.8,78.70001,78.70001,332.0,458.26,72.89423,37
2025-02-07 16:00:00+00:00,393.0,14.8495,10.3995,12.728667,13.504419,9.132564,11.259408,40400.69,36088.598,1.3000002,1.3000002,12.0,15.463246,38.88,338.97577,12.05,1.7936364,538.7559,518.68195,1493571.8,1213114.4,80.000015,80.000015,344.0,470.31,74.687874,38
2025-02-08 16:00:00+00:00,393.0,16.1495,9.6995,12.1744995,15.280016,8.528782,10.90625,40473.754,36081.29,2.8000002,2.8000002,16.0,13.529966,34.2,328.79056,15.11,2.2180946,550.9304,529.5882,1534045.5,1249195.6,82.80002,82.80002,360.0,485.41998,76.90597,39
2025-02-09 16:00:00+00:00,393.0,22.1045,8.1045,14.6795,21.331778,6.3159943,13.8105545,40568.812,36177.324,0.0,0.0,0.0,11.709688,25.919998,350.08734,18.46,3.270494,565.6099,543.39874,1574614.2,1285373.0,82.80002,82.80002,360.0,503.87997,80.17646,40
2025-02-10 16:00:00+00:00,393.0,23.2045,9.7045,16.327414,23.189621,8.145736,16.072374,40642.34,36000.0,0.0,0.0,0.0,12.229406,27.72,349.5309,18.47,3.3168144,581.9373,559.4711,1615256.6,1321373.0,82.80002,82.80002,360.0,522.35,83.49327,41
2025-02-11 16:00:00+00:00,393.0,18.404501,15.2045,16.648249,21.094671,16.294334,18.397675,40716.25,0.0,77.8,76.6,24.0,5.6233797,11.159999,350.46683,1.27,0.39618,598.5856,577.8688,1655972.9,1321373.0,160.60002,159.40002,384.0,523.62,83.88945,42
2025-02-12 16:00:00+00:00,393.0,17.154501,13.4045,15.958665,19.50996,14.026205,17.49624,40790.477,0.0,43.699993,35.999992,23.0,5.634891,14.759999,313.22122,1.4,0.40403968,614.54425,595.365,1696763.4,1321373.0,204.30002,195.40002,407.0,525.02,84.29349,43
2025-02-13 16:00:00+00:00,393.0,18.4545,14.304501,16.11075,20.25389,15.425503,17.564243,40864.938,3107.3052,0.2,0.2,1.0,4.5536795,11.879999,278.58344,4.63,0.91823226,630.655,612.92926,1737628.2,1324480.2,204.50002,195.60002,408.0,529.65,85.21172,44
2025-02-14 16:00:00+00:00,393.0,23.4545,13.9045,18.377419,26.689676,14.764816,20.378315,40939.57,35120.035,0.0,0.0,0.0,5.3517847,14.4,30.6506,16.99,2.9417562,649.0325,633.30756,1778567.9,1359600.2,204.50002,195.60002,408.0,546.64,88.15348,45
2025-02-15 16:00:00+00:00,393.0,24.2545,12.2045,18.039917,27.07691,11.644978,19.536942,41014.316,36252.367,0.0,0.0,0.0,8.942214,21.96,351.02747,19.2,3.3636918,667.0724,652.8445,1819582.2,1395852.6,204.50002,195.60002,408.0,565.84,91.51717,46
2025-02-16 16:00:00+00:00,393.0,21.4545,12.6045,17.26075,23.715216,12.267181,18.180124,41089.73,36000.0,0.0,0.0,0.0,8.4042845,19.8,275.01288,17.57,2.9784355,684.3331,671.0246,1860672.0,1431852.6,204.50002,195.60002,408.0,583.41003,94.495605,47
2025-02-17 16:00:00+00:00,393.0,21.0045,14.054501,16.439917,21.946922,14.582224,17.112703,41166.074,31845.781,0.0,0.0,0.0,11.043261,25.199999,276.37354,15.09,2.5592475,700.7731,688.1373,1901838.1,1463698.4,204.50002,195.60002,408.0,598.50006,97.054855,48
2025-02-18 16:00:00+00:00,393.0,20.5545,13.4545,16.650331,21.563652,13.979168,17.424582,41243.285,36551.48,0.0,0.0,0.0,8.0899935,23.039999,291.05807,15.37,2.5990348,717.4234,705.5619,1943081.4,1500249.9,204.50002,195.60002,408.0,613.87006,99.65389,49
2025-02-19 16:00:00+00:00,393.0,18.8545,14.3545,16.275333,19.500406,15.466183,17.147617,41321.28,33558.742,0.0,0.0,0.0,12.261157,30.239998,309.86737,13.6,2.19014,733.6987,722.70953,1984402.6,1533808.6,204.50002,195.60002,408.0,627.47003,101.84403,50
2025-02-20 16:00:00+00:00,393.0,18.8545,13.804501,16.217001,19.83807,14.032476,17.123981,41399.984,24040.8,0.3,0.3,3.0,7.5942082,18.359999,307.47012,11.12,1.8718749,749.9157,739.8335,2025802.6,1557849.4,204.80002,195.90002,411.0,638.59,103.715904,51
2025-02-21 16:00:00+00:00,393.0,19.0045,12.9045,15.467,19.527061,12.796286,15.950531,41479.34,29859.865,0.3,0.0,3.0,5.6920996,15.4800005,291.4677,12.37,2.0686216,765.3827,755.78406,2067282.0,1587709.2,205.10002,195.90002,414.0,650.96,105.78452,52
2025-02-22 16:00:00+00:00,393.0,15.864,10.764,13.427106,15.252699,10.0226345,13.0987625,41559.26,14711.86,0.0,0.0,0.0,5.4119864,12.24,274.9696,5.68,1.1226583,778.8098,768.8828,2108841.2,1602421.1,205.10002,195.90002,414.0,656.64,106.90718,53
2025-02-23 16:00:00+00:00,393.0,20.564001,10.814,14.743165,20.71227,9.950059,13.954136,41639.688,38933.277,0.0,0.0,0.0,10.182337,9.36,258.80698,20.77,3.4189353,793.553,782.837,2150481.0,1641354.4,205.10002,195.90002,414.0,677.41003,110.32612,54
2025-02-24 16:00:00+00:00,393.0,21.114,10.6640005,15.543168,21.491055,9.624735,15.002296,41720.555,39027.164,0.0,0.0,0.0,9.47012,9.0,280.71298,21.66,3.5944448,809.0961,797.8393,2192201.5,1680381.5,205.10002,195.90002,414.0,699.07,113.92056,55
2025-02-25 16:00:00+00:00,393.0,22.664,13.364,17.397337,22.525919,13.252695,17.513544,41801.785,38664.69,0.0,0.0,0.0,12.015589,7.5599995,255.96362,19.33,3.3898103,826.49347,815.35284,2234003.2,1719046.2,205.10002,195.90002,414.0,718.4,117.31037,56
2025-02-26 16:00:00+00:00,393.0,20.014,15.264,17.411917,21.780844,15.601084,18.598362,41883.32,5943.013,0.3,0.3,3.0,8.311245,13.32,76.50464,3.75,0.8739534,843.9054,833.95123,2275886.5,1724989.2,205.40002,196.20003,417.0,722.15,118.184326,57
2025-02-27 16:00:00+00:00,393.0,27.714,16.314,21.193167,33.257675,17.341518,24.410261,41965.09,2536.128,4.4999995,4.4999995,18.0,12.43434,17.64,340.82108,3.29,0.85235816,865.0986,858.3615,2317851.5,1727525.4,209.90002,200.70003,435.0,725.44,119.03668,58
2025-02-28 16:00:00+00:00,393.0,28.564001,17.764,22.495249,32.166912,19.295769,25.11799,42047.03,39369.457,0.6,0.3,3.0,11.5199995,10.08,257.22134,22.88,4.3839984,887.5938,883.4795,2359898.5,1766894.9,210.50003,201.00003,438.0,748.32,123.42068,59
2025-03-01 16:00:00+00:00,393.0,24.014,17.314001,20.224417,25.136038,17.17211,20.155748,42129.08,39455.16,0.0,0.0,0.0,9.885262,11.5199995,98.9725,23.52,4.2849817,907.81824,903.63525,2402027.5,1806350.0,210.50003,201.00003,438.0,771.84,127.70566,60
2025-03-02 16:00:00+00:00,393.0,27.714,16.714,,29.193771,16.172012,,42211.16,39540.78,0.0,0.0,0.0,10.948973,8.64,,22.1,,,,2444238.8,1845890.8,210.50003,201.00003,438.0,793.94,,61
