date,elevation,temperature_2m_max,temperature_2m_min,temperature_2m_mean,apparent_temperature_max,apparent_temperature_min,apparent_temperature_mean,daylight_duration,sunshine_duration,precipitation_sum,rain_sum,precipitation_hours,wind_speed_10m_max,wind_gusts_10m_max,wind_direction_10m_dominant,shortwave_radiation_sum,et0_fao_evapotranspiration,cumulative_temperature_2m_mean,cumulative_apparent_temperature_mean,cumulative_daylight_duration,cumulative_sunshine_duration,cumulative_precipitation_sum,cumulative_rain_sum,cumulative_precipitation_hours,cumulative_shortwave_radiation_sum,cumulative_et0_fao_evapotranspiration,day
2025-01-01 16:00:00+00:00,1367.0,12.5595,11.1095,11.624082,12.372694,11.007711,11.621778,38337.74,0.0,13.8,13.8,24.0,4.5891175,18.72,78.06443,1.45,0.39283466,11.624082,11.621778,38337.74,0.0,13.8,13.8,24.0,1.45,0.39283466,1
2025-01-02 16:00:00+00:00,1367.0,10.9595,7.8095,9.069916,10.901315,6.594569,8.121227,38362.01,0.0,4.5999994,4.5999994,22.0,5.6492476,27.72,41.380856,2.97,0.56353086,20.693996,19.743004,76699.75,0.0,18.4,18.4,46.0,4.42,0.9563655,2
2025-01-03 16:00:00+00:00,1367.0,13.6095,6.1595,9.557418,11.754187,4.4192142,8.079616,38388.062,28717.61,0.8000001,0.8000001,8.0,8.641874,35.64,114.61694,11.46,1.723619,30.251415,27.82262,115087.81,28717.61,19.199999,19.199999,54.0,15.88,2.6799846,3
2025-01-04 16:00:00+00:00,1367.0,14.8595,8.2095,10.699081,14.872215,6.7940865,10.148196,38415.875,31831.477,6.0,6.0,12.0,5.2939587,25.919998,235.42062,9.85,1.6003817,40.950497,37.970818,153503.69,60549.086,25.199999,25.199999,66.0,25.73,4.2803664,4
2025-01-05 16:00:00+00:00,1367.0,12.4095,6.6595,9.1761675,10.85003,5.240432,7.810124,38445.42,34452.95,0.70000005,0.70000005,5.0,6.7853074,33.48,351.43338,12.12,1.7025678,50.126663,45.78094,191949.11,95002.03,25.9,25.9,71.0,37.85,5.982934,5
2025-01-06 16:00:00+00:00,1367.0,11.3595,5.2095003,7.5990834,9.805652,3.2938757,6.010485,38476.676,23259.36,4.3999996,4.3999996,19.0,6.0077944,28.44,109.96091,7.63,1.1596165,57.725746,51.791428,230425.78,118261.39,30.3,30.3,90.0,45.48,7.1425505,6
2025-01-07 16:00:00+00:00,1367.0,12.4595,4.5095,8.5345,11.138049,2.5231524,7.3147683,38509.96,18705.576,2.2999997,2.2999997,14.0,5.5829024,27.359999,135.67793,8.46,1.2963883,66.26025,59.106197,268935.75,136966.97,32.6,32.6,104.0,53.94,8.438939,7
2025-01-08 16:00:00+00:00,1367.0,9.4595,4.8095,6.911583,8.29265,3.0191855,5.457657,38545.387,14127.935,11.499999,11.499999,22.0,6.489992,26.64,47.50166,4.99,0.7526854,73.17183,64.56386,307481.12,151094.9,44.1,44.1,126.0,58.93,9.191625,8
2025-01-09 16:00:00+00:00,1367.0,5.4095,3.3595,4.2345,3.2747998,1.348443,2.1490915,38582.88,0.0,6.4999995,5.3999987,24.0,5.0911684,25.56,36.520958,3.52,0.567179,77.40633,66.71295,346064.0,151094.9,50.6,49.499996,150.0,62.45,9.758803,9
2025-01-10 16:00:00+00:00,1367.0,6.7095003,3.8095002,5.0053334,4.6864805,2.0039105,3.2650836,38622.36,0.0,11.6,8.000001,24.0,5.3939967,24.119999,52.96667,3.44,0.56483716,82.41166,69.978035,384686.38,151094.9,62.199997,57.499996,174.0,65.89,10.323641,10
2025-01-11 16:00:00+00:00,1367.0,8.9595,3.6595001,5.7865834,7.0031843,1.5627117,3.871278,38663.754,27286.562,2.0000002,2.0000002,11.0,4.7928696,28.08,349.61823,8.24,1.1905881,88.19824,73.84931,423350.12,178381.47,64.2,59.499996,185.0,74.13,11.514229,11
2025-01-12 16:00:00+00:00,1367.0,12.2595005,2.0095,7.130333,10.430009,-0.62259436,5.080334,38706.98,35724.008,0.1,0.1,1.0,6.5049515,29.16,138.66791,9.76,1.4979398,95.328575,78.92965,462057.1,214105.47,64.299995,59.599995,186.0,83.89,13.012169,12
2025-01-13 16:00:00+00:00,1367.0,15.9595,4.2595,9.9678335,15.519396,2.1938949,8.76942,38751.957,30454.602,1.1,1.1,5.0,5.1826253,29.16,185.12808,12.67,2.039466,105.29641,87.699066,500809.06,244560.06,65.399994,60.699993,191.0,96.56,15.051635,13
2025-01-14 16:00:00+00:00,1367.0,9.9595,4.3095,7.6844993,9.49593,2.4326663,6.398748,38798.613,1250.3701,14.400002,14.400002,24.0,5.8769383,28.8,351.07367,2.79,0.4879256,112.98091,94.09782,539607.7,245810.44,79.799995,75.09999,215.0,99.35,15.53956,14
2025-01-15 16:00:00+00:00,1367.0,8.8095,4.1595,5.6595,6.9897823,2.4110699,3.9112322,38846.867,4486.3247,2.7,2.7,20.0,5.6060677,24.84,54.81922,5.1,0.81032455,118.64041,98.00905,578454.56,250296.77,82.49999,77.79999,235.0,104.45,16.349884,15
2025-01-16 16:00:00+00:00,1367.0,9.6595,4.8595,6.5949187,7.748914,3.1468363,4.871613,38896.645,11080.776,1.2000002,1.2000002,12.0,5.896202,22.68,86.50841,6.69,1.035356,125.23533,102.88066,617351.2,261377.55,83.69999,78.999985,247.0,111.14,17.38524,16
2025-01-17 16:00:00+00:00,1367.0,12.8595,4.9095,8.599082,11.150934,3.2373595,7.235209,38947.87,23717.373,2.0000002,2.0000002,15.0,6.302571,24.119999,131.4919,7.46,1.2064571,133.83441,110.11587,656299.06,285094.9,85.69999,80.999985,262.0,118.6,18.591698,17
2025-01-18 16:00:00+00:00,1367.0,11.6095,7.7095003,9.663668,11.32192,6.804429,8.929542,39000.47,18934.797,3.1,3.1,15.0,4.86,25.919998,293.24728,6.75,1.0678592,143.49808,119.04541,695299.5,304029.7,88.79999,84.09998,277.0,125.35,19.659557,18
2025-01-19 16:00:00+00:00,1367.0,13.3595,4.4595003,8.211583,11.935862,2.3617249,6.8297505,39054.363,32465.945,1.8000002,1.8000002,11.0,6.198903,26.64,69.71068,9.89,1.5257078,151.70966,125.87516,734353.9,336495.62,90.59999,85.89999,288.0,135.24,21.185265,19
2025-01-20 16:00:00+00:00,1367.0,13.9095,4.9095,9.072001,12.265144,2.9003482,7.4958386,39109.48,35066.39,1.2000002,1.2000002,12.0,7.689603,30.960001,120.49326,10.43,1.6269367,160.78166,133.371,773463.4,371562.0,91.79999,87.09998,300.0,145.67001,22.8122,20
2025-01-21 16:00:00+00:00,1367.0,13.9595,6.8595,10.119917,13.420361,5.332737,9.167576,39165.75,34474.14,4.2,4.2,9.0,5.293959,26.64,173.34567,11.0,1.7452304,170.90158,142.53857,812629.1,406036.12,95.999985,91.29998,309.0,156.67001,24.55743,21
2025-01-22 16:00:00+00:00,1367.0,14.7095,7.2095003,10.586581,14.304958,5.5484896,9.724021,39223.105,34393.188,0.3,0.3,3.0,5.8603754,32.039997,280.2426,10.69,1.6993573,181.48816,152.26259,851852.25,440429.3,96.29999,91.59998,312.0,167.36002,26.256788,22
2025-01-23 16:00:00+00:00,1367.0,15.4095,8.7095,11.511582,14.827869,7.8240795,10.991062,39281.465,30270.56,2.6,2.6,10.0,6.6624317,26.64,9.993541,11.4,1.8239064,192.99974,163.25365,891133.7,470699.88,98.89999,94.19998,322.0,178.76001,28.080694,23
2025-01-24 16:00:00+00:00,1367.0,13.5095005,8.8595,10.838668,12.869976,8.30565,10.354236,39340.758,26226.043,4.3999996,4.3999996,24.0,7.9077177,28.44,37.239834,8.73,1.3254179,203.83841,173.60788,930474.44,496925.9,103.29999,98.59998,346.0,187.49,29.406113,24
2025-01-25 16:00:00+00:00,1367.0,11.9095,6.8095,9.497001,11.283206,5.2433596,8.660428,39400.926,23636.797,9.1,9.1,23.0,6.8423676,29.88,10.426848,8.05,1.2077208,213.3354,182.26831,969875.4,520562.7,112.39999,107.69998,369.0,195.54001,30.613834,25
2025-01-26 16:00:00+00:00,1367.0,6.3595,1.9095,3.5157502,4.700658,-0.5646174,1.1552984,39461.902,758.17474,11.4,7.9999995,18.0,6.522361,35.28,322.44775,2.8,0.41856664,216.85115,183.42361,1009337.25,521320.88,123.79999,115.69998,387.0,198.34001,31.0324,26
2025-01-27 16:00:00+00:00,1367.0,10.0595,-0.2905,4.334501,8.381901,-3.4068093,1.9469098,39524.23,33447.574,0.3,0.1,3.0,6.489992,23.039999,45.666126,15.06,2.0430505,221.18565,185.37053,1048861.5,554768.44,124.09999,115.79998,390.0,213.40001,33.07545,27
2025-01-28 16:00:00+00:00,1367.0,9.9095,1.0595,5.163667,7.5084944,-1.5532837,2.7979305,39588.152,35596.766,0.6,0.6,6.0,7.0568266,25.919998,125.49062,11.35,1.5883175,226.34932,188.16846,1088449.6,590365.2,124.69999,116.39998,396.0,224.75002,34.66377,28
2025-01-29 16:00:00+00:00,1367.0,14.5595,3.6095,8.536583,13.017712,1.2738981,6.7399497,39653.57,35090.805,1.3000002,1.3000002,13.0,6.424764,27.72,145.31166,12.06,1.9007527,234.8859,194.9084,1128103.2,625456.0,125.99999,117.69998,409.0,236.81001,36.56452,29
2025-01-30 16:00:00+00:00,1367.0,14.1595,6.2095003,10.163666,14.021423,4.115198,9.261563,39720.395,13599.892,4.5000005,4.5000005,16.0,6.151683,29.16,188.53069,5.54,1.0299677,245.04956,204.16997,1167823.6,639055.9,130.5,122.19998,425.0,242.35,37.59449,30
2025-01-31 16:00:00+00:00,1367.0,16.9095,10.5595,13.078248,17.526873,10.244213,13.3630905,39788.535,24398.988,21.499998,21.499998,20.0,4.39436,22.319998,41.78438,8.0,1.4014608,258.1278,217.53305,1207612.1,663454.9,152.0,143.69998,445.0,250.35,38.995953,31
2025-02-01 16:00:00+00:00,1367.0,12.8095,9.3595,11.097,12.76053,8.776853,10.916205,39857.895,0.0,7.0000005,7.0000005,18.0,4.3832865,29.16,344.36493,4.22,0.7813959,269.2248,228.44925,1247470.0,663454.9,159.0,150.69998,463.0,254.57,39.777348,32
2025-02-02 16:00:00+00:00,1367.0,9.2595005,4.5595,7.301165,8.799819,2.7497773,6.061395,39928.395,209.67911,13.000001,13.000001,24.0,5.5916004,30.239998,347.84506,2.37,0.44713736,276.52597,234.51065,1287398.4,663664.56,172.0,163.69998,487.0,256.94,40.224483,33
2025-02-03 16:00:00+00:00,1367.0,7.5595,2.5595002,4.6636662,5.2391787,0.5837126,2.546336,39999.945,13843.414,6.9999986,4.499999,20.0,6.1305785,26.28,19.297678,7.53,1.0864208,281.18964,237.05699,1327398.4,677508.0,179.0,168.19998,507.0,264.47,41.310905,34
2025-02-04 16:00:00+00:00,1367.0,9.5595,3.6595001,6.4157505,7.7703276,1.4541597,4.534825,40072.453,24958.29,4.2,3.3999999,23.0,6.151683,30.960001,128.65984,7.32,1.1237767,287.60538,241.59181,1367470.9,702466.3,183.2,171.59998,530.0,271.79,42.43468,35
2025-02-05 16:00:00+00:00,1367.0,12.0595,6.0595,9.0345,11.344236,4.4496,8.006217,40145.844,8880.497,4.0999994,4.0999994,22.0,5.004518,25.56,132.54242,6.07,1.0214045,296.6399,249.59802,1407616.8,711346.8,187.3,175.69998,552.0,277.86002,43.456085,36
2025-02-06 16:00:00+00:00,1367.0,9.3595,3.4594998,7.2324176,8.473226,1.3256321,5.7873645,40220.03,13768.307,6.700001,6.600001,22.0,7.458606,26.64,46.195644,4.47,0.7009028,303.8723,255.38539,1447836.8,725115.1,194.0,182.29999,574.0,282.33002,44.156986,37
2025-02-07 16:00:00+00:00,1367.0,4.0595,2.3595,2.938667,1.5637045,-0.22265577,0.5798003,40294.926,0.0,6.399999,4.2,24.0,5.004518,29.16,40.548775,3.77,0.5772783,306.81097,255.9652,1488131.6,725115.1,200.4,186.49998,598.0,286.1,44.734264,38
2025-02-08 16:00:00+00:00,1367.0,7.7095003,3.0095,5.0490837,5.7664213,0.9546938,3.0806901,40370.457,197.87933,1.3000002,1.2000002,12.0,4.8899083,26.64,74.81879,5.5,0.8477986,311.86005,259.0459,1528502.1,725313.0,201.7,187.69998,610.0,291.6,45.58206,39
2025-02-09 16:00:00+00:00,1367.0,13.3595,4.0595,8.0845,12.145758,1.881774,6.446096,40446.543,32138.828,0.6,0.6,6.0,5.0911684,26.28,137.1086,9.71,1.5215764,319.94455,265.492,1568948.6,757451.8,202.3,188.29999,616.0,301.31,47.103638,40
2025-02-10 16:00:00+00:00,1367.0,18.0595,5.0095,11.367833,18.035503,3.0566306,10.43805,40523.1,35318.035,0.6,0.6,4.0,6.489992,27.359999,162.73239,14.89,2.4808261,331.31238,275.93005,1609471.8,792769.9,202.90001,188.9,620.0,316.2,49.584465,41
2025-02-11 16:00:00+00:00,1367.0,16.6595,10.0095005,13.005334,17.977821,9.062278,13.353484,40600.066,0.0,31.900002,31.900002,21.0,5.1197267,25.199999,251.69577,2.78,0.64524907,344.31772,289.28354,1650071.9,792769.9,234.80002,220.79999,641.0,318.98,50.229713,42
2025-02-12 16:00:00+00:00,1367.0,12.5095005,9.3095,10.211583,12.387129,8.742231,9.71631,40677.344,0.0,39.299988,39.299988,22.0,6.444905,27.72,87.024506,2.28,0.49737355,354.5293,298.99985,1690749.2,792769.9,274.1,260.09998,663.0,321.26,50.727085,43
2025-02-13 16:00:00+00:00,1367.0,12.911,8.311,10.621416,12.021797,5.6340513,9.227757,40751.613,13207.879,0.0,0.0,0.0,14.277983,45.36,123.90766,6.41,1.0300256,365.15073,308.2276,1731500.9,805977.75,274.1,260.09998,663.0,327.67,51.75711,44
2025-02-14 16:00:00+00:00,1367.0,17.811,9.911,13.427667,17.920849,8.5380745,13.057732,40829.406,35878.516,0.0,0.0,0.0,6.989936,39.239998,122.30041,13.72,2.2937584,378.5784,321.28534,1772330.2,841856.25,274.1,260.09998,663.0,341.39,54.05087,45
2025-02-15 16:00:00+00:00,1367.0,15.761001,9.761,12.119334,16.263847,7.8228493,11.282273,40907.316,29176.955,0.0,0.0,0.0,8.217153,47.88,327.28836,14.54,2.2385828,390.69772,332.56763,1813237.6,871033.2,274.1,260.09998,663.0,355.93002,56.28945,46
2025-02-16 16:00:00+00:00,1367.0,11.811,7.311,9.0859995,10.056406,4.57034,6.841568,40985.918,35671.785,0.0,0.0,0.0,12.979984,59.399998,114.32148,13.84,1.8384877,399.78372,339.40918,1854223.5,906705.0,274.1,260.09998,663.0,369.77002,58.12794,47
2025-02-17 16:00:00+00:00,1367.0,9.561,6.911,8.177665,8.163976,4.1679306,6.1484113,41065.492,0.0,0.1,0.0,1.0,13.684735,54.36,111.95782,3.44,0.5871149,407.9614,345.5576,1895289.0,906705.0,274.2,260.09998,664.0,373.21002,58.715057,48
2025-02-18 16:00:00+00:00,1367.0,10.561,7.111,8.479751,8.675648,4.349827,6.3526764,41145.96,12995.151,0.1,0.0,1.0,13.608762,56.16,122.68307,6.92,0.9489164,416.44113,351.91028,1936435.0,919700.1,274.30002,260.09998,665.0,380.13004,59.663975,49
2025-02-19 16:00:00+00:00,1367.0,14.661,8.761,11.388083,14.04369,7.2294083,10.473157,41227.246,33133.246,0.1,0.0,1.0,9.220499,39.239998,93.50349,11.22,1.8252829,427.82922,362.38342,1977662.2,952833.4,274.40002,260.09998,666.0,391.35004,61.489258,50
2025-02-20 16:00:00+00:00,1367.0,10.2109995,7.211,8.400583,9.297434,4.7973003,6.87264,41309.277,0.0,0.2,0.1,2.0,11.91812,46.8,57.841923,2.85,0.48797378,436.2298,369.25607,2018971.5,952833.4,274.60004,260.19998,668.0,394.20004,61.97723,51
2025-02-21 16:00:00+00:00,1367.0,11.861,7.7609997,9.469333,9.740807,5.3180056,7.6139846,41391.973,20543.523,0.0,0.0,0.0,13.70839,43.56,116.831215,6.98,1.0174632,445.69913,376.87006,2060363.5,973376.9,274.60004,260.19998,668.0,401.18005,62.994694,52
2025-02-22 16:00:00+00:00,1367.0,9.161,6.611,7.9589157,8.192048,4.2842894,6.189466,41475.266,0.0,2.3,2.3,13.0,10.041354,48.96,89.78007,1.49,0.3503987,453.65805,383.0595,2101838.8,973376.9,276.90002,262.49997,681.0,402.67004,63.345093,53
2025-02-23 16:00:00+00:00,1367.0,6.5109997,5.0109997,5.908917,4.0001125,1.6849384,2.8000944,41559.082,4546.0176,0.0,0.0,0.0,14.693999,72.36,116.42384,4.42,0.54984826,459.56696,385.8596,2143397.8,977922.9,276.90002,262.49997,681.0,407.09006,63.89494,54
2025-02-24 16:00:00+00:00,1367.0,13.4609995,4.961,8.7485,13.188541,1.9486332,6.8675156,41643.348,29652.174,0.0,0.0,0.0,11.885453,55.079998,116.26816,13.24,2.0026793,468.31546,392.7271,2185041.0,1007575.06,276.90002,262.49997,681.0,420.33005,65.89762,55
2025-02-25 16:00:00+00:00,1367.0,13.7109995,7.7609997,10.64225,13.334389,5.9568777,9.490855,41727.996,11197.22,0.90000004,0.90000004,3.0,9.290511,31.68,123.602165,7.96,1.3276532,478.9577,402.21796,2226769.0,1018772.3,277.80002,263.39996,684.0,428.29004,67.22527,56
2025-02-26 16:00:00+00:00,1367.0,12.5385,9.811,11.24694,12.433069,8.901198,10.75486,41812.957,0.0,0.9000001,0.9000001,6.0,7.145796,21.96,133.1305,3.09,0.6369317,490.20465,412.9728,2268582.0,1018772.3,278.7,264.29996,690.0,431.38004,67.862206,57
2025-02-27 16:00:00+00:00,1367.0,18.0385,9.6885,13.292666,19.073143,8.137215,12.855868,41898.16,32064.395,0.3,0.3,3.0,9.028754,9.0,132.37753,16.3,2.6033401,503.4973,425.82867,2310480.2,1050836.8,279.0,264.59995,693.0,447.68002,70.465546,58
2025-02-28 16:00:00+00:00,1367.0,20.2385,9.8385,14.511415,20.391506,7.3028383,13.732339,41983.54,37696.234,0.6,0.3,6.0,10.239453,12.959999,174.10454,17.94,3.1103444,518.0087,439.561,2352463.8,1088533.0,279.6,264.89993,699.0,465.62003,73.57589,59
2025-03-01 16:00:00+00:00,1367.0,18.8885,11.8885,14.617669,19.561405,11.347087,14.924075,42069.03,38121.164,4.4999995,0.3,18.0,7.342588,8.64,331.38962,15.79,2.5492885,532.6264,454.48508,2394532.8,1126654.1,284.1,265.19992,717.0,481.41003,76.125175,60
2025-03-02 16:00:00+00:00,1367.0,16.8885,9.238501,12.155168,17.049747,7.62969,11.551475,42154.562,30456.66,2.1,1.5,6.0,9.9571085,9.72,52.930374,11.25,1.7114037,544.78156,466.03656,2436687.2,1157110.8,286.2,266.69992,723.0,492.66003,77.83658,61
2025-03-03 16:00:00+00:00,1367.0,10.8385,5.6885004,8.623918,9.693241,2.3467016,6.9016304,42240.074,9154.332,0.0,0.0,0.0,14.494192,7.2,93.15643,5.0,0.7910552,553.40546,472.9382,2478927.2,1166265.1,286.2,266.69992,723.0,497.66003,78.62763,62
2025-03-04 16:00:00+00:00,1367.0,7.0885,4.7384996,5.948916,4.3899765,1.700594,2.8935993,42325.492,0.0,1.8,1.8,6.0,14.689589,8.28,106.8186,1.9,0.37007707,559.3544,475.8318,2521252.8,1166265.1,288.0,268.4999,729.0,499.56003,78.99771,63
2025-03-05 16:00:00+00:00,1367.0,5.7384996,4.3385,5.0801663,3.0300198,1.1133938,2.1737587,42410.754,0.0,2.3999999,2.3999999,9.0,12.429127,7.5599995,99.09915,1.94,0.34832594,564.4345,478.00555,2563663.5,1166265.1,290.4,270.8999,738.0,501.50003,79.34604,64
2025-03-06 16:00:00+00:00,1367.0,6.9385004,4.9385004,5.9864163,4.653468,2.0031614,3.5701942,42495.797,0.0,1.5000001,1.5000001,12.0,11.720751,6.8399997,106.81529,0.99,0.27772522,570.4209,481.57574,2606159.2,1166265.1,291.9,272.3999,750.0,502.49002,79.623764,65
