date,elevation,temperature_2m_max,temperature_2m_min,temperature_2m_mean,apparent_temperature_max,apparent_temperature_min,apparent_temperature_mean,daylight_duration,sunshine_duration,precipitation_sum,rain_sum,precipitation_hours,wind_speed_10m_max,wind_gusts_10m_max,wind_direction_10m_dominant,shortwave_radiation_sum,et0_fao_evapotranspiration,cumulative_temperature_2m_mean,cumulative_apparent_temperature_mean,cumulative_daylight_duration,cumulative_sunshine_duration,cumulative_precipitation_sum,cumulative_rain_sum,cumulative_precipitation_hours,cumulative_shortwave_radiation_sum,cumulative_et0_fao_evapotranspiration,day
2025-01-01 16:00:00+00:00,93.0,17.932999,16.432999,17.141333,17.519018,15.404163,16.291826,38724.707,0.0,5.899999,5.899999,17.0,22.375818,36.719997,353.33496,2.11,0.7602945,17.141333,16.291826,38724.707,0.0,5.899999,5.899999,17.0,2.11,0.7602945,1
2025-01-02 16:00:00+00:00,93.0,18.182999,14.633,16.610083,15.923836,13.786221,14.799029,38747.137,16029.542,0.5,0.5,4.0,26.354485,47.16,354.90265,5.31,1.3871541,33.751415,31.090855,77471.84,16029.542,6.399999,6.399999,21.0,7.42,2.1474485,2
2025-01-03 16:00:00+00:00,93.0,21.133,13.383,16.912165,22.308569,13.117588,16.978878,38771.21,35741.062,0.0,0.0,0.0,12.10157,22.319998,342.95026,14.71,2.424859,50.66358,48.069733,116243.055,51770.605,6.399999,6.399999,21.0,22.130001,4.5723076,3
2025-01-04 16:00:00+00:00,93.0,20.133,14.683001,16.628832,19.035372,12.998997,15.686112,38796.918,35652.066,0.9000001,0.9000001,7.0,21.897945,38.88,355.25024,11.09,1.9671769,67.29241,63.755844,155039.97,87422.67,7.299999,7.299999,28.0,33.22,6.5394845,4
2025-01-05 16:00:00+00:00,93.0,20.633,13.033,16.522583,19.26703,10.580843,14.821338,38824.22,35718.016,0.2,0.2,1.0,23.678726,45.719997,357.49985,16.98,2.974031,83.814995,78.57718,193864.19,123140.69,7.499999,7.499999,29.0,50.2,9.513515,5
2025-01-06 16:00:00+00:00,93.0,19.333,12.833,15.6517515,19.101923,11.710372,15.060059,38853.1,35709.234,0.2,0.2,2.0,15.3264475,27.72,352.6433,13.54,2.2681575,99.46674,93.63724,232717.28,158849.92,7.699999,7.699999,31.0,63.74,11.781673,6
2025-01-07 16:00:00+00:00,93.0,20.083,10.533,15.295501,19.64788,9.31943,14.221237,38883.867,35702.055,0.0,0.0,0.0,18.543495,30.599998,359.3147,15.92,2.6477997,114.762245,107.858475,271601.16,194551.97,7.699999,7.699999,31.0,79.66,14.429473,7
2025-01-08 16:00:00+00:00,93.0,19.432999,12.633,15.8413315,17.405201,10.614193,13.886706,38916.605,31654.896,0.0,0.0,0.0,23.770906,38.88,356.73438,10.97,2.275716,130.60358,121.74518,310517.75,226206.86,7.699999,7.699999,31.0,90.630005,16.705189,8
2025-01-09 16:00:00+00:00,93.0,16.483,12.583,14.274669,12.977373,9.650724,10.878986,38951.266,30336.605,0.5,0.5,5.0,27.77838,45.719997,357.6081,9.12,2.118019,144.87825,132.62416,349469.0,256543.47,8.199999,8.199999,36.0,99.75001,18.823208,9
2025-01-10 16:00:00+00:00,93.0,16.233,12.283,13.837166,13.694887,9.167727,11.410611,38987.758,34811.08,1.4000001,1.4000001,11.0,25.2924,44.639996,353.78314,11.73,1.9443426,158.71542,144.03477,388456.75,291354.56,9.599998,9.599998,47.0,111.48001,20.767551,10
2025-01-11 16:00:00+00:00,93.0,18.083,10.533,13.637169,15.287935,6.722616,10.507892,39026.023,35686.418,0.2,0.2,2.0,26.295406,44.639996,0.20803876,16.82,2.8140435,172.3526,154.54266,427482.78,327040.97,9.799998,9.799998,49.0,128.30002,23.581594,11
2025-01-12 16:00:00+00:00,93.0,18.932999,7.683,13.622584,18.534454,5.8331404,12.267814,39065.98,35685.793,0.0,0.0,0.0,11.173057,21.599998,355.23642,17.03,2.7677412,185.97519,166.81047,466548.75,362726.75,9.799998,9.799998,49.0,145.33002,26.349335,12
2025-01-13 16:00:00+00:00,93.0,19.583,9.283,14.724668,18.775938,7.802864,13.796959,39107.56,35539.355,1.1,1.1,4.0,15.710607,25.919998,340.50107,14.32,2.4999628,200.69986,180.60742,505656.3,398266.1,10.899999,10.899999,53.0,159.65002,28.849297,13
2025-01-14 16:00:00+00:00,93.0,16.432999,13.633,15.474667,14.593744,10.962461,13.299607,39150.69,161.17493,1.2,1.2,8.0,26.02541,45.719997,356.7702,2.22,1.004682,216.17453,193.90703,544807.0,398427.28,12.099998,12.099998,61.0,161.87003,29.85398,14
2025-01-15 16:00:00+00:00,93.0,17.133,12.533,14.070499,15.371351,10.220077,11.560281,39195.305,35691.875,0.0,0.0,0.0,25.562534,46.079998,355.78064,14.19,2.3479433,230.24503,205.46732,584002.3,434119.16,12.099998,12.099998,61.0,176.06003,32.201923,15
2025-01-16 16:00:00+00:00,93.0,18.133,10.133,13.949668,17.180454,7.333212,11.835828,39241.33,35696.555,0.0,0.0,0.0,18.954777,33.48,356.86786,15.88,2.6000898,244.19469,217.30315,623243.6,469815.72,12.099998,12.099998,61.0,191.94003,34.802013,16
2025-01-17 16:00:00+00:00,93.0,16.983,11.783,14.360085,16.250305,9.634132,13.228519,39288.695,24541.074,3.1000004,3.1000004,9.0,14.275713,27.0,350.01288,7.17,1.3905813,258.55478,230.53166,662532.3,494356.78,15.199999,15.199999,70.0,199.11003,36.192596,17
2025-01-18 16:00:00+00:00,93.0,19.682999,13.283,16.1205,17.989302,12.233643,14.674369,39337.332,35112.355,1.4000001,1.4000001,7.0,22.366402,42.12,356.28964,13.23,2.1872437,274.6753,245.20602,701869.6,529469.1,16.599998,16.599998,77.0,212.34003,38.37984,18
2025-01-19 16:00:00+00:00,93.0,20.233,11.783,15.710084,21.331636,10.602879,15.165428,39387.168,35797.0,0.0,0.0,0.0,16.575644,28.08,352.3962,15.93,2.636234,290.38538,260.37146,741256.8,565266.1,16.599998,16.599998,77.0,228.27002,41.016075,19
2025-01-20 16:00:00+00:00,93.0,20.532999,11.083,15.972584,21.439837,9.634085,15.636062,39438.145,35803.67,0.0,0.0,0.0,11.833546,23.759998,346.30453,16.37,2.7287588,306.35797,276.0075,780694.94,601069.8,16.599998,16.599998,77.0,244.64001,43.744835,20
2025-01-21 16:00:00+00:00,93.0,20.333,13.633,16.543415,20.670527,13.496801,16.476124,39490.184,35740.21,1.2,1.2,7.0,15.137133,25.919998,347.4042,12.87,2.174314,322.9014,292.48364,820185.1,636810.0,17.8,17.8,84.0,257.51,45.919147,21
2025-01-22 16:00:00+00:00,93.0,21.633,13.933001,16.964249,20.291203,12.7973385,15.877426,39543.227,35147.85,0.9000001,0.9000001,7.0,23.226276,40.68,358.13574,16.02,2.6923242,339.86566,308.36108,859728.4,671957.9,18.699999,18.699999,91.0,273.53,48.611473,22
2025-01-23 16:00:00+00:00,93.0,21.733,12.733001,16.90175,22.594818,11.117642,16.369146,39597.207,35993.883,0.0,0.0,0.0,17.11515,28.8,353.26624,15.63,2.7144475,356.76743,324.73022,899325.56,707951.75,18.699999,18.699999,91.0,289.16,51.32592,23
2025-01-24 16:00:00+00:00,93.0,21.932999,13.083,17.191336,23.296322,12.670809,16.965452,39652.06,36008.824,0.0,0.0,0.0,19.281015,33.48,355.75723,16.87,2.8441172,373.95877,341.69568,938977.6,743960.56,18.699999,18.699999,91.0,306.03,54.170036,24
2025-01-25 16:00:00+00:00,93.0,20.333,13.283,16.260084,20.06853,10.476461,14.554501,39707.715,35799.78,0.0,0.0,0.0,30.960526,56.88,357.00003,15.19,2.6578362,390.21884,356.25018,978685.3,779760.4,18.699999,18.699999,91.0,321.22,56.827873,25
2025-01-26 16:00:00+00:00,93.0,13.833,11.783,12.622585,10.083015,7.078474,8.146491,39764.12,10872.739,1.4000001,1.4000001,7.0,36.568363,62.279995,0.49235222,4.94,1.6090108,402.84143,364.39667,1018449.44,790633.1,20.099998,20.099998,98.0,326.16,58.436886,26
2025-01-27 16:00:00+00:00,93.0,17.383,11.233001,13.672585,14.555561,7.1019144,10.247448,39821.79,35875.758,0.0,0.0,0.0,24.306,42.48,359.36072,15.51,3.1587238,416.514,374.6441,1058271.2,826508.9,20.099998,20.099998,98.0,341.67,61.59561,27
2025-01-28 16:00:00+00:00,93.0,17.733,11.983001,14.493417,17.367222,9.707593,13.053777,39880.926,35135.29,0.0,0.0,0.0,13.321216,22.319998,348.78198,15.41,2.6828516,431.00742,387.69788,1098152.1,861644.2,20.099998,20.099998,98.0,357.08002,64.278465,28
2025-01-29 16:00:00+00:00,93.0,19.932999,10.083,15.085084,20.281712,8.979982,14.446777,39941.457,36288.508,0.0,0.0,0.0,11.879999,20.880001,335.49176,17.78,2.9528172,446.0925,402.14465,1138093.6,897932.7,20.099998,20.099998,98.0,374.86002,67.231285,29
2025-01-30 16:00:00+00:00,93.0,18.483,12.533,16.035082,18.272602,11.64562,15.616899,40003.29,17818.045,3.6999998,3.6999998,11.0,13.523978,25.56,343.8107,6.21,1.3778054,462.1276,417.76157,1178096.9,915750.75,23.8,23.8,109.0,381.07,68.60909,30
2025-01-31 16:00:00+00:00,93.0,23.383,15.183001,18.880919,23.790827,14.319664,18.623646,40066.344,35202.703,8.099999,8.099999,22.0,18.627172,37.079998,353.9567,13.05,2.5726287,481.0085,436.38522,1218163.2,950953.44,31.899998,31.899998,131.0,394.12,71.181725,31
2025-02-01 16:00:00+00:00,93.0,22.432999,15.533,18.326746,24.07193,14.341721,18.083223,40130.53,36365.07,3.8999994,3.8999994,17.0,19.206936,34.56,349.54056,17.87,2.9257684,499.33527,454.46844,1258293.8,987318.5,35.799995,35.799995,148.0,411.99,74.10749,32
2025-02-02 16:00:00+00:00,93.0,19.282999,12.783,15.989251,16.889309,9.246644,13.703099,40195.773,36025.582,3.0,3.0,15.0,31.868137,57.239998,356.32712,15.14,2.4295857,515.3245,468.17154,1298489.5,1023344.06,38.799995,38.799995,163.0,427.13,76.53708,33
2025-02-03 16:00:00+00:00,93.0,15.333,12.283,13.41425,12.771204,8.587619,10.584609,40261.992,31675.166,1.1000001,1.1000001,7.0,27.790623,44.28,357.74097,9.53,1.7648573,528.7388,478.75613,1338751.5,1055019.2,39.899994,39.899994,170.0,436.66,78.30193,34
2025-02-04 16:00:00+00:00,93.0,18.133,11.233001,14.783,18.122437,9.631298,14.152115,40329.11,36079.566,0.1,0.1,1.0,10.674773,23.4,334.59067,15.33,2.4410489,543.5218,492.90826,1379080.6,1091098.9,39.999992,39.999992,171.0,451.99,80.74298,35
2025-02-05 16:00:00+00:00,93.0,19.932999,14.533,16.597586,19.819405,13.807915,16.03775,40397.04,35713.94,0.0,0.0,0.0,17.508179,29.88,342.6168,14.67,2.653397,560.1194,508.946,1419477.6,1126812.9,39.999992,39.999992,171.0,466.66,83.39638,36
2025-02-06 16:00:00+00:00,93.0,20.932999,12.883,16.253836,19.477995,9.284458,13.66022,40465.707,36501.62,0.2,0.2,2.0,31.631382,54.36,354.49637,18.44,3.1942189,576.3732,522.60626,1459943.4,1163314.5,40.199993,40.199993,173.0,485.1,86.5906,37
2025-02-07 16:00:00+00:00,93.0,15.783,11.483001,13.451751,13.416702,7.9091587,10.085168,40535.047,36166.777,2.3999999,2.3999999,17.0,26.302181,48.96,355.64386,15.07,2.4506507,589.82495,532.6914,1500478.4,1199481.2,42.599995,42.599995,190.0,500.17,89.04125,38
2025-02-08 16:00:00+00:00,93.0,16.682999,11.233001,13.337167,15.391947,8.276268,11.018208,40604.973,36047.586,1.3000002,1.3000002,10.0,18.595839,34.92,355.54056,15.44,2.5261726,603.1621,543.7096,1541083.4,1235528.9,43.899994,43.899994,200.0,515.61,91.56743,39
2025-02-09 16:00:00+00:00,93.0,19.182999,9.583,14.305916,18.995281,7.711648,13.155805,40675.418,37289.516,0.2,0.2,2.0,13.934604,25.199999,352.14676,19.06,3.045722,617.468,556.8654,1581758.8,1272818.4,44.099995,44.099995,202.0,534.67,94.61315,40
2025-02-10 16:00:00+00:00,93.0,22.133,9.783,16.278833,22.491135,7.779564,15.609561,40746.305,36605.457,0.0,0.0,0.0,15.151039,27.72,345.05542,18.45,3.239601,633.7468,572.475,1622505.0,1309423.9,44.099995,44.099995,202.0,553.12,97.85275,41
2025-02-11 16:00:00+00:00,93.0,18.432999,16.133,17.32258,19.243303,15.4891815,17.401789,40817.56,0.0,33.399998,33.399998,24.0,20.746902,28.8,350.72815,2.18,0.6619587,651.0694,589.8768,1663322.5,1309423.9,77.49999,77.49999,226.0,555.3,98.51471,42
2025-02-12 16:00:00+00:00,93.0,17.833,15.833,17.016333,17.348545,14.407738,15.921412,40889.125,0.0,28.9,28.9,24.0,28.783117,41.760002,353.49673,2.89,0.8257343,668.08575,605.79816,1704211.6,1309423.9,106.399994,106.399994,250.0,558.19,99.34045,43
2025-02-13 16:00:00+00:00,93.0,18.682999,15.433001,16.91425,18.740238,14.788652,16.746752,40960.918,2866.0994,4.3,4.3,15.0,15.3264475,27.359999,346.73056,5.94,1.1475616,685.0,622.5449,1745172.5,1312290.0,110.7,110.7,265.0,564.13,100.48801,44
2025-02-14 16:00:00+00:00,93.0,22.633,14.883,18.428833,24.413752,13.72006,18.813417,41032.88,37672.29,0.2,0.2,1.0,17.66753,27.359999,344.09155,18.36,3.0210006,703.42883,641.35834,1786205.4,1349962.2,110.899994,110.899994,266.0,582.49,103.50901,45
2025-02-15 16:00:00+00:00,93.0,23.682999,13.433001,18.195501,24.938627,11.579863,17.9005,41104.945,37962.57,0.0,0.0,0.0,21.145977,37.44,351.48804,20.13,3.3999012,721.6243,659.25885,1827310.4,1387924.9,110.899994,110.899994,266.0,602.62,106.90891,46
2025-02-16 16:00:00+00:00,93.0,23.7265,15.6765,18.861917,25.303602,16.729324,20.09481,41177.66,33916.375,0.0,0.0,0.0,12.224107,21.96,299.9069,14.16,2.597143,740.48627,679.35364,1868488.0,1421841.2,110.899994,110.899994,266.0,616.77997,109.50606,47
2025-02-17 16:00:00+00:00,93.0,23.426498,14.6765,17.751497,23.686558,14.391474,17.459646,41251.28,35426.066,0.0,0.0,0.0,18.86139,33.12,339.79865,17.0,3.0884802,758.2378,696.8133,1909739.2,1457267.4,110.899994,110.899994,266.0,633.77997,112.594536,48
2025-02-18 16:00:00+00:00,93.0,23.3765,13.6265,17.8015,24.72056,13.689293,17.769297,41325.73,36081.242,0.0,0.0,0.0,16.434305,28.08,323.7113,17.85,3.3048446,776.0393,714.5826,1951065.0,1493348.6,110.899994,110.899994,266.0,651.62994,115.89938,49
2025-02-19 16:00:00+00:00,93.0,23.2265,14.5265,17.943165,24.132051,14.785315,18.004879,41400.938,34757.49,0.0,0.0,0.0,16.595179,28.8,341.6615,17.61,3.0996096,793.9825,732.58746,1992466.0,1528106.1,110.899994,110.899994,266.0,669.2399,118.99899,50
2025-02-20 16:00:00+00:00,93.0,23.6265,14.5765,17.795252,23.575853,13.753635,17.13663,41476.836,35473.402,0.0,0.0,0.0,25.849905,45.36,344.81332,19.48,3.4023795,811.7777,749.7241,2033942.9,1563579.5,110.899994,110.899994,266.0,688.7199,122.401375,51
2025-02-21 16:00:00+00:00,93.0,24.5765,13.0265,17.591084,26.174173,12.799982,17.59931,41553.355,36000.0,0.0,0.0,0.0,16.075521,27.72,331.92218,18.57,3.4177263,829.3688,767.3234,2075496.2,1599579.5,110.899994,110.899994,266.0,707.2899,125.8191,52
2025-02-22 16:00:00+00:00,93.0,20.176498,14.3265,16.389002,19.1323,12.879808,15.1026,41630.434,22325.793,0.0,0.0,0.0,24.74329,43.92,347.2376,11.79,2.1492622,845.75775,782.426,2117126.8,1621905.2,110.899994,110.899994,266.0,719.0799,127.96836,53
2025-02-23 16:00:00+00:00,93.0,21.926498,13.1765,16.397333,21.526152,11.61341,15.266918,41707.996,35803.867,0.0,0.0,0.0,16.516901,30.599998,340.25827,18.57,3.3229544,862.1551,797.69293,2158834.8,1657709.1,110.899994,110.899994,266.0,737.6499,131.29132,54
2025-02-24 16:00:00+00:00,93.0,22.9765,10.1265,15.976501,23.554344,9.592778,15.718255,41785.98,37324.285,0.0,0.0,0.0,16.575644,28.8,329.9536,19.81,3.494326,878.1316,813.4112,2200620.8,1695033.4,110.899994,110.899994,266.0,757.4599,134.78564,55
2025-02-25 16:00:00+00:00,93.0,23.926498,12.1765,17.205667,24.742897,12.2407055,17.321024,41864.32,36328.348,0.0,0.0,0.0,17.25373,32.039997,327.47906,16.91,3.0945392,895.3373,830.73224,2242485.0,1731361.8,110.899994,110.899994,266.0,774.3699,137.88019,56
2025-02-26 16:00:00+00:00,93.0,25.526499,15.5765,19.366083,25.726078,15.804876,19.60077,41942.953,37068.848,0.0,0.0,0.0,21.273533,35.64,338.555,17.87,3.5330873,914.70337,850.333,2284428.0,1768430.6,110.899994,110.899994,266.0,792.23987,141.41327,57
2025-02-27 16:00:00+00:00,93.0,27.926498,15.3265,20.751497,29.142715,16.510876,21.74045,42021.816,39208.56,0.0,0.0,0.0,17.727943,30.599998,339.07217,20.29,4.156485,935.4549,872.0735,2326449.8,1807639.1,110.899994,110.899994,266.0,812.52985,145.56975,58
2025-02-28 16:00:00+00:00,93.0,27.3265,16.926498,21.07858,28.835545,18.39182,22.69259,42100.844,35883.496,0.0,0.0,0.0,13.441071,23.4,312.67557,17.23,3.4338255,956.53345,894.76605,2368550.5,1843522.6,110.899994,110.899994,266.0,829.7598,149.00357,59
2025-03-01 16:00:00+00:00,93.0,30.1445,18.2265,23.337751,30.58596,20.633448,25.137491,42179.977,34817.8,0.0,0.0,0.0,15.893093,12.24,270.0,18.59,3.9924693,979.8712,919.90356,2410730.5,1878340.4,110.899994,110.899994,266.0,848.34985,152.99603,60
2025-03-02 16:00:00+00:00,93.0,30.6445,20.6945,25.136164,32.215828,22.041609,26.515724,42259.156,39620.13,0.0,0.0,0.0,21.986542,15.4800005,222.56798,22.69,5.110054,1005.0074,946.4193,2452989.8,1917960.5,110.899994,110.899994,266.0,871.03986,158.10608,61
2025-03-03 16:00:00+00:00,93.0,31.7445,22.5445,26.129915,31.62175,24.730051,27.590086,42338.31,39701.887,0.3,0.0,3.0,23.1774,16.199999,213.43988,20.08,5.028349,1031.1373,974.0094,2495328.0,1957662.4,111.2,110.899994,269.0,891.1199,163.13443,62
2025-03-04 16:00:00+00:00,93.0,30.8445,21.4445,25.473671,32.170265,22.908209,27.0403,42417.383,39783.44,1.8000002,0.0,9.0,22.42427,12.24,331.38962,22.45,5.12128,1056.611,1001.0497,2537745.5,1997445.9,113.0,110.899994,278.0,913.5699,168.2557,63
2025-03-05 16:00:00+00:00,93.0,20.9945,16.6445,18.994503,22.799265,15.447514,18.878431,42496.316,22838.162,1.2000002,0.0,12.0,17.87718,10.08,342.6539,9.37,2.041344,1075.6055,1019.9281,2580241.8,2020284.0,114.2,110.899994,290.0,922.9399,170.29706,64
2025-03-06 16:00:00+00:00,93.0,20.5945,15.9445,18.273668,20.496353,13.366276,17.599321,42575.05,6452.079,0.0,0.0,0.0,21.129883,12.599999,292.45456,4.61,1.7371302,1093.8792,1037.5275,2622816.8,2026736.1,114.2,110.899994,290.0,927.54987,172.0342,65
2025-03-07 16:00:00+00:00,93.0,20.9445,14.2945,16.86325,20.65147,11.713247,14.932439,42653.53,38559.688,1.8000001,1.8000001,3.0,26.552288,17.64,344.9685,17.23,3.6335623,1110.7424,1052.46,2665470.2,2065295.8,116.0,112.7,293.0,944.77985,175.66776,66
2025-03-08 16:00:00+00:00,93.0,24.3445,14.3445,18.086168,23.542524,13.347136,17.058836,42732.27,40008.227,0.6,0.6,3.0,25.842384,22.319998,345.96368,23.34,4.269549,1128.8286,1069.5188,2708202.5,2105304.0,116.6,113.299995,296.0,968.1199,179.9373,67
2025-03-09 16:00:00+00:00,93.0,24.7445,15.9445,,26.082413,16.044106,,42811.496,,,,0.0,20.870687,15.84,,,,,,2751014.0,,,,296.0,,,68
