date,elevation,temperature_2m_max,temperature_2m_min,temperature_2m_mean,apparent_temperature_max,apparent_temperature_min,apparent_temperature_mean,daylight_duration,sunshine_duration,precipitation_sum,rain_sum,precipitation_hours,wind_speed_10m_max,wind_gusts_10m_max,wind_direction_10m_dominant,shortwave_radiation_sum,et0_fao_evapotranspiration,cumulative_temperature_2m_mean,cumulative_apparent_temperature_mean,cumulative_daylight_duration,cumulative_sunshine_duration,cumulative_precipitation_sum,cumulative_rain_sum,cumulative_precipitation_hours,cumulative_shortwave_radiation_sum,cumulative_et0_fao_evapotranspiration,day
2025-01-01 16:00:00+00:00,1382.0,13.922999,12.073,12.858415,14.401651,12.085194,13.094214,38386.67,0.0,9.7,9.7,15.0,5.0432134,20.519999,137.48956,1.72,0.46152005,12.858415,13.094214,38386.67,0.0,9.7,9.7,15.0,1.72,0.46152005,1
2025-01-02 16:00:00+00:00,1382.0,13.723,10.123,11.885498,12.932241,8.139784,10.815491,38410.707,28358.168,0.2,0.2,2.0,7.5599995,29.519999,69.0933,6.97,1.2458365,24.743912,23.909706,76797.375,28358.168,9.9,9.9,17.0,8.69,1.7073566,2
2025-01-03 16:00:00+00:00,1382.0,15.873,8.473,11.750084,15.004766,6.5183544,10.413991,38436.51,35516.707,0.0,0.0,0.0,6.689125,26.28,133.58702,12.95,2.0850167,36.493996,34.323696,115233.89,63874.875,9.9,9.9,17.0,21.64,3.7923732,3
2025-01-04 16:00:00+00:00,1382.0,13.323,10.123,11.120917,11.931482,9.014552,10.335683,38464.06,30897.346,2.3,2.3,17.0,8.281956,34.2,261.1334,8.92,1.3805752,47.614914,44.659378,153697.95,94772.22,12.2,12.2,34.0,30.56,5.1729484,4
2025-01-05 16:00:00+00:00,1382.0,14.523,7.523,10.900083,12.794327,5.801508,9.254313,38493.316,35579.094,0.2,0.2,1.0,7.16617,32.039997,73.49563,14.52,2.2556567,58.514996,53.913692,192191.27,130351.31,12.4,12.4,35.0,45.08,7.428605,5
2025-01-06 16:00:00+00:00,1382.0,12.873,6.773,9.602166,11.03072,4.5634823,7.820971,38524.27,34312.355,0.3,0.3,3.0,8.171683,38.519997,192.54958,9.23,1.4818022,68.117165,61.734665,230715.53,164663.67,12.7,12.7,38.0,54.31,8.910407,6
2025-01-07 16:00:00+00:00,1382.0,13.273,7.9729996,10.462583,11.328813,6.5506935,8.927148,38557.234,35649.598,0.0,0.0,0.0,8.37532,36.0,215.59698,12.5,1.8709793,78.57975,70.66181,269272.75,200313.27,12.7,12.7,38.0,66.81,10.781386,7
2025-01-08 16:00:00+00:00,1382.0,12.373,6.1730003,9.152165,10.371421,4.401348,7.489632,38592.32,34820.652,0.5,0.5,5.0,7.5942073,33.48,234.0902,9.03,1.4305315,87.73192,78.15144,307865.06,235133.92,13.2,13.2,43.0,75.84,12.211918,8
2025-01-09 16:00:00+00:00,1382.0,9.823,6.6730003,7.968832,7.944543,4.567464,5.9881234,38629.453,34940.336,1.7000002,1.7000002,13.0,6.0347,30.599998,47.82989,8.23,1.2588706,95.70075,84.139565,346494.5,270074.25,14.9,14.9,56.0,84.06999,13.470789,9
2025-01-10 16:00:00+00:00,1382.0,10.023,6.573,7.9084167,8.128649,4.932557,6.174233,38668.555,35170.066,4.2999997,4.2999997,16.0,6.9899354,36.719997,232.83272,9.48,1.3461004,103.60917,90.3138,385163.06,305244.3,19.199999,19.199999,72.0,93.54999,14.81689,10
2025-01-11 16:00:00+00:00,1382.0,11.323,6.073,8.145916,8.721444,3.649045,5.963839,38709.555,35652.723,0.0,0.0,0.0,7.0911775,33.839996,11.159891,11.93,1.7758787,111.75508,96.27763,423872.62,340897.03,19.199999,19.199999,72.0,105.47999,16.592768,11
2025-01-12 16:00:00+00:00,1382.0,13.973,3.923,9.120917,12.004845,1.3565779,7.119326,38752.363,35653.605,0.0,0.0,0.0,6.341009,30.599998,153.16595,12.75,1.9731922,120.876,103.39696,462625.0,376550.62,19.199999,19.199999,72.0,118.22999,18.56596,12
2025-01-13 16:00:00+00:00,1382.0,15.223,5.6730003,10.789668,13.99235,3.7154331,9.509579,38796.914,35655.875,0.5,0.5,3.0,7.4346757,34.56,200.38628,14.56,2.2520788,131.66566,112.90654,501421.9,412206.5,19.699999,19.699999,75.0,132.79,20.818039,13
2025-01-14 16:00:00+00:00,1382.0,10.823,7.523,9.602165,10.181303,5.0922766,8.575403,38843.12,7123.9023,6.5000005,6.5000005,18.0,7.7734165,25.919998,58.048893,3.74,0.6704241,141.26782,121.48194,540265.0,419330.4,26.199999,26.199999,93.0,136.53,21.488462,14
2025-01-15 16:00:00+00:00,1382.0,12.073,6.7229996,8.560499,10.177433,4.622733,6.5875187,38890.914,35664.55,0.1,0.1,1.0,7.7420926,37.44,143.56078,11.31,1.6646957,149.82832,128.06946,579155.94,454994.97,26.3,26.3,94.0,147.84,23.153158,15
2025-01-16 16:00:00+00:00,1382.0,12.873,6.2229996,9.1105,10.936782,3.8264294,7.2634544,38940.215,35670.965,0.3,0.3,3.0,5.7852573,28.8,153.01608,11.74,1.8194231,158.93883,135.33292,618096.1,490665.94,26.599998,26.599998,97.0,159.58,24.972582,16
2025-01-17 16:00:00+00:00,1382.0,13.223,7.4230003,10.133416,11.174525,5.905719,8.805632,38990.95,31575.066,2.5000002,2.5000002,12.0,8.049845,36.719997,231.37532,8.88,1.4442589,169.07225,144.13855,657087.06,522241.0,29.099998,29.099998,109.0,168.46,26.416842,17
2025-01-18 16:00:00+00:00,1382.0,13.123,8.773,10.439667,12.148489,7.2529955,9.612648,39043.047,33513.543,4.6999993,4.6999993,15.0,6.519877,32.399998,256.11194,10.13,1.5186282,179.51192,153.75119,696130.1,555754.56,33.8,33.8,124.0,178.59001,27.93547,18
2025-01-19 16:00:00+00:00,1382.0,14.023,6.7229996,9.943833,12.230133,4.6286144,8.220118,39096.43,35698.566,0.0,0.0,0.0,8.281956,34.92,188.65247,11.95,1.8665538,189.45575,161.97131,735226.56,591453.1,33.8,33.8,124.0,190.54001,29.802025,19
2025-01-20 16:00:00+00:00,1382.0,14.823,6.073,10.420916,13.2186985,3.889656,8.90945,39151.023,35710.55,0.2,0.2,2.0,5.7852573,25.919998,168.50348,12.11,1.9635277,199.87666,170.88077,774377.56,627163.7,34.0,34.0,126.0,202.65001,31.765553,20
2025-01-21 16:00:00+00:00,1382.0,13.823,7.873,10.75425,12.19245,6.4118357,9.595935,39206.76,35723.945,0.4,0.4,4.0,8.936778,35.28,199.05783,12.49,1.887572,210.63092,180.4767,813584.3,662887.6,34.4,34.4,130.0,215.14001,33.653126,21
2025-01-22 16:00:00+00:00,1382.0,14.623,8.773,11.231332,13.687494,7.526203,10.161765,39263.562,35118.4,0.1,0.1,1.0,7.3821945,37.8,180.00026,14.34,2.1753716,221.86226,190.63846,852847.9,698006.0,34.5,34.5,131.0,229.48001,35.8285,22
2025-01-23 16:00:00+00:00,1382.0,16.173,8.422999,11.868833,15.129486,6.508132,10.569987,39321.37,35754.953,0.0,0.0,0.0,8.581677,34.92,123.996315,14.97,2.3830283,233.7311,201.20845,892169.25,733760.94,34.5,34.5,131.0,244.45001,38.21153,23
2025-01-24 16:00:00+00:00,1382.0,15.823,8.523,11.802165,14.834515,7.2084227,10.716474,39380.105,35772.57,0.0,0.0,0.0,7.172949,30.960001,13.190657,14.51,2.2876575,245.53326,211.92493,931549.4,769533.5,34.5,34.5,131.0,258.96002,40.499187,24
2025-01-25 16:00:00+00:00,1382.0,14.023,7.373,10.487584,12.456381,5.519808,9.088536,39439.695,35791.625,0.0,0.0,0.0,7.9383874,34.56,321.99606,13.51,2.024225,256.02084,221.01346,970989.06,805325.1,34.5,34.5,131.0,272.47003,42.52341,25
2025-01-26 16:00:00+00:00,1382.0,7.073,4.073,5.3396664,5.0710306,0.90046597,2.9028845,39500.098,10803.923,6.399999,4.6,14.0,6.8423676,32.760002,13.919356,4.11,0.64204425,261.3605,223.91634,1010489.2,816129.06,40.899998,39.1,145.0,276.58002,43.165455,26
2025-01-27 16:00:00+00:00,1382.0,11.223,2.273,6.347998,8.795713,-1.191225,3.3579166,39561.836,35834.156,0.0,0.0,0.0,7.8480825,33.12,63.183678,15.72,2.3068001,267.7085,227.27425,1050051.0,851963.25,40.899998,39.1,145.0,292.30002,45.472256,27
2025-01-28 16:00:00+00:00,1382.0,11.672999,3.273,7.3042502,9.026096,0.43108988,4.7514415,39625.152,35857.875,0.0,0.0,0.0,7.5685663,34.56,165.52974,13.47,1.9979185,275.01276,232.02568,1089676.1,887821.1,40.899998,39.1,145.0,305.77002,47.470173,28
2025-01-29 16:00:00+00:00,1382.0,13.873,5.773,9.493832,12.470858,3.773057,7.803969,39689.95,35947.863,0.0,0.0,0.0,7.0568266,30.960001,161.56494,14.29,2.1746016,284.5066,239.82965,1129366.1,923769.0,40.899998,39.1,145.0,320.06003,49.644775,29
2025-01-30 16:00:00+00:00,1382.0,13.573,6.523,10.37925,13.296034,4.5000076,9.323636,39756.145,9531.443,3.8,3.8,14.0,6.122647,27.72,97.499466,5.27,1.0053594,294.88583,249.15329,1169122.2,933300.44,44.699997,42.899998,159.0,325.33002,50.650135,30
2025-01-31 16:00:00+00:00,1382.0,16.073,11.473,13.525083,16.21604,11.186806,13.659923,39823.637,29142.504,6.2,6.2,17.0,5.4029994,28.44,55.907574,8.6,1.4958906,308.41092,262.8132,1208945.9,962442.94,50.899998,49.1,176.0,333.93002,52.146027,31
2025-02-01 16:00:00+00:00,1382.0,15.023,11.073,12.837583,14.192671,10.425843,12.526908,39892.348,25335.846,1.6000001,1.6000001,11.0,6.5693827,40.68,242.88762,9.39,1.5745391,321.2485,275.34012,1248838.2,987778.8,52.499996,50.699997,187.0,343.32004,53.720566,32
2025-02-02 16:00:00+00:00,1382.0,10.523,7.4230003,9.208416,9.857857,5.8163986,8.022803,39962.18,32283.53,3.6999996,3.6999996,17.0,7.388775,34.92,335.66458,7.41,1.1173118,330.4569,283.3629,1288800.4,1020062.3,56.199997,54.399998,204.0,350.73004,54.83788,33
2025-02-03 16:00:00+00:00,1382.0,10.323,5.9729996,7.6875825,8.214186,3.761468,5.7146506,40033.05,16213.561,3.1999996,3.1999996,23.0,5.6492476,28.08,32.399837,7.45,1.2034589,338.1445,289.07758,1328833.4,1036275.9,59.399998,57.6,227.0,358.18005,56.04134,34
2025-02-04 16:00:00+00:00,1382.0,10.973,6.323,8.670917,8.640548,4.6684504,6.837459,40104.88,36121.562,3.5000002,3.5000002,20.0,9.867218,44.28,226.53151,11.27,1.6266792,346.81543,295.91504,1368938.2,1072397.5,62.899998,61.1,247.0,369.45004,57.66802,35
2025-02-05 16:00:00+00:00,1382.0,12.523,7.523,10.137582,11.031023,6.2027073,9.108012,40177.58,26241.56,1.6000001,1.6000001,14.0,6.8399997,35.28,224.1492,8.16,1.3307433,356.953,305.02304,1409115.9,1098639.0,64.5,62.699997,261.0,377.61005,58.99876,36
2025-02-06 16:00:00+00:00,1382.0,13.123,7.773,10.198,11.798515,5.795643,8.89743,40251.066,36011.5,0.3,0.3,3.0,7.072878,36.36,18.676842,11.93,1.8196524,367.151,313.92047,1449367.0,1134650.5,64.8,62.999996,264.0,389.54004,60.818413,37
2025-02-07 16:00:00+00:00,1382.0,9.773,6.823,7.9063325,7.831419,4.6630898,6.0185914,40325.258,30120.31,0.70000005,0.70000005,6.0,5.937272,34.56,55.25671,8.2,1.2554213,375.05734,319.93906,1489692.2,1164770.8,65.5,63.699997,270.0,397.74005,62.073833,38
2025-02-08 16:00:00+00:00,1382.0,12.123,6.523,8.660501,10.39794,4.738923,6.916117,40400.086,32645.746,1.1000001,1.1000001,10.0,5.896202,33.48,216.4693,11.43,1.7547685,383.71783,326.85516,1530092.4,1197416.5,66.6,64.799995,280.0,409.17004,63.8286,39
2025-02-09 16:00:00+00:00,1382.0,13.973,7.573,10.306334,12.398153,6.0714245,8.836352,40475.457,36505.188,0.4,0.4,4.0,7.814986,37.44,207.5972,13.96,2.144533,394.02417,335.69153,1570567.9,1233921.8,67.0,65.2,284.0,423.13004,65.97314,40
2025-02-10 16:00:00+00:00,1382.0,16.873001,6.773,11.943833,16.536825,4.957203,10.947128,40551.3,36504.594,0.0,0.0,0.0,6.9480934,32.039997,98.84162,16.88,2.7422593,405.96802,346.63867,1611119.1,1270426.4,67.0,65.2,284.0,440.01004,68.71539,41
2025-02-11 16:00:00+00:00,1382.0,14.773,11.373,13.162583,15.929928,11.057816,13.5347395,40627.535,0.0,29.6,29.6,22.0,5.0911684,21.599998,73.0867,2.08,0.5146719,419.1306,360.1734,1651746.6,1270426.4,96.6,94.799995,306.0,442.09003,69.230064,42
2025-02-12 16:00:00+00:00,1382.0,13.723,11.023,12.325082,14.513414,10.53373,12.317631,40704.09,0.0,39.8,39.8,18.0,5.369916,23.4,100.93905,2.67,0.5816996,431.4557,372.49103,1692450.8,1270426.4,136.4,134.59999,324.0,444.76004,69.81177,43
2025-02-13 16:00:00+00:00,1382.0,15.523,11.422999,13.562583,15.848654,11.132228,13.706898,40780.895,7011.667,1.3000001,1.3000001,9.0,5.771239,31.319998,196.54305,5.54,1.0495611,445.01828,386.19794,1733231.6,1277438.0,137.7,135.9,333.0,450.30005,70.86133,44
2025-02-14 16:00:00+00:00,1382.0,18.073,11.723,14.65425,18.797098,10.821224,14.631656,40857.87,36609.223,0.0,0.0,0.0,8.865799,38.88,204.79633,17.18,2.803953,459.67252,400.8296,1774089.5,1314047.2,137.7,135.9,333.0,467.48004,73.66528,45
2025-02-15 16:00:00+00:00,1382.0,17.523,8.922999,13.537582,17.961124,7.5543785,12.729959,40934.965,36946.477,0.0,0.0,0.0,7.247096,34.92,6.441433,18.35,3.0125453,473.21008,413.55954,1815024.5,1350993.8,137.7,135.9,333.0,485.83005,76.677826,46
2025-02-16 16:00:00+00:00,1382.0,17.7995,11.2495,13.993251,19.205673,9.813011,13.274144,41015.715,36572.54,0.0,0.0,0.0,7.2805495,35.64,162.62587,19.79,3.228024,487.20334,426.83368,1856040.2,1387566.2,137.7,135.9,333.0,505.62006,79.90585,47
2025-02-17 16:00:00+00:00,1382.0,15.2994995,10.1995,12.426582,15.272919,9.033292,12.036411,41094.363,34274.883,0.0,0.0,0.0,6.87779,35.64,205.93073,12.99,2.0006828,499.6299,438.8701,1897134.6,1421841.1,137.7,135.9,333.0,518.61005,81.90654,48
2025-02-18 16:00:00+00:00,1382.0,15.0494995,10.4995,12.182835,14.437111,9.222963,11.535683,41173.9,35565.14,0.0,0.0,0.0,9.605998,33.48,206.68872,14.74,2.1889162,511.81274,450.40576,1938308.5,1457406.2,137.7,135.9,333.0,533.35004,84.09546,49
2025-02-19 16:00:00+00:00,1382.0,14.2994995,10.4495,12.084916,13.817419,9.115639,11.33218,41254.234,34263.746,0.0,0.0,0.0,7.754637,31.319998,193.94325,13.0,1.9524744,523.89764,461.73795,1979562.8,1491670.0,137.7,135.9,333.0,546.35004,86.047935,50
2025-02-20 16:00:00+00:00,1382.0,15.3995,10.2495,12.595334,15.41687,9.7662735,12.234923,41335.316,31380.676,0.1,0.0,1.0,6.830519,29.88,228.81416,11.8,1.8714682,536.493,473.97287,2020898.1,1523050.6,137.8,135.9,334.0,558.15,87.9194,51
2025-02-21 16:00:00+00:00,1382.0,15.5995,11.2994995,13.178666,15.01874,10.214577,12.720923,41417.047,36120.92,0.0,0.0,0.0,9.021574,41.760002,204.68895,13.73,2.0920804,549.67163,486.6938,2062315.1,1559171.5,137.8,135.9,334.0,571.88,90.01148,52
2025-02-22 16:00:00+00:00,1382.0,12.8995,10.7495,11.566167,12.96734,10.027507,11.400302,41499.37,7156.3604,2.1,2.0,4.0,5.04,33.12,79.79608,3.69,0.71213883,561.2378,498.0941,2103814.5,1566327.9,139.90001,137.9,338.0,575.57,90.72362,53
2025-02-23 16:00:00+00:00,1382.0,13.7495,9.8495,11.407832,13.191563,9.11666,10.869148,41582.22,35776.1,0.0,0.0,0.0,7.928178,34.56,214.21576,13.18,1.8989608,572.6456,508.96323,2145396.8,1602104.0,139.90001,137.9,338.0,588.75,92.62258,54
2025-02-24 16:00:00+00:00,1382.0,14.7495,8.9995,11.537,15.191132,7.2989416,10.882642,41665.504,36455.883,0.0,0.0,0.0,8.209263,27.72,204.07552,18.28,2.6636715,584.1826,519.8459,2187062.2,1638559.9,139.90001,137.9,338.0,607.03,95.286255,55
2025-02-25 16:00:00+00:00,1382.0,13.3995,9.6995,11.94325,13.294405,7.477807,11.030122,41749.17,19220.654,0.0,0.0,0.0,6.162207,27.359999,151.63889,10.76,1.7576579,596.12585,530.87604,2228811.5,1657780.5,139.90001,137.9,338.0,617.79004,97.043915,56
2025-02-26 16:00:00+00:00,1382.0,14.3995,10.9495,12.297417,14.244686,10.071397,11.879521,41833.15,16358.901,0.0,0.0,0.0,6.638072,33.839996,164.17377,6.08,1.0865041,608.4233,542.75555,2270644.8,1674139.4,139.90001,137.9,338.0,623.87006,98.13042,57
2025-02-27 16:00:00+00:00,1382.0,18.2495,10.7994995,14.441166,19.785011,8.29865,13.791412,41917.367,39242.734,0.0,0.0,0.0,8.707238,34.92,120.79332,20.42,3.3751183,622.86444,556.547,2312562.0,1713382.1,139.90001,137.9,338.0,644.29004,101.50554,58
2025-02-28 16:00:00+00:00,1382.0,19.0995,12.6995,15.8932495,21.085554,10.544902,15.7380705,42001.758,34717.586,1.2,0.3,3.0,7.2805495,37.8,148.4382,18.98,3.282667,638.7577,572.2851,2354563.8,1748099.8,141.1,138.2,341.0,663.27,104.78821,59
2025-03-01 16:00:00+00:00,1382.0,22.039501,14.539499,16.5745,21.325508,13.526493,16.341621,42086.26,34581.793,0.0,0.0,0.0,7.4128532,33.48,145.49141,15.53,2.7831097,655.3322,588.6267,2396650.0,1782681.5,141.1,138.2,341.0,678.80005,107.57132,60
2025-03-02 16:00:00+00:00,1382.0,21.039501,13.289499,16.2395,22.073166,11.56188,15.864057,42170.805,39068.273,0.0,0.0,0.0,10.703569,9.36,153.43364,22.46,3.8525052,671.5717,604.4908,2438820.8,1821749.8,141.1,138.2,341.0,701.2601,111.42383,61
2025-03-03 16:00:00+00:00,1382.0,19.1895,13.539499,16.377003,18.203585,12.966509,15.659142,42255.324,39578.11,0.0,0.0,0.0,9.422101,12.599999,200.61668,12.38,2.363851,687.9487,620.1499,2481076.0,1861327.9,141.1,138.2,341.0,713.6401,113.78768,62
2025-03-04 16:00:00+00:00,1382.0,18.289501,12.3395,14.931167,20.161854,12.064518,15.328986,42339.758,38347.105,12.600002,8.700001,24.0,10.009036,12.24,212.69945,18.24,2.9130814,702.8799,635.4789,2523415.8,1899675.0,153.70001,146.9,365.0,731.88007,116.70076,63
2025-03-05 16:00:00+00:00,1382.0,13.4895,7.8395,10.1415825,13.710655,6.2407207,9.258735,42424.035,11127.677,10.5,9.000001,15.0,10.823973,12.24,17.396072,3.39,0.5514519,713.0215,644.7376,2565839.8,1910802.6,164.20001,155.9,380.0,735.2701,117.25221,64
2025-03-06 16:00:00+00:00,1382.0,11.9895,7.3395,8.962417,10.588059,6.019086,7.869114,42508.098,32644.275,0.3,0.0,3.0,10.787993,8.28,311.5698,9.42,1.3089904,721.9839,652.60675,2608347.8,1943446.9,164.50002,155.9,383.0,744.69006,118.5612,65
2025-03-07 16:00:00+00:00,1382.0,9.7395,6.6395,7.797834,8.234241,4.833969,6.4335694,42591.895,23507.139,6.3,6.0,15.0,8.427383,8.64,355.75684,8.17,1.0993404,729.78174,659.04034,2650939.8,1966954.0,170.80002,161.9,398.0,752.86005,119.660545,66
2025-03-08 16:00:00+00:00,1382.0,13.2395,7.4395003,9.514501,12.685686,3.989338,7.9186816,42675.953,25068.688,1.8000001,1.8000001,6.0,12.218805,11.879999,259.29602,14.2,2.0847383,739.29626,666.95905,2693615.8,1992022.8,172.60002,163.7,404.0,767.06006,121.745285,67
2025-03-09 16:00:00+00:00,1382.0,16.9395,7.2394996,,17.19981,2.6291718,,42760.54,,,,0.0,13.392774,10.08,,,,,,2736376.2,,,,404.0,,,68
