date,elevation,temperature_2m_max,temperature_2m_min,temperature_2m_mean,apparent_temperature_max,apparent_temperature_min,apparent_temperature_mean,daylight_duration,sunshine_duration,precipitation_sum,rain_sum,precipitation_hours,wind_speed_10m_max,wind_gusts_10m_max,wind_direction_10m_dominant,shortwave_radiation_sum,et0_fao_evapotranspiration,cumulative_temperature_2m_mean,cumulative_apparent_temperature_mean,cumulative_daylight_duration,cumulative_sunshine_duration,cumulative_precipitation_sum,cumulative_rain_sum,cumulative_precipitation_hours,cumulative_shortwave_radiation_sum,cumulative_et0_fao_evapotranspiration,day
2025-01-01 16:00:00+00:00,270.0,15.6965,14.1465,14.886082,15.748911,14.485535,15.08248,38288.64,0.0,8.099999,8.099999,22.0,11.328566,33.48,50.1312,2.17,0.49520606,14.886082,15.08248,38288.64,0.0,8.099999,8.099999,22.0,2.17,0.49520606,1
2025-01-02 16:00:00+00:00,270.0,14.546499,12.796499,13.377748,14.103083,10.658459,11.846349,38313.15,0.0,4.0,4.0,19.0,17.244337,46.079998,50.341732,3.83,0.89344585,28.263828,26.92883,76601.79,0.0,12.099999,12.099999,41.0,6.0,1.3886518,2
2025-01-03 16:00:00+00:00,270.0,16.4965,12.1965,14.286083,13.494333,9.399082,11.766715,38339.457,27819.523,0.0,0.0,0.0,23.662985,63.36,93.620766,10.41,2.0870695,42.54991,38.695545,114941.25,27819.523,12.099999,12.099999,41.0,16.41,3.4757214,3
2025-01-04 16:00:00+00:00,270.0,19.196499,13.9965,15.452748,19.628942,12.436012,15.495422,38367.535,27208.031,1.0000001,1.0000001,7.0,13.237039,39.96,72.55278,8.76,1.5502362,58.00266,54.190968,153308.78,55027.555,13.099999,13.099999,48.0,25.17,5.0259576,4
2025-01-05 16:00:00+00:00,270.0,15.1965,11.546499,13.361084,14.361614,8.826394,11.709961,38397.363,35471.28,0.1,0.1,1.0,16.199999,42.839996,46.063274,13.14,2.078087,71.36374,65.900925,191706.14,90498.836,13.2,13.2,49.0,38.31,7.104045,5
2025-01-06 16:00:00+00:00,270.0,13.796499,10.7465,11.944415,10.717737,8.01838,9.219846,38428.918,29946.436,0.0,0.0,0.0,20.519999,51.12,81.63335,11.13,1.9116825,83.30815,75.12077,230135.06,120445.27,13.2,13.2,49.0,49.440002,9.015727,6
2025-01-07 16:00:00+00:00,270.0,15.2465,10.296499,13.0110855,13.935242,8.824751,11.670966,38462.523,16010.713,0.0,0.0,0.0,15.3264475,38.519997,84.484344,8.09,1.3168236,96.31924,86.79174,268597.6,136455.98,13.2,13.2,49.0,57.530003,10.332551,7
2025-01-08 16:00:00+00:00,270.0,12.846499,9.346499,11.588165,11.338628,6.813096,9.484542,38498.29,1142.6403,2.8000002,2.8000002,19.0,18.360882,45.0,51.509205,3.7,0.8302904,107.9074,96.27628,307095.88,137598.62,16.0,16.0,68.0,61.230003,11.162842,8
2025-01-09 16:00:00+00:00,270.0,9.4965,8.546499,9.10275,6.5543985,5.630538,6.208282,38536.15,0.0,3.5999992,3.5999992,24.0,17.063011,43.56,47.441826,3.34,0.7562678,117.010155,102.484566,345632.03,137598.62,19.599998,19.599998,92.0,64.57,11.919109,9
2025-01-10 16:00:00+00:00,270.0,10.8965,8.7465,9.7465,8.116045,6.2029448,7.2672057,38576.01,833.7593,2.4999998,2.4999998,19.0,17.660192,40.68,56.771347,3.71,0.78567815,126.75665,109.75177,384208.03,138432.39,22.099998,22.099998,111.0,68.28,12.704787,10
2025-01-11 16:00:00+00:00,270.0,12.346499,7.1465,9.95275,10.2550955,3.9742022,7.517012,38617.8,32649.291,0.1,0.1,1.0,11.793777,30.239998,48.70141,13.73,2.0151079,136.7094,117.26878,422825.84,171081.69,22.199999,22.199999,112.0,82.009995,14.719895,11
2025-01-12 16:00:00+00:00,270.0,14.2465,6.7465,10.781918,11.07751,3.5302458,7.5716667,38661.44,35762.406,0.0,0.0,0.0,22.019674,58.32,101.8292,15.64,2.3374245,147.49132,124.840454,461487.28,206844.1,22.199999,22.199999,112.0,97.649994,17.05732,12
2025-01-13 16:00:00+00:00,270.0,19.196499,9.846499,14.240249,19.876581,8.471863,13.690937,38706.85,35773.03,0.0,0.0,0.0,13.945064,33.48,128.75912,14.76,2.392032,161.73157,138.53139,500194.12,242617.12,22.199999,22.199999,112.0,112.409996,19.449352,13
2025-01-14 16:00:00+00:00,270.0,13.9965,9.546499,12.131917,14.063242,6.8519382,10.642603,38753.953,0.0,9.200002,9.200002,23.0,17.134071,44.639996,26.351843,2.44,0.5518607,173.86348,149.174,538948.06,242617.12,31.400002,31.400002,135.0,114.85,20.001213,14
2025-01-15 16:00:00+00:00,270.0,11.6965,9.1965,10.236083,8.496924,6.461767,7.4376717,38802.676,13152.761,0.4,0.4,4.0,17.49337,43.92,59.072163,7.21,1.3689523,184.09956,156.61166,577750.75,255769.89,31.800001,31.800001,139.0,122.06,21.370165,15
2025-01-16 16:00:00+00:00,270.0,12.346499,10.296499,11.004833,8.85191,7.3760166,7.933319,38852.926,22830.174,0.0,0.0,0.0,17.886242,46.079998,69.30052,9.73,1.8572043,195.1044,164.54498,616603.7,278600.06,31.800001,31.800001,139.0,131.79,23.22737,16
2025-01-17 16:00:00+00:00,270.0,15.6965,9.8965,12.869418,14.112165,7.574398,11.175841,38904.64,32936.555,0.8,0.8,6.0,18.947083,42.48,103.59933,10.18,1.7243376,207.97382,175.72083,655508.3,311536.62,32.600002,32.600002,145.0,141.97,24.951706,17
2025-01-18 16:00:00+00:00,270.0,14.596499,12.1465,13.346501,14.15543,11.424998,12.960628,38957.742,7985.535,3.9000003,3.9000003,16.0,11.16145,26.64,9.162252,3.94,0.76136,221.32031,188.68146,694466.06,319522.16,36.500004,36.500004,161.0,145.91,25.713066,18
2025-01-19 16:00:00+00:00,270.0,16.2465,10.296499,12.973583,14.546917,8.170725,11.22015,39012.156,35818.79,0.0,0.0,0.0,16.685719,44.28,81.38309,15.48,2.3410544,234.2939,199.90161,733478.25,355340.94,36.500004,36.500004,161.0,161.39,28.054121,19
2025-01-20 16:00:00+00:00,270.0,16.2465,9.546499,13.0735855,13.839258,7.221073,10.694428,39067.8,35831.332,0.0,0.0,0.0,22.007162,58.32,97.874084,16.11,2.4575198,247.3675,210.59604,772546.06,391172.28,36.500004,36.500004,161.0,177.5,30.51164,20
2025-01-21 16:00:00+00:00,270.0,18.2965,12.6465,15.113166,19.191793,11.52189,14.870425,39124.61,33411.51,0.0,0.0,0.0,13.644427,40.68,131.96588,9.89,1.7610031,262.48065,225.46646,811670.7,424583.78,36.500004,36.500004,161.0,187.39,32.272644,21
2025-01-22 16:00:00+00:00,270.0,17.3965,12.1965,14.388165,16.790388,12.183588,14.289154,39182.508,13875.542,0.4,0.4,4.0,12.601285,32.039997,305.31372,7.47,1.2629863,276.8688,239.75562,850853.2,438459.3,36.900005,36.900005,165.0,194.86,33.53563,22
2025-01-23 16:00:00+00:00,270.0,18.3465,13.296499,15.436084,17.858221,13.896429,15.607469,39241.42,20209.125,2.6,2.6,17.0,14.64209,34.92,45.041943,7.96,1.3838428,292.3049,255.36308,890094.6,458668.44,39.500004,39.500004,182.0,202.82,34.91947,23
2025-01-24 16:00:00+00:00,270.0,16.1965,13.9965,14.808998,15.361603,13.70912,14.435582,39301.285,9608.359,4.7,4.7,24.0,16.363178,39.239998,49.036827,5.97,0.9819846,307.1139,269.79868,929395.94,468276.8,44.200005,44.200005,206.0,208.79001,35.901455,24
2025-01-25 16:00:00+00:00,270.0,15.1965,11.096499,13.57775,13.902643,9.861851,12.601312,39362.027,4125.0254,11.0,11.0,22.0,15.426535,37.8,33.587513,4.81,0.9005209,320.69165,282.4,968757.94,472401.84,55.200005,55.200005,228.0,213.6,36.801975,25
2025-01-26 16:00:00+00:00,270.0,10.846499,7.1465,8.517333,9.471892,3.869608,5.7479854,39423.582,12590.637,12.799999,12.799999,15.0,16.62249,40.32,3.5087276,5.48,0.8997079,329.20898,288.14798,1008181.5,484992.47,68.0,68.0,243.0,219.08,37.701683,26
2025-01-27 16:00:00+00:00,270.0,12.596499,6.1965003,8.936083,9.743574,3.5998278,5.9479218,39486.508,35444.754,0.0,0.0,0.0,16.50709,45.719997,74.95984,15.55,2.230427,338.14508,294.0959,1047668.0,520437.22,68.0,68.0,243.0,234.63,39.93211,27
2025-01-28 16:00:00+00:00,270.0,12.4465,5.4465003,9.256918,9.069063,2.1337795,5.786196,39551.035,36001.246,0.0,0.0,0.0,20.70704,52.56,96.80478,16.43,2.348868,347.402,299.88208,1087219.0,556438.44,68.0,68.0,243.0,251.06,42.28098,28
2025-01-29 16:00:00+00:00,270.0,17.0965,9.9465,13.088165,15.53326,6.938507,10.929776,39617.074,36012.746,0.0,0.0,0.0,17.183167,43.199997,109.47408,16.98,2.6898582,360.49017,310.81186,1126836.1,592451.2,68.0,68.0,243.0,268.04,44.970837,29
2025-01-30 16:00:00+00:00,270.0,18.0465,12.096499,14.842332,19.775515,10.464374,14.932208,39684.53,28179.273,0.1,0.1,1.0,13.243156,36.36,130.44157,7.97,1.3437582,375.33252,325.74408,1166520.6,620630.44,68.1,68.1,244.0,276.01,46.314594,30
2025-01-31 16:00:00+00:00,270.0,20.5965,14.596499,16.900667,22.565248,14.713629,17.919554,39753.316,26267.258,3.9,3.9,12.0,15.349684,38.88,50.362045,7.88,1.4177923,392.2332,343.66364,1206274.0,646897.7,72.0,72.0,256.0,283.89,47.732388,31
2025-02-01 16:00:00+00:00,270.0,15.596499,13.4465,14.425667,14.807243,12.942078,14.1884575,39823.336,0.0,4.6,4.6,24.0,13.729647,33.839996,38.211086,4.09,0.79078025,406.65884,357.85208,1246097.4,646897.7,76.6,76.6,280.0,287.98,48.523167,32
2025-02-02 16:00:00+00:00,270.0,13.296499,9.546499,11.621499,12.785456,7.696907,10.249393,39894.504,0.0,13.799998,13.799998,24.0,13.397612,38.16,21.868153,2.01,0.46516594,418.28033,368.10147,1285991.9,646897.7,90.399994,90.399994,304.0,289.99002,48.98833,33
2025-02-03 16:00:00+00:00,270.0,11.4465,7.2965,9.296499,8.597023,4.4058685,6.402447,39966.727,31472.707,4.7,4.7,7.0,16.548256,42.48,51.686134,13.31,1.9326968,427.57684,374.5039,1325958.6,678370.4,95.09999,95.09999,311.0,303.30002,50.92103,34
2025-02-04 16:00:00+00:00,270.0,12.796499,7.2465,10.484,9.498861,4.33033,7.583212,40039.92,36000.0,0.0,0.0,0.0,20.304924,54.0,102.54915,13.65,2.0360844,438.06085,382.08713,1365998.5,714370.4,95.09999,95.09999,311.0,316.95,52.95711,35
2025-02-05 16:00:00+00:00,270.0,14.7465,10.6965,12.759,13.435406,8.78453,11.284275,40114.004,15066.729,1.2000002,1.2000002,12.0,14.766584,39.96,94.87833,7.02,1.1422005,450.81985,393.3714,1406112.5,729437.1,96.29999,96.29999,323.0,323.97,54.09931,36
2025-02-06 16:00:00+00:00,270.0,12.846499,8.0465,11.131916,12.17939,5.1755257,9.190922,40188.89,0.0,9.1,9.1,24.0,17.065859,42.48,52.47942,2.21,0.5657088,461.95178,402.56232,1446301.4,729437.1,105.39999,105.39999,347.0,326.18,54.66502,37
2025-02-07 16:00:00+00:00,270.0,7.6965003,6.8465,7.186083,4.571726,3.093234,3.6593735,40264.496,684.6629,5.4,5.4,22.0,18.720863,46.079998,52.366802,4.2,0.807228,469.13788,406.22168,1486565.9,730121.8,110.79999,110.79999,369.0,330.38,55.472248,38
2025-02-08 16:00:00+00:00,270.0,10.796499,7.3965,9.148583,7.344907,4.222454,6.024533,40340.74,8350.368,0.5,0.5,5.0,17.388409,45.0,64.1583,7.53,1.356195,478.28647,412.24622,1526906.6,738472.2,111.29999,111.29999,374.0,337.91,56.82844,39
2025-02-09 16:00:00+00:00,270.0,15.296499,9.6465,12.086082,13.292591,6.908984,9.62537,40417.54,36213.27,0.0,0.0,0.0,17.46,44.639996,95.69491,14.32,2.2474716,490.37256,421.87158,1567324.1,774685.44,111.29999,111.29999,374.0,352.23,59.075912,40
2025-02-10 16:00:00+00:00,270.0,20.1465,10.796499,15.106917,21.80269,9.546718,15.0272255,40494.82,36306.254,0.0,0.0,0.0,12.43434,33.48,122.094986,17.98,2.8402622,505.47946,436.8988,1607819.0,810991.7,111.29999,111.29999,374.0,370.21002,61.916176,41
2025-02-11 16:00:00+00:00,270.0,18.7965,14.546499,16.479834,21.108582,14.936258,17.852833,40572.504,0.0,22.7,22.7,18.0,16.928614,52.56,237.52882,3.14,0.6755035,521.9593,454.75165,1648391.5,810991.7,133.99998,133.99998,392.0,373.35004,62.59168,42
2025-02-12 16:00:00+00:00,270.0,14.796499,12.4965,12.981917,13.612942,10.573415,11.475966,40650.508,0.0,31.500002,31.500002,18.0,17.654688,51.48,69.54988,3.62,0.6345043,534.9412,466.2276,1689042.0,810991.7,165.49998,165.49998,410.0,376.97003,63.22618,43
2025-02-13 16:00:00+00:00,270.0,17.6465,12.596499,14.727752,16.662657,11.012806,13.876805,40728.766,32384.96,0.0,0.0,0.0,17.972979,43.199997,95.369415,11.28,1.6819303,549.66895,480.1044,1729770.8,843376.6,165.49998,165.49998,410.0,388.25003,64.90811,44
2025-02-14 16:00:00+00:00,270.0,22.3965,12.096499,17.019415,25.875437,11.800247,18.426655,40807.2,36294.777,0.0,0.0,0.0,6.804381,18.359999,136.63652,16.6,2.8537378,566.68835,498.53107,1770578.0,879671.4,165.49998,165.49998,410.0,404.85004,67.76185,45
2025-02-15 16:00:00+00:00,270.0,18.1465,13.2465,15.744416,18.142235,12.41507,15.836497,40885.742,16986.646,1.1,1.1,8.0,13.213765,34.56,30.376791,9.1,1.5802827,582.4328,514.36755,1811463.8,896658.0,166.59999,166.59999,418.0,413.95004,69.34213,46
2025-02-16 16:00:00+00:00,270.0,16.729,13.129,15.0373335,15.062958,12.029322,13.838408,40970.973,34060.047,0.0,0.0,0.0,13.37825,30.960001,106.264915,11.93,2.153242,597.47015,528.20593,1852434.8,930718.06,166.59999,166.59999,418.0,425.88004,71.49538,47
2025-02-17 16:00:00+00:00,270.0,15.079,13.528999,14.295666,14.616152,12.745985,13.697173,41051.016,0.0,2.2000003,0.1,21.0,10.8955765,24.84,84.74041,1.0,0.49115697,611.7658,541.9031,1893485.8,930718.06,168.79999,166.7,439.0,426.88004,71.986534,48
2025-02-18 16:00:00+00:00,270.0,15.528999,13.429001,14.551915,15.63085,12.272379,14.056909,41131.953,0.0,2.1000001,0.0,18.0,11.966953,27.72,111.7285,1.73,0.56798375,626.31775,555.95996,1934617.8,930718.06,170.9,166.7,457.0,428.61005,72.55452,49
2025-02-19 16:00:00+00:00,270.0,18.829,14.929001,16.504004,19.297157,15.580149,17.491873,41213.715,13076.021,0.90000004,0.0,4.0,10.137692,23.759998,122.005356,6.92,1.2146341,642.8218,573.45184,1975831.5,943794.06,171.79999,166.7,461.0,435.53006,73.76916,50
2025-02-20 16:00:00+00:00,270.0,16.779,13.829,14.856083,17.450014,13.36935,14.650683,41296.22,0.0,1.3000002,0.6,11.0,10.636766,23.4,36.47395,1.76,0.5643976,657.67786,588.10254,2017127.8,943794.06,173.09999,167.3,472.0,437.29007,74.33356,51
2025-02-21 16:00:00+00:00,270.0,15.629,13.929001,14.645668,16.257984,13.299194,14.546281,41379.402,0.0,3.1999993,1.0000001,22.0,10.594036,24.48,95.83827,1.09,0.39988795,672.32355,602.6488,2058507.1,943794.06,176.29999,168.3,494.0,438.38007,74.733444,52
2025-02-22 16:00:00+00:00,270.0,14.629,12.778999,14.0581665,15.221128,11.65526,14.069163,41463.18,0.0,15.900002,14.700002,19.0,9.659814,21.24,46.236355,1.54,0.4625028,686.3817,616.71796,2099970.2,943794.06,192.19998,183.0,513.0,439.92007,75.195946,53
2025-02-23 16:00:00+00:00,270.0,12.579,10.679001,11.593583,11.743569,8.677694,10.004646,41547.48,896.778,10.899999,5.7,23.0,13.797912,29.16,89.836296,3.63,0.7092381,697.9753,626.7226,2141517.8,944690.8,203.09998,188.7,536.0,443.55008,75.90518,54
2025-02-24 16:00:00+00:00,270.0,15.179001,11.179001,13.506084,15.406771,9.458067,13.227165,41632.24,11481.493,0.3,0.0,2.0,10.464797,21.96,134.68694,6.97,1.1310489,711.4814,639.94977,2183150.0,956172.3,203.39998,188.7,538.0,450.52008,77.03623,55
2025-02-25 16:00:00+00:00,270.0,16.179,14.028999,15.218583,17.32378,14.321993,15.785366,41717.38,0.0,3.0,2.1,9.0,11.901798,24.48,71.878136,2.17,0.5346123,726.69995,655.7351,2224867.5,956172.3,206.39998,190.8,547.0,452.6901,77.57085,56
2025-02-26 16:00:00+00:00,270.0,18.629,15.579,16.795668,20.174026,16.343983,18.170965,41802.836,9847.734,1.2,1.2,9.0,7.9932976,16.919998,359.75922,5.37,1.0096754,743.4956,673.90607,2266670.2,966020.06,207.59998,192.0,556.0,458.0601,78.58052,57
2025-02-27 16:00:00+00:00,270.0,22.779001,15.278999,18.931082,25.522911,15.757774,20.927763,41888.535,35539.035,0.0,0.0,0.0,7.9526596,19.08,134.9999,16.79,2.8876705,762.4267,694.8338,2308558.8,1001559.1,207.59998,192.0,556.0,474.8501,81.46819,58
2025-02-28 16:00:00+00:00,270.0,21.879,18.029001,19.679,23.714563,20.432552,22.130774,41974.41,16849.168,0.90000004,0.0,3.0,12.10157,26.28,144.28343,11.53,1.9519355,782.1057,716.9646,2350533.2,1018408.3,208.49997,192.0,559.0,486.3801,83.42013,59
2025-03-01 16:00:00+00:00,270.0,27.675999,18.329,22.183374,30.430988,20.270445,24.45577,42060.395,33470.883,0.0,0.0,0.0,9.793059,12.599999,229.26785,17.16,3.4065576,804.28906,741.42035,2392593.8,1051879.2,208.49997,192.0,559.0,503.5401,86.82668,60
2025-03-02 16:00:00+00:00,270.0,26.575998,19.026,22.33225,28.806244,21.055498,24.514482,42146.42,39449.375,0.0,0.0,0.0,5.634891,6.4799995,94.820694,15.62,3.0548327,826.62134,765.9348,2434740.2,1091328.6,208.49997,192.0,559.0,519.1601,89.881516,61
2025-03-03 16:00:00+00:00,270.0,26.876,20.476,22.578085,29.23825,22.232944,24.880331,42232.42,38776.26,0.3,0.3,3.0,6.9527545,9.36,314.99948,12.69,2.5368564,849.1994,790.8151,2476972.8,1130104.9,208.79997,192.3,562.0,531.8501,92.41837,62
2025-03-04 16:00:00+00:00,270.0,23.575998,14.076,18.35517,24.891146,12.600349,18.871733,42318.336,22665.31,9.600003,9.000001,21.0,19.559633,35.64,10.730518,10.98,1.9967238,867.55457,809.6868,2519291.0,1152770.1,218.39998,201.3,583.0,542.8301,94.4151,63
2025-03-05 16:00:00+00:00,270.0,13.826,10.576,11.565582,12.473974,7.090029,9.078763,42404.094,0.0,11.4000025,10.199999,15.0,19.694992,34.2,46.67663,0.96,0.6615197,879.1201,818.76556,2561695.0,1152770.1,229.79999,211.5,598.0,543.7901,95.07662,64
2025-03-06 16:00:00+00:00,270.0,12.126,10.376,11.16975,9.923374,7.681349,8.884403,42489.633,4156.518,0.0,0.0,0.0,15.111424,29.88,67.61141,4.28,1.0963546,890.28986,827.64996,2604184.8,1156926.6,229.79999,211.5,598.0,548.0701,96.17297,65
2025-03-07 16:00:00+00:00,270.0,11.376,10.576,10.982251,9.771306,8.898228,9.3672285,42574.895,0.0,2.7,2.7,12.0,12.768586,24.119999,52.875214,1.52,0.5222793,901.2721,837.0172,2646759.8,1156926.6,232.49998,214.2,610.0,549.59015,96.69525,66
2025-03-08 16:00:00+00:00,270.0,12.226,10.726,11.465583,10.909979,9.421929,10.325032,42660.426,1534.5702,0.90000004,0.90000004,3.0,9.0,19.8,52.507286,3.15,0.6637475,912.7377,847.3422,2689420.2,1158461.2,233.39998,215.09999,613.0,552.7402,97.359,67
2025-03-09 16:00:00+00:00,270.0,20.776,10.476,,21.652733,9.221696,,42746.496,,,,0.0,9.726665,20.519999,,,,,,2732166.8,,,,613.0,,,68
