date,elevation,temperature_2m_max,temperature_2m_min,temperature_2m_mean,apparent_temperature_max,apparent_temperature_min,apparent_temperature_mean,daylight_duration,sunshine_duration,precipitation_sum,rain_sum,precipitation_hours,wind_speed_10m_max,wind_gusts_10m_max,wind_direction_10m_dominant,shortwave_radiation_sum,et0_fao_evapotranspiration,cumulative_temperature_2m_mean,cumulative_apparent_temperature_mean,cumulative_daylight_duration,cumulative_sunshine_duration,cumulative_precipitation_sum,cumulative_rain_sum,cumulative_precipitation_hours,cumulative_shortwave_radiation_sum,cumulative_et0_fao_evapotranspiration,day
2025-01-01 16:00:00+00:00,8.0,17.761,16.461,17.077665,16.34908,14.194347,15.119919,38532.484,0.0,6.2999997,6.2999997,11.0,30.950054,50.76,9.079866,2.45,1.0510931,17.077665,15.119919,38532.484,0.0,6.2999997,6.2999997,11.0,2.45,1.0510931,1
2025-01-02 16:00:00+00:00,8.0,18.111,15.461,16.654749,14.084843,11.769934,12.6874695,38555.824,26776.621,0.0,0.0,0.0,39.771442,70.56,9.985768,8.07,2.3928025,33.732414,27.807388,77088.31,26776.621,6.2999997,6.2999997,11.0,10.5199995,3.4438956,2
2025-01-03 16:00:00+00:00,8.0,21.261,15.061001,17.488083,21.252773,12.339649,16.513739,38580.883,35610.69,0.0,0.0,0.0,23.233253,36.0,6.4836845,15.51,2.8323743,51.220497,44.32113,115669.195,62387.312,6.2999997,6.2999997,11.0,26.029999,6.27627,3
2025-01-04 16:00:00+00:00,8.0,19.811,14.511001,16.769333,19.426937,12.842695,15.533978,38607.633,28389.629,0.0,0.0,0.0,26.105585,43.92,5.841756,9.57,1.7122381,67.98983,59.855106,154276.83,90776.94,6.2999997,6.2999997,11.0,35.6,7.988508,4
2025-01-05 16:00:00+00:00,8.0,19.211,14.311001,16.77142,15.4688,12.342228,13.95023,38636.047,35588.78,0.1,0.1,1.0,34.569374,63.72,13.982112,17.15,3.1044185,84.761246,73.805336,192912.88,126365.72,6.3999996,6.3999996,12.0,52.75,11.092927,5
2025-01-06 16:00:00+00:00,8.0,19.211,13.611,15.788083,17.620192,11.786018,14.049989,38666.11,35580.62,0.0,0.0,0.0,20.83806,35.64,15.093479,14.65,2.6735878,100.54933,87.85532,231578.98,161946.34,6.3999996,6.3999996,12.0,67.4,13.766515,6
2025-01-07 16:00:00+00:00,8.0,19.961,14.411,16.633917,18.56788,12.924873,15.043336,38698.12,35574.11,0.0,0.0,0.0,25.816042,45.0,10.885482,15.39,2.7078836,117.18325,102.89866,270277.1,197520.45,6.3999996,6.3999996,12.0,82.79,16.474398,7
2025-01-08 16:00:00+00:00,8.0,18.211,14.411,16.2485,14.775515,9.358362,12.903118,38732.195,35008.73,0.0,0.0,0.0,34.987206,60.120003,11.278969,12.71,2.7386227,133.43175,115.80177,309009.28,232529.19,6.3999996,6.3999996,12.0,95.5,19.21302,8
2025-01-09 16:00:00+00:00,8.0,15.461,13.011001,14.046416,9.462851,7.063224,8.305468,38768.258,35565.11,0.0,0.0,0.0,40.81279,70.56,10.237583,13.59,3.1495922,147.47816,124.10724,347777.53,268094.3,6.3999996,6.3999996,12.0,109.09,22.362612,9
2025-01-10 16:00:00+00:00,8.0,16.911001,13.211,14.450583,12.919798,8.605174,10.006285,38806.24,35562.637,0.0,0.0,0.0,38.066914,66.24,8.986047,15.6,3.0923882,161.92874,134.11353,386583.78,303656.94,6.3999996,6.3999996,12.0,124.689995,25.455,10
2025-01-11 16:00:00+00:00,8.0,16.811,12.711,14.204749,11.637997,7.6397915,9.543241,38846.055,35561.516,0.0,0.0,0.0,35.33918,61.56,12.2544565,17.35,3.5526366,176.13348,143.65677,425429.84,339218.44,6.3999996,6.3999996,12.0,142.04,29.007637,11
2025-01-12 16:00:00+00:00,8.0,19.061,11.661,15.019336,17.42341,9.690348,13.378209,38887.633,35561.75,0.0,0.0,0.0,16.029097,29.16,12.549207,17.57,3.0096111,191.15282,157.03497,464317.47,374780.2,6.3999996,6.3999996,12.0,159.60999,32.01725,12
2025-01-13 16:00:00+00:00,8.0,19.811,12.061001,16.163084,19.150543,10.896591,15.556,38930.895,35563.336,0.5,0.5,1.0,16.956345,32.399998,354.31595,16.16,2.6251729,207.3159,172.59097,503248.38,410343.53,6.8999996,6.8999996,13.0,175.76999,34.64242,13
2025-01-14 16:00:00+00:00,8.0,16.361,13.161,15.042251,15.398029,7.9503193,11.402149,38975.777,6478.5254,5.3,5.3,9.0,40.17993,68.4,13.070814,4.2,1.3437088,222.35815,183.99312,542224.1,416822.06,12.2,12.2,22.0,179.96999,35.98613,14
2025-01-15 16:00:00+00:00,8.0,16.511,12.411,13.7485,12.145271,7.406805,9.106812,39022.2,35570.59,0.0,0.0,0.0,37.64927,65.520004,10.038812,15.72,3.0208263,236.10666,193.09993,581246.3,452392.66,12.2,12.2,22.0,195.68999,39.006958,15
2025-01-16 16:00:00+00:00,8.0,17.461,12.411,14.252666,14.18153,8.241236,10.655977,39070.086,35576.258,0.0,0.0,0.0,28.205488,48.6,12.212656,17.09,3.0646582,250.35933,203.7559,620316.4,487968.9,12.2,12.2,22.0,212.77998,42.071617,16
2025-01-17 16:00:00+00:00,8.0,18.711,12.711,15.602668,16.47112,11.26746,13.9792185,39119.363,34414.004,0.5,0.5,5.0,20.929596,36.719997,5.396769,9.96,2.0128152,265.962,217.73512,659435.75,522382.9,12.7,12.7,27.0,222.73999,44.08443,17
2025-01-18 16:00:00+00:00,8.0,18.661001,14.411,16.094332,15.994568,12.423092,14.036003,39169.965,35129.766,0.0,0.0,0.0,29.414997,52.92,12.849721,13.81,2.1650443,282.05634,231.77112,698605.7,557512.7,12.7,12.7,27.0,236.54999,46.249474,18
2025-01-19 16:00:00+00:00,8.0,20.111,14.061001,16.233915,19.358383,12.062855,14.356132,39221.82,35684.41,0.0,0.0,0.0,27.16569,46.8,10.622738,16.75,3.0850592,298.29025,246.12724,737827.5,593197.1,12.7,12.7,27.0,253.29999,49.334534,19
2025-01-20 16:00:00+00:00,8.0,20.661001,13.911,16.686,20.204842,12.550659,15.920228,39274.848,35693.043,0.0,0.0,0.0,16.663374,30.599998,6.085006,16.77,2.8724432,314.97626,262.0475,777102.4,628890.2,12.7,12.7,27.0,270.06998,52.206978,20
2025-01-21 16:00:00+00:00,8.0,20.161001,13.361,16.661,19.441368,13.377874,16.341679,39328.99,35625.203,0.0,0.0,0.0,18.175545,35.28,348.56802,14.9,2.3726118,331.63727,278.38916,816431.4,664515.4,12.7,12.7,27.0,284.96997,54.57959,21
2025-01-22 16:00:00+00:00,8.0,20.561,15.111,16.96725,18.404537,13.904602,15.453812,39384.17,34361.69,0.1,0.1,1.0,28.410364,46.079998,13.837489,15.21,2.4339597,348.60452,293.84296,855815.56,698877.06,12.8,12.8,28.0,300.17996,57.01355,22
2025-01-23 16:00:00+00:00,8.0,21.061,15.511001,17.481833,19.465265,13.231838,15.795326,39440.324,35654.484,0.0,0.0,0.0,26.63635,47.519997,10.520982,15.4,2.6914725,366.08636,309.63828,895255.9,734531.56,12.8,12.8,28.0,315.57996,59.70502,23
2025-01-24 16:00:00+00:00,8.0,21.111,15.611,17.363083,19.726103,13.66371,15.694161,39497.38,35735.72,0.0,0.0,0.0,30.657122,53.639996,12.361172,16.31,2.7198849,383.44946,325.33243,934753.25,770267.25,12.8,12.8,28.0,331.88995,62.424904,24
2025-01-25 16:00:00+00:00,8.0,19.511,14.161,16.238085,16.969196,9.200241,13.073398,39555.273,35689.375,0.0,0.0,0.0,39.10021,70.92,7.9025197,15.08,2.5964286,399.68756,338.40582,974308.5,805956.6,12.8,12.8,28.0,346.96994,65.02133,25
2025-01-26 16:00:00+00:00,8.0,13.711,11.361,12.256833,8.694639,4.4839363,5.958227,39613.953,18065.438,1.6000001,1.6000001,10.0,44.483677,77.76,11.470283,7.28,2.3422976,411.9444,344.36404,1013922.44,824022.06,14.400001,14.400001,38.0,354.24994,67.36363,26
2025-01-27 16:00:00+00:00,8.0,16.811,11.711,13.711001,11.797676,5.1631727,8.276002,39673.93,36043.816,0.0,0.0,0.0,36.429882,63.72,11.092314,17.11,4.0201974,425.6554,352.64005,1053596.4,860065.9,14.400001,14.400001,38.0,371.35992,71.38383,27
2025-01-28 16:00:00+00:00,8.0,18.661001,12.561001,14.8672495,16.12515,8.453138,11.917729,39735.45,36157.613,0.0,0.0,0.0,23.023119,39.239998,8.786715,17.34,3.508784,440.52264,364.55777,1093331.9,896223.5,14.400001,14.400001,38.0,388.69992,74.89261,28
2025-01-29 16:00:00+00:00,8.0,20.011,12.461,15.744335,19.616234,11.77396,15.162135,39798.4,36369.695,0.0,0.0,0.0,15.14783,27.72,349.5204,18.44,3.0430162,456.26697,379.7199,1133130.2,932593.2,14.400001,14.400001,38.0,407.13992,77.93562,29
2025-01-30 16:00:00+00:00,8.0,19.011,12.811001,16.015167,18.338284,11.838606,15.486295,39862.71,18217.146,2.7,2.7,5.0,14.572219,22.319998,0.5957476,7.92,1.6656067,472.28214,395.2062,1172993.0,950810.3,17.1,17.1,43.0,415.05994,79.60123,30
2025-01-31 16:00:00+00:00,8.0,21.111,15.311001,17.763083,21.146559,14.332821,17.21646,39928.293,35782.562,7.7,7.7,16.0,26.516266,38.88,12.534535,12.09,2.0642505,490.04523,412.42267,1212921.2,986592.9,24.8,24.8,59.0,427.14993,81.665474,31
2025-02-01 16:00:00+00:00,8.0,20.011,15.561001,17.031834,18.874895,13.33057,15.015033,39995.047,36266.6,0.7,0.7,2.0,30.274265,52.92,8.100445,17.38,2.6547327,507.07706,427.4377,1252916.2,1022859.5,25.5,25.5,61.0,444.52994,84.320206,32
2025-02-02 16:00:00+00:00,8.0,16.011,12.911,14.683917,13.606787,6.926384,10.35205,40062.9,34600.65,0.0,0.0,0.0,42.700993,74.520004,9.8746,12.56,2.2085776,521.761,437.78976,1292979.1,1057460.1,25.5,25.5,61.0,457.08994,86.528786,33
2025-02-03 16:00:00+00:00,8.0,16.011,12.411,13.602665,11.143212,6.2570686,8.287134,40131.76,36325.777,0.0,0.0,0.0,40.36377,68.03999,11.897456,13.96,3.1832488,535.36365,446.0769,1333110.9,1093785.9,25.5,25.5,61.0,471.04993,89.712036,34
2025-02-04 16:00:00+00:00,8.0,18.661001,12.961,15.5651655,17.757952,9.677345,13.6791725,40201.56,36460.95,0.0,0.0,0.0,19.514856,32.760002,3.3980784,16.56,3.1293893,550.92883,459.75607,1373312.4,1130246.9,25.5,25.5,61.0,487.60992,92.84142,35
2025-02-05 16:00:00+00:00,8.0,20.061,14.161,16.486002,19.693718,13.941933,15.728527,40272.203,34268.273,0.1,0.1,1.0,20.539726,34.56,1.8813667,14.28,2.5781474,567.41486,475.4846,1413584.6,1164515.1,25.6,25.6,62.0,501.88992,95.41957,36
2025-02-06 16:00:00+00:00,8.0,17.961,12.511001,15.229749,14.318533,6.014374,10.962887,40343.61,36937.582,0.0,0.0,0.0,43.403893,77.03999,7.538334,17.64,2.90692,582.6446,486.44748,1453928.2,1201452.8,25.6,25.6,62.0,519.5299,98.32649,37
2025-02-07 16:00:00+00:00,8.0,13.661,11.161,12.371418,7.244688,4.8028374,6.106018,40415.707,36395.023,0.0,0.0,0.0,42.407097,76.67999,10.31389,15.67,3.0445836,595.016,492.5535,1494344.0,1237847.8,25.6,25.6,62.0,535.1999,101.37108,38
2025-02-08 16:00:00+00:00,8.0,16.711,11.361,13.279751,12.540701,6.6023407,8.804588,40488.418,36613.312,0.0,0.0,0.0,34.11938,57.96,12.804273,18.17,3.2337186,608.2957,501.3581,1534832.4,1274461.0,25.6,25.6,62.0,553.3699,104.6048,39
2025-02-09 16:00:00+00:00,8.0,19.261,11.961,15.096416,17.826103,10.0854435,13.199142,40561.66,37286.855,0.0,0.0,0.0,23.046328,40.32,8.173104,19.54,3.1989546,623.39215,514.55725,1575394.0,1311747.9,25.6,25.6,62.0,572.90985,107.80375,40
2025-02-10 16:00:00+00:00,8.0,20.311,11.561001,15.938084,19.752964,10.086283,15.135272,40635.367,36724.56,0.0,0.0,0.0,21.535404,36.0,356.76822,19.66,3.0684562,639.33026,529.6925,1616029.4,1348472.4,25.6,25.6,62.0,592.5698,110.87221,41
2025-02-11 16:00:00+00:00,8.0,17.961,15.211,16.592249,18.83823,14.410189,16.432919,40709.457,0.0,51.1,51.1,22.0,22.723528,38.16,11.341028,2.46,0.64456797,655.9225,546.1254,1656738.9,1348472.4,76.7,76.7,84.0,595.02985,111.51678,42
2025-02-12 16:00:00+00:00,8.0,16.761,14.911,15.358916,14.818272,11.183794,12.395103,40783.86,0.0,33.799995,33.799995,20.0,35.157185,56.519997,9.135355,3.29,0.92483556,671.2814,558.5205,1697522.8,1348472.4,110.49999,110.49999,104.0,598.3198,112.44161,43
2025-02-13 16:00:00+00:00,8.0,18.511,15.211,16.67975,17.47723,12.84623,15.367593,40858.5,22571.438,0.5,0.5,3.0,22.304028,35.64,3.3102696,8.18,1.6297691,687.9611,573.8881,1738381.2,1371043.8,110.99999,110.99999,107.0,606.4998,114.07138,44
2025-02-14 16:00:00+00:00,8.0,20.711,15.161,17.540167,21.789417,14.488804,17.516161,40933.312,37671.863,0.0,0.0,0.0,18.202265,33.839996,1.8692089,18.73,2.762442,705.5013,591.4043,1779314.5,1408715.6,110.99999,110.99999,107.0,625.2298,116.833824,45
2025-02-15 16:00:00+00:00,8.0,21.361,14.911,17.538084,21.02475,14.375095,16.457485,41008.24,37919.42,0.0,0.0,0.0,27.965536,49.68,11.028615,19.27,2.874784,723.03937,607.86176,1820322.8,1446635.0,110.99999,110.99999,107.0,644.4998,119.70861,46
2025-02-16 16:00:00+00:00,8.0,20.911001,15.561001,17.550583,19.59596,13.314926,15.622982,41083.832,37928.227,0.0,0.0,0.0,26.099998,42.12,8.371207,20.89,3.7610414,740.58997,623.48474,1861406.6,1484563.2,110.99999,110.99999,107.0,665.38983,123.46965,47
2025-02-17 16:00:00+00:00,8.0,17.511,15.161,15.973499,14.144041,11.450646,12.544871,41166.074,33729.387,0.0,0.0,0.0,35.945957,62.279995,11.286797,14.4,2.5022018,756.5635,636.0296,1902572.8,1518292.6,110.99999,110.99999,107.0,679.78986,125.971855,48
2025-02-18 16:00:00+00:00,8.0,19.111,14.811001,16.306833,18.676138,12.959272,14.27815,41243.285,36336.523,0.0,0.0,0.0,29.522196,50.76,7.4681606,19.09,3.0391004,772.8703,650.30774,1943816.0,1554629.1,110.99999,110.99999,107.0,698.8799,129.01096,49
2025-02-19 16:00:00+00:00,8.0,17.461,15.161,16.163086,15.372892,12.599953,14.298584,41321.28,23706.998,0.0,0.0,0.0,27.381308,46.44,6.438974,11.82,1.8109905,789.0334,664.6063,1985137.2,1578336.1,110.99999,110.99999,107.0,710.6999,130.82195,50
2025-02-20 16:00:00+00:00,8.0,17.911001,15.061001,15.8776655,14.181297,10.43383,11.878174,41399.984,30675.742,0.0,0.0,0.0,42.021423,73.439995,12.672464,15.47,2.4694428,804.9111,676.4845,2026537.2,1609011.9,110.99999,110.99999,107.0,726.16986,133.29138,51
2025-02-21 16:00:00+00:00,8.0,19.011,15.011001,16.444334,17.724625,11.795551,13.66682,41479.34,35028.71,0.0,0.0,0.0,32.49785,56.88,10.830307,18.4,2.9923434,821.3554,690.1513,2068016.6,1644040.6,110.99999,110.99999,107.0,744.5699,136.28372,52
2025-02-22 16:00:00+00:00,8.0,16.161001,13.761001,15.144333,12.431694,8.332061,10.897628,41559.26,1905.8124,0.1,0.0,1.0,42.259766,76.32,14.630228,4.65,1.4151218,836.49976,701.04895,2109576.0,1645946.4,111.09999,110.99999,108.0,749.2199,137.69884,53
2025-02-23 16:00:00+00:00,8.0,15.911,13.311001,14.292251,10.621956,7.324585,9.218272,41639.688,33728.7,0.0,0.0,0.0,41.39374,73.079994,14.768021,17.72,2.9633431,850.792,710.2672,2151215.8,1679675.1,111.09999,110.99999,108.0,766.9399,140.66219,54
2025-02-24 16:00:00+00:00,8.0,17.911001,13.211,15.104749,17.10255,10.683095,13.341439,41720.555,35332.54,0.0,0.0,0.0,24.130743,41.039997,8.4194145,19.31,2.9206285,865.8967,723.60864,2192936.2,1715007.6,111.09999,110.99999,108.0,786.2499,143.58281,55
2025-02-25 16:00:00+00:00,8.0,17.911001,14.861,16.065165,16.77431,13.700203,14.786229,41801.785,17164.75,0.0,0.0,0.0,25.651104,43.92,8.678825,11.66,1.8143495,881.9619,738.3949,2234738.0,1732172.4,111.09999,110.99999,108.0,797.90985,145.39716,56
2025-02-26 16:00:00+00:00,8.0,18.511,15.361,16.442251,17.487501,14.439619,15.783746,41883.32,19740.844,0.0,0.0,0.0,18.36353,32.039997,4.503039,11.16,1.7544857,898.4042,754.17865,2276621.2,1751913.2,111.09999,110.99999,108.0,809.0698,147.15164,57
2025-02-27 16:00:00+00:00,8.0,20.461,14.661,17.0485,21.031307,15.093153,17.148672,41965.09,34452.176,0.0,0.0,0.0,18.94024,32.760002,4.9665356,18.47,2.7606332,915.4527,771.32733,2318586.2,1786365.4,111.09999,110.99999,108.0,827.5398,149.91228,58
2025-02-28 16:00:00+00:00,8.0,20.561,15.761001,17.61725,21.44492,16.367546,18.242004,42047.03,23979.902,0.0,0.0,0.0,17.193533,30.239998,3.9888625,14.25,2.2321754,933.06995,789.56934,2360633.2,1810345.2,111.09999,110.99999,108.0,841.7898,152.14445,59
2025-03-01 16:00:00+00:00,8.0,22.511,15.811001,18.483915,24.973604,16.340252,19.44934,42129.08,34739.57,0.0,0.0,0.0,14.345898,25.56,354.93146,18.67,3.066895,951.55383,809.0187,2402762.2,1845084.9,111.09999,110.99999,108.0,860.4598,155.21135,60
2025-03-02 16:00:00+00:00,8.0,30.026,16.761,21.995377,32.02423,18.072166,23.259933,42211.16,39219.12,0.0,0.0,0.0,22.68,26.64,313.12616,22.07,4.512645,973.5492,832.2786,2444973.5,1884304.0,111.09999,110.99999,108.0,882.5298,159.724,61
2025-03-03 16:00:00+00:00,8.0,23.476,17.876,19.890585,24.357582,16.294678,18.712694,42293.23,39182.0,0.0,0.0,0.0,27.77838,36.719997,3.5464165,21.47,4.1621723,993.43976,850.99133,2487266.8,1923486.0,111.09999,110.99999,108.0,903.99976,163.88617,62
2025-03-04 16:00:00+00:00,8.0,18.776,16.376,17.107248,15.614485,11.60375,13.39359,42375.21,20698.154,0.3,0.0,3.0,39.47708,57.96,10.173257,6.49,2.6149302,1010.547,864.38495,2529642.0,1944184.1,111.399994,110.99999,111.0,910.48975,166.5011,63
2025-03-05 16:00:00+00:00,8.0,19.776,16.376,17.75308,18.7936,13.261551,16.289148,42457.05,34869.938,0.0,0.0,0.0,21.479666,36.0,351.98743,14.13,3.0918634,1028.3,880.6741,2572099.0,1979054.0,111.399994,110.99999,111.0,924.61975,169.59296,64
2025-03-06 16:00:00+00:00,8.0,18.925999,16.575998,17.615583,16.638302,13.796131,15.36139,42538.676,32620.033,0.0,0.0,0.0,31.956972,49.32,12.444855,12.22,2.6337354,1045.9156,896.03546,2614637.8,2011674.0,111.399994,110.99999,111.0,936.8397,172.22668,65
2025-03-07 16:00:00+00:00,8.0,20.976,16.476,18.4135,19.184292,14.438519,16.127329,42620.043,39973.04,0.0,0.0,0.0,31.682047,40.68,7.2373686,22.67,4.2809386,1064.3291,912.1628,2657257.8,2051647.0,111.399994,110.99999,111.0,959.5097,176.50763,66
2025-03-08 16:00:00+00:00,8.0,22.276,16.825998,18.99475,22.193863,14.865627,17.63323,42701.668,40056.656,0.0,0.0,0.0,25.223133,37.8,6.0547075,23.35,4.2355337,1083.3239,929.796,2699959.5,2091703.6,111.399994,110.99999,111.0,982.8597,180.74316,67
2025-03-09 16:00:00+00:00,8.0,22.675999,18.075998,20.067669,23.565222,18.51474,20.203272,42783.805,40130.613,0.0,0.0,0.0,14.386494,23.4,348.64264,18.95,3.6318123,1103.3915,949.99927,2742743.2,2131834.2,111.399994,110.99999,111.0,1001.8097,184.37497,68
2025-03-10 16:00:00+00:00,8.0,27.075998,20.575998,,26.801645,20.312878,,42866.4,,,,0.0,23.177402,34.92,,,,,,2785609.8,,,,111.0,,,69
