date,elevation,temperature_2m_max,temperature_2m_min,temperature_2m_mean,apparent_temperature_max,apparent_temperature_min,apparent_temperature_mean,daylight_duration,sunshine_duration,precipitation_sum,rain_sum,precipitation_hours,wind_speed_10m_max,wind_gusts_10m_max,wind_direction_10m_dominant,shortwave_radiation_sum,et0_fao_evapotranspiration,cumulative_temperature_2m_mean,cumulative_apparent_temperature_mean,cumulative_daylight_duration,cumulative_sunshine_duration,cumulative_precipitation_sum,cumulative_rain_sum,cumulative_precipitation_hours,cumulative_shortwave_radiation_sum,cumulative_et0_fao_evapotranspiration,day
2025-01-01 16:00:00+00:00,292.0,16.355501,14.9055,15.534667,15.875006,14.047039,15.255763,38189.938,0.0,8.099999,8.099999,22.0,11.328566,33.48,50.1312,2.17,0.7531521,15.534667,15.255763,38189.938,0.0,8.099999,8.099999,22.0,2.17,0.7531521,1
2025-01-02 16:00:00+00:00,292.0,14.8055,13.9055,14.21175,13.547091,11.132327,12.005219,38214.918,0.0,4.0,4.0,19.0,17.244337,46.079998,50.341732,3.83,1.5014904,29.746418,27.260983,76404.86,0.0,12.099999,12.099999,41.0,6.0,2.2546425,2
2025-01-03 16:00:00+00:00,292.0,16.605501,13.705501,15.280498,13.874207,10.933546,12.350543,38241.73,27860.725,0.0,0.0,0.0,23.662985,63.36,93.620766,10.41,2.668359,45.026917,39.611526,114646.59,27860.725,12.099999,12.099999,41.0,16.41,4.9230013,3
2025-01-04 16:00:00+00:00,292.0,18.7555,14.505501,15.71175,19.588995,13.707571,15.50235,38270.35,27179.508,1.0000001,1.0000001,7.0,13.237039,39.96,72.55278,8.76,1.610377,60.738667,55.113876,152916.94,55040.234,13.099999,13.099999,48.0,25.17,6.533378,4
2025-01-05 16:00:00+00:00,292.0,15.1055,12.3555,13.974251,14.506552,9.110156,11.819198,38300.758,35362.523,0.1,0.1,1.0,16.199999,42.839996,46.063274,13.14,2.3900564,74.71292,66.933075,191217.69,90402.76,13.2,13.2,49.0,38.31,8.923434,5
2025-01-06 16:00:00+00:00,292.0,14.205501,12.005501,12.959668,10.5585785,8.934627,9.802735,38332.918,29898.3,0.0,0.0,0.0,20.519999,51.12,81.63335,11.13,2.4687748,87.67259,76.73581,229550.61,120301.06,13.2,13.2,49.0,49.440002,11.392209,6
2025-01-07 16:00:00+00:00,292.0,15.6555,12.6555,14.245084,13.936268,10.349414,12.521552,38367.168,16104.806,0.0,0.0,0.0,15.3264475,38.519997,84.484344,8.09,1.7205268,101.91768,89.25736,267917.78,136405.88,13.2,13.2,49.0,57.530003,13.112736,7
2025-01-08 16:00:00+00:00,292.0,14.3555,10.255501,12.547166,12.9754715,6.8614693,9.817498,38403.625,1198.2668,2.8000002,2.8000002,19.0,18.360882,45.0,51.509205,3.7,1.4611079,114.46484,99.07486,306321.4,137604.14,16.0,16.0,68.0,61.230003,14.573844,8
2025-01-09 16:00:00+00:00,292.0,10.4055,9.3555,9.790917,6.9648123,5.465558,6.311004,38442.207,0.0,3.5999992,3.5999992,24.0,17.063011,43.56,47.441826,3.34,1.392646,124.25576,105.385864,344763.62,137604.14,19.599998,19.599998,92.0,64.57,15.96649,9
2025-01-10 16:00:00+00:00,292.0,11.4055,10.0555,10.722167,8.534628,7.0630064,7.645973,38482.836,881.8643,2.4999998,2.4999998,19.0,17.660192,40.68,56.771347,3.71,1.399422,134.97792,113.03184,383246.47,138486.0,22.099998,22.099998,111.0,68.28,17.365911,10
2025-01-11 16:00:00+00:00,292.0,12.755501,10.255501,11.236752,10.057303,7.6069584,8.317577,38525.426,32673.629,0.1,0.1,1.0,11.793777,30.239998,48.70141,13.73,2.4569502,146.21468,121.34941,421771.9,171159.62,22.199999,22.199999,112.0,82.009995,19.82286,11
2025-01-12 16:00:00+00:00,292.0,15.255501,11.1555,13.220081,11.799347,7.771879,9.7977,38569.906,35659.086,0.0,0.0,0.0,22.019674,58.32,101.8292,15.64,3.07639,159.43475,131.14711,460341.8,206818.72,22.199999,22.199999,112.0,97.649994,22.89925,12
2025-01-13 16:00:00+00:00,292.0,19.7555,12.705501,15.540916,20.566141,11.339531,14.944642,38616.18,35673.742,0.0,0.0,0.0,13.945064,33.48,128.75912,14.76,2.6277113,174.97568,146.09175,498958.0,242492.47,22.199999,22.199999,112.0,112.409996,25.526962,13
2025-01-14 16:00:00+00:00,292.0,14.705501,9.955501,12.347167,15.268431,6.6861744,10.457343,38664.184,0.0,9.200002,9.200002,23.0,17.134071,44.639996,26.351843,2.44,0.94083095,187.32285,156.54909,537622.2,242492.47,31.400002,31.400002,135.0,114.85,26.467793,14
2025-01-15 16:00:00+00:00,292.0,11.8055,9.705501,10.684667,8.772797,6.562804,7.4968243,38713.836,13299.23,0.4,0.4,4.0,17.49337,43.92,59.072163,7.21,1.7389164,198.0075,164.04591,576336.0,255791.7,31.800001,31.800001,139.0,122.06,28.206709,15
2025-01-16 16:00:00+00:00,292.0,12.5555,10.6555,11.563834,8.779851,7.314905,8.129579,38765.055,23001.857,0.0,0.0,0.0,17.886242,46.079998,69.30052,9.73,2.265218,209.57133,172.17549,615101.06,278793.56,31.800001,31.800001,139.0,131.79,30.471928,16
2025-01-17 16:00:00+00:00,292.0,16.7055,12.3055,14.415916,14.7549095,9.012859,12.44817,38817.754,32873.543,0.8,0.8,6.0,18.947083,42.48,103.59933,10.18,2.157254,223.98724,184.62366,653918.8,311667.1,32.600002,32.600002,145.0,141.97,32.62918,17
2025-01-18 16:00:00+00:00,292.0,15.005501,13.3055,14.163833,14.857012,11.879402,13.526409,38871.867,8065.4233,3.9000003,3.9000003,16.0,11.16145,26.64,9.162252,3.94,0.9220548,238.15108,198.15007,692790.7,319732.53,36.500004,36.500004,161.0,145.91,33.551235,18
2025-01-19 16:00:00+00:00,292.0,16.5055,13.1055,14.259667,14.377525,10.861521,12.050545,38927.316,35722.59,0.0,0.0,0.0,16.685719,44.28,81.38309,15.48,2.7808285,252.41075,210.20062,731718.0,355455.12,36.500004,36.500004,161.0,161.39,36.33206,19
2025-01-20 16:00:00+00:00,292.0,17.0055,13.455501,15.149249,14.2007675,11.119675,12.539532,38984.027,35735.695,0.0,0.0,0.0,22.007162,58.32,97.874084,16.11,3.1086133,267.56,222.74016,770702.0,391190.8,36.500004,36.500004,161.0,177.5,39.440674,20
2025-01-21 16:00:00+00:00,292.0,19.7055,14.6555,16.668,20.479677,13.514776,16.340929,39041.918,33324.055,0.0,0.0,0.0,13.644427,40.68,131.96588,9.89,2.0373042,284.228,239.08109,809743.94,424514.88,36.500004,36.500004,161.0,187.39,41.477978,21
2025-01-22 16:00:00+00:00,292.0,16.1555,13.755501,14.71175,15.376341,13.7259445,14.672854,39100.918,13956.556,0.4,0.4,4.0,12.601285,32.039997,305.31372,7.47,1.225155,298.93976,253.75394,848844.9,438471.44,36.900005,36.900005,165.0,194.86,42.703133,22
2025-01-23 16:00:00+00:00,292.0,16.9555,14.755501,15.978416,16.503653,15.46726,16.172007,39160.953,20337.607,2.6,2.6,17.0,14.64209,34.92,45.041943,7.96,1.308422,314.91818,269.92593,888005.8,458809.03,39.500004,39.500004,182.0,202.82,44.011555,23
2025-01-24 16:00:00+00:00,292.0,15.9555,14.955501,15.370084,15.982603,14.025328,14.76158,39221.953,9792.923,4.7,4.7,24.0,16.363178,39.239998,49.036827,5.97,1.0983771,330.28827,284.6875,927227.75,468601.97,44.200005,44.200005,206.0,208.79001,45.109932,24
2025-01-25 16:00:00+00:00,292.0,15.755501,11.3555,14.113834,14.455347,9.842083,12.732949,39283.844,4243.626,11.0,11.0,22.0,15.426535,37.8,33.587513,4.81,1.155553,344.4021,297.42044,966511.6,472845.6,55.200005,55.200005,228.0,213.6,46.265484,25
2025-01-26 16:00:00+00:00,292.0,11.0555,8.4055,9.1305,9.433212,4.2523966,6.052862,39346.57,12691.276,12.799999,12.799999,15.0,16.62249,40.32,3.5087276,5.48,1.2115258,353.5326,303.4733,1005858.2,485536.88,68.0,68.0,243.0,219.08,47.47701,26
2025-01-27 16:00:00+00:00,292.0,11.8555,8.505501,9.997168,8.702842,5.4257565,6.776486,39410.684,35370.062,0.0,0.0,0.0,16.50709,45.719997,74.95984,15.55,2.4993508,363.52975,310.2498,1045268.9,520906.94,68.0,68.0,243.0,234.63,49.97636,27
2025-01-28 16:00:00+00:00,292.0,13.0555,9.3055,11.280499,9.289591,5.8366756,7.5449753,39476.434,35910.28,0.0,0.0,0.0,20.70704,52.56,96.80478,16.43,2.985522,374.81024,317.79477,1084745.2,556817.25,68.0,68.0,243.0,251.06,52.961884,28
2025-01-29 16:00:00+00:00,292.0,17.8055,12.1055,14.761748,16.102842,8.507206,12.335061,39543.723,35931.746,0.0,0.0,0.0,17.183167,43.199997,109.47408,16.98,3.2587504,389.572,330.12982,1124289.0,592749.0,68.0,68.0,243.0,268.04,56.220634,29
2025-01-30 16:00:00+00:00,292.0,19.0555,14.6555,16.505499,20.353626,13.406975,16.524866,39612.457,28310.516,0.1,0.1,1.0,13.243156,36.36,130.44157,7.97,1.6305494,406.07748,346.6547,1163901.5,621059.5,68.1,68.1,244.0,276.01,57.851185,30
2025-01-31 16:00:00+00:00,292.0,19.8055,14.755501,16.755499,21.54392,13.844353,17.446672,39682.543,26487.81,3.9,3.9,12.0,15.349684,38.88,50.362045,7.88,1.3988379,422.83298,364.10138,1203584.0,647547.3,72.0,72.0,256.0,283.89,59.250023,31
2025-02-01 16:00:00+00:00,292.0,15.8055,14.4055,14.901333,14.65906,13.609728,14.243557,39753.88,0.0,4.6,4.6,24.0,13.729647,33.839996,38.211086,4.09,0.9543629,437.7343,378.34494,1243337.9,647547.3,76.6,76.6,280.0,287.98,60.204388,32
2025-02-02 16:00:00+00:00,292.0,14.3055,10.455501,11.980502,13.40538,8.269571,10.137941,39826.39,0.0,13.799998,13.799998,24.0,13.397612,38.16,21.868153,2.01,0.72218764,449.7148,388.48288,1283164.2,647547.3,90.399994,90.399994,304.0,289.99002,60.926575,33
2025-02-03 16:00:00+00:00,292.0,11.455501,9.255501,10.107583,8.202137,6.0632896,6.8242393,39899.977,31529.455,4.7,4.7,7.0,16.548256,42.48,51.686134,13.31,2.292587,459.8224,395.30713,1323064.2,679076.75,95.09999,95.09999,311.0,303.30002,63.219162,34
2025-02-04 16:00:00+00:00,292.0,14.1055,9.6055,12.203418,10.606729,6.5086727,8.967677,39974.55,36000.0,0.0,0.0,0.0,20.304924,54.0,102.54915,13.65,2.684956,472.02582,404.2748,1363038.8,715076.75,95.09999,95.09999,311.0,316.95,65.90412,35
2025-02-05 16:00:00+00:00,292.0,15.005501,12.8555,13.878418,13.367512,10.588562,12.057517,40050.027,15120.551,1.2000002,1.2000002,12.0,14.766584,39.96,94.87833,7.02,1.5484653,485.90424,416.33234,1403088.8,730197.3,96.29999,96.29999,323.0,323.97,67.45258,36
2025-02-06 16:00:00+00:00,292.0,14.1055,8.5555,11.363835,13.174923,5.134987,8.981133,40126.32,0.0,9.1,9.1,24.0,17.065859,42.48,52.47942,2.21,0.87708086,497.26807,425.31348,1443215.1,730197.3,105.39999,105.39999,347.0,326.18,68.329666,37
2025-02-07 16:00:00+00:00,292.0,8.205501,6.9555,7.6305003,4.7243443,2.7346468,3.6892033,40203.344,690.64777,5.4,5.4,22.0,18.720863,46.079998,52.366802,4.2,1.2805609,504.89856,429.0027,1483418.5,730887.94,110.79999,110.79999,369.0,330.38,69.61023,38
2025-02-08 16:00:00+00:00,292.0,11.3055,8.3055,9.984666,7.8348513,4.7501955,6.440253,40281.02,8525.808,0.5,0.5,5.0,17.388409,45.0,64.1583,7.53,1.8866531,514.88324,435.44293,1523699.5,739413.75,111.29999,111.29999,374.0,337.91,71.49688,39
2025-02-09 16:00:00+00:00,292.0,15.755501,11.3555,13.58675,13.155828,8.173221,10.80705,40359.26,36213.473,0.0,0.0,0.0,17.46,44.639996,95.69491,14.32,2.8120565,528.47,446.24997,1564058.8,775627.25,111.29999,111.29999,374.0,352.23,74.30894,40
2025-02-10 16:00:00+00:00,292.0,21.355501,13.8555,17.063833,22.95173,12.527718,17.057413,40437.992,36307.125,0.0,0.0,0.0,12.43434,33.48,122.094986,17.98,3.0884316,545.5338,463.30737,1604496.8,811934.4,111.29999,111.29999,374.0,370.21002,77.39737,41
2025-02-11 16:00:00+00:00,292.0,18.5555,14.6055,16.59925,21.111246,13.368902,17.735357,40517.13,0.0,22.7,22.7,18.0,16.928614,52.56,237.52882,3.14,0.70145404,562.13306,481.04272,1645013.9,811934.4,133.99998,133.99998,392.0,373.35004,78.09882,42
2025-02-12 16:00:00+00:00,292.0,14.0555,12.0555,13.238834,12.473516,10.343975,11.332124,40596.594,0.0,31.500002,31.500002,18.0,17.654688,51.48,69.54988,3.62,0.99211335,575.3719,492.37485,1685610.5,811934.4,165.49998,165.49998,410.0,376.97003,79.090935,43
2025-02-13 16:00:00+00:00,292.0,17.9555,14.1055,16.036753,16.899828,12.084318,14.935242,40676.31,32537.67,0.0,0.0,0.0,17.972979,43.199997,95.369415,11.28,2.0695791,591.4086,507.3101,1726286.8,844472.06,165.49998,165.49998,410.0,388.25003,81.160515,44
2025-02-14 16:00:00+00:00,292.0,22.105501,14.4055,17.555498,26.034065,14.651886,19.1448,40756.207,36295.0,0.0,0.0,0.0,6.804381,18.359999,136.63652,16.6,2.8205757,608.9641,526.4549,1767043.0,880767.06,165.49998,165.49998,410.0,404.85004,83.981094,45
2025-02-15 16:00:00+00:00,292.0,17.105501,14.5555,15.859666,17.383602,13.246334,15.846817,40836.223,17095.31,1.1,1.1,8.0,13.213765,34.56,30.376791,9.1,1.6239817,624.8238,542.3017,1807879.2,897862.4,166.59999,166.59999,418.0,413.95004,85.60508,46
2025-02-16 16:00:00+00:00,292.0,16.1925,13.7925,14.977916,12.983692,9.520666,11.488093,40910.918,36000.0,0.0,0.0,0.0,25.294964,68.03999,68.675385,14.69,3.2783794,639.8017,553.7898,1848790.1,933862.4,166.59999,166.59999,418.0,428.64005,88.88346,47
2025-02-17 16:00:00+00:00,292.0,14.4425,13.1425,13.584167,12.046074,10.2159605,11.166482,40992.83,0.0,2.8999996,2.4,10.0,18.289274,63.0,56.88112,1.53,1.0772424,653.38586,564.9563,1889783.0,933862.4,169.49998,168.99998,428.0,430.17004,89.9607,48
2025-02-18 16:00:00+00:00,292.0,15.7425,13.1425,14.405,14.075691,9.858469,12.0352125,41075.656,0.0,0.0,0.0,0.0,20.380579,71.28,81.42208,2.34,1.3171043,667.7909,576.9915,1930858.6,933862.4,169.49998,168.99998,428.0,432.51004,91.2778,49
2025-02-19 16:00:00+00:00,292.0,16.9425,15.2925,16.202917,16.322075,13.556051,15.375239,41159.33,3171.632,0.4,0.3,3.0,21.437386,60.839996,62.27768,4.87,1.1237053,683.99384,592.36676,1972018.0,937034.0,169.89998,169.29999,431.0,437.38004,92.401505,50
2025-02-20 16:00:00+00:00,292.0,14.9925,12.6925,13.634166,13.024082,10.331245,11.131646,41243.754,0.0,6.9999995,5.8999996,14.0,21.980644,66.24,37.1947,1.68,0.93317866,697.628,603.4984,2013261.8,937034.0,176.89998,175.19998,445.0,439.06003,93.33469,51
2025-02-21 16:00:00+00:00,292.0,14.9925,13.4425,14.173749,13.15502,10.597684,11.806184,41328.875,0.0,4.5,3.8000002,8.0,21.38897,64.439995,63.497894,3.04,1.1953294,711.80176,615.3046,2054590.6,937034.0,181.39998,178.99998,453.0,442.10004,94.530014,52
2025-02-22 16:00:00+00:00,292.0,14.1425,11.8925,13.294581,13.061302,8.189831,10.683823,41414.6,0.0,27.600004,24.1,23.0,22.608458,73.079994,35.299706,1.29,0.81465024,725.0963,625.98846,2096005.2,937034.0,208.99998,203.09999,476.0,443.39005,95.344666,53
2025-02-23 16:00:00+00:00,292.0,11.9925,10.6925,11.144584,8.26041,6.0076494,7.01849,41500.863,8232.584,5.2,3.8,11.0,28.467327,74.159996,53.507828,5.92,1.4879099,736.2409,633.00696,2137506.0,945266.56,214.19998,206.9,487.0,449.31006,96.83257,54
2025-02-24 16:00:00+00:00,292.0,16.5425,11.3925,14.2091675,15.458412,7.6038446,12.5132675,41587.594,33623.406,0.0,0.0,0.0,20.907913,68.03999,88.65742,12.92,2.2214692,750.4501,645.5202,2179093.5,978890.0,214.19998,206.9,487.0,462.23007,99.05404,55
2025-02-25 16:00:00+00:00,292.0,15.2425,14.3425,14.777916,15.041559,12.279293,13.386135,41674.715,0.0,1.7000003,0.6,12.0,18.504139,59.039997,56.26,1.68,0.76963925,765.22797,658.9063,2220768.2,978890.0,215.89998,207.5,499.0,463.91006,99.82368,56
2025-02-26 16:00:00+00:00,292.0,16.7925,15.0425,15.765418,17.899563,14.162752,16.145971,41762.152,5114.1035,0.90000004,0.90000004,3.0,12.72283,42.48,37.746864,6.07,1.052568,780.9934,675.0523,2262530.5,984004.1,216.79997,208.4,502.0,469.98007,100.87624,57
2025-02-27 16:00:00+00:00,292.0,20.9425,14.4425,17.446665,23.974174,15.2043915,18.982376,41849.84,37276.6,0.0,0.0,0.0,9.3669195,32.399998,46.706135,17.65,2.8072333,798.44006,694.03467,2304380.2,1021280.75,216.79997,208.4,502.0,487.63007,103.68348,58
2025-02-28 16:00:00+00:00,292.0,22.8425,17.4425,19.227917,26.079912,18.948357,21.317213,41937.707,24291.232,0.0,0.0,0.0,7.208994,35.64,159.19316,13.32,2.3916779,817.66797,715.35187,2346318.0,1045572.0,216.79997,208.4,502.0,500.95007,106.07516,59
2025-03-01 16:00:00+00:00,292.0,24.966501,16.3925,20.567915,27.69378,17.879087,22.537374,42025.688,34414.645,0.0,0.0,0.0,9.220499,14.759999,208.17842,17.55,3.26947,838.2359,737.8892,2388343.8,1079986.6,216.79997,208.4,502.0,518.50006,109.34463,60
2025-03-02 16:00:00+00:00,292.0,24.066502,18.6665,21.272749,26.321503,20.321283,23.07107,42113.71,39439.07,0.0,0.0,0.0,9.220499,5.3999996,15.333301,18.78,3.388367,859.50867,760.96027,2430457.5,1119425.8,216.79997,208.4,502.0,537.2801,112.732994,61
2025-03-03 16:00:00+00:00,292.0,24.7665,19.2665,21.783167,27.036259,21.07958,24.011923,42201.703,39529.273,0.3,0.0,3.0,6.3690495,9.72,328.3246,14.76,2.736903,881.2918,784.97217,2472659.2,1158955.0,217.09998,208.4,505.0,552.0401,115.469894,62
2025-03-04 16:00:00+00:00,292.0,21.066502,13.4665,17.556082,22.718395,10.292008,17.151564,42289.61,23502.268,9.6,8.399999,21.0,27.105392,42.12,44.191177,10.59,1.8031157,898.8479,802.1237,2514948.8,1182457.2,226.69998,216.79999,526.0,562.6301,117.27301,63
2025-03-05 16:00:00+00:00,292.0,13.2165,10.5665,11.279002,10.030096,6.3641357,7.652045,42377.35,0.0,11.400002,9.900001,15.0,26.282465,32.039997,39.526295,1.04,0.8256338,910.1269,809.77576,2557326.0,1182457.2,238.09998,226.69998,541.0,563.6701,118.09864,64
2025-03-06 16:00:00+00:00,292.0,11.4665,10.2664995,10.874833,8.434853,6.2450647,7.5306067,42464.867,0.0,0.6,0.6,6.0,20.3774,24.48,54.721703,2.23,1.1415725,921.0017,817.30634,2599790.8,1182457.2,238.69998,227.29999,547.0,565.9001,119.24021,65
2025-03-07 16:00:00+00:00,292.0,11.1665,10.4165,10.74775,8.63514,7.6740675,8.08904,42552.098,0.0,4.2,4.2,24.0,17.654688,21.24,44.648525,1.34,0.6288541,931.74945,825.3954,2642342.8,1182457.2,242.89998,231.49998,571.0,567.2401,119.869064,66
2025-03-08 16:00:00+00:00,292.0,12.2165,10.5665,11.304002,10.661743,8.098618,9.605894,42639.61,76.645004,1.8000002,1.8000002,12.0,15.124284,14.04,42.290813,2.21,0.5731823,943.05347,835.0013,2684982.2,1182533.9,244.69998,233.29999,583.0,569.45013,120.442245,67
2025-03-09 16:00:00+00:00,292.0,18.2665,11.5665,,17.685333,9.902891,,42727.668,,,,0.0,15.509274,12.959999,,,,,,2727710.0,,,,583.0,,,68
