date,elevation,temperature_2m_max,temperature_2m_min,temperature_2m_mean,apparent_temperature_max,apparent_temperature_min,apparent_temperature_mean,daylight_duration,sunshine_duration,precipitation_sum,rain_sum,precipitation_hours,wind_speed_10m_max,wind_gusts_10m_max,wind_direction_10m_dominant,shortwave_radiation_sum,et0_fao_evapotranspiration,cumulative_temperature_2m_mean,cumulative_apparent_temperature_mean,cumulative_daylight_duration,cumulative_sunshine_duration,cumulative_precipitation_sum,cumulative_rain_sum,cumulative_precipitation_hours,cumulative_shortwave_radiation_sum,cumulative_et0_fao_evapotranspiration,day
2025-01-01 16:00:00+00:00,995.0,15.237499,13.3875,14.224999,15.607866,13.395855,14.491547,38676.88,372.78534,10.8,10.8,24.0,9.354806,21.24,36.038403,2.53,0.52117646,14.224999,14.491547,38676.88,372.78534,10.8,10.8,24.0,2.53,0.52117646,1
2025-01-02 16:00:00+00:00,995.0,14.0375,10.1375,12.681252,13.444374,8.649637,11.957417,38699.535,2147.6787,12.799999,12.799999,24.0,12.097553,30.960001,38.767147,3.11,0.5784418,26.90625,26.448963,77376.414,2520.464,23.599998,23.599998,48.0,5.64,1.0996182,2
2025-01-03 16:00:00+00:00,995.0,14.7375,9.3875,11.614583,13.337563,7.7666616,10.329461,38723.855,35838.203,3.2000003,3.2000003,19.0,10.8015,34.2,36.58008,11.88,1.7312657,38.520832,36.778423,116100.266,38358.668,26.8,26.8,67.0,17.52,2.830884,3
2025-01-04 16:00:00+00:00,995.0,16.2375,10.6375,12.933334,15.71287,9.969921,12.722148,38749.816,35654.934,4.2000003,4.2000003,21.0,7.001514,24.119999,95.19456,11.23,1.7772535,51.454166,49.500572,154850.08,74013.6,31.0,31.0,88.0,28.75,4.6081376,4
2025-01-05 16:00:00+00:00,995.0,14.1875,9.6875,11.727082,13.105265,7.9849815,10.679516,38777.395,31504.5,5.899999,5.899999,24.0,11.770403,32.760002,45.29861,8.62,1.2935238,63.181248,60.180088,193627.47,105518.1,36.899998,36.899998,112.0,37.37,5.9016614,5
2025-01-06 16:00:00+00:00,995.0,13.4375,8.5875,10.462499,12.020782,7.061265,9.089554,38806.574,23575.02,5.8999996,5.8999996,21.0,9.979859,24.48,49.033234,8.08,1.2206571,73.643745,69.26964,232434.05,129093.125,42.799995,42.799995,133.0,45.449997,7.1223183,6
2025-01-07 16:00:00+00:00,995.0,14.8375,8.0875,11.106251,13.957361,6.4331293,10.154119,38837.65,34905.99,12.3,12.3,24.0,8.656858,29.88,30.739761,9.93,1.510123,84.75,79.42376,271271.7,163999.11,55.099995,55.099995,157.0,55.379997,8.6324415,7
2025-01-08 16:00:00+00:00,995.0,13.1375,8.9875,10.500001,11.5972185,7.039212,8.953063,38870.72,25297.338,13.1,13.1,24.0,12.232057,31.319998,35.122257,6.77,1.0204835,95.25,88.37682,310142.4,189296.45,68.2,68.2,181.0,62.149998,9.6529255,8
2025-01-09 16:00:00+00:00,995.0,10.3375,7.3374996,8.722917,8.348911,5.0675907,6.65884,38905.73,5084.8105,14.599999,14.599999,24.0,13.032298,33.12,43.62524,4.32,0.63036317,103.972916,95.03566,349048.12,194381.27,82.799995,82.799995,205.0,66.47,10.283289,9
2025-01-10 16:00:00+00:00,995.0,10.9375,7.3875,8.791667,9.686277,5.218319,7.1796074,38942.594,8754.137,18.4,18.4,24.0,9.734987,24.84,40.98853,4.89,0.71363205,112.76458,102.21527,387990.72,203135.4,101.2,101.2,229.0,71.36,10.996921,10
2025-01-11 16:00:00+00:00,995.0,11.3875,6.5875,8.783333,9.691046,4.1697454,6.9499917,38981.24,31991.764,11.4,11.4,24.0,11.043261,30.239998,41.739986,7.98,1.1079501,121.54791,109.16526,426971.97,235127.17,112.6,112.6,253.0,79.340004,12.104871,11
2025-01-12 16:00:00+00:00,995.0,13.2875,6.0375,9.10625,11.633294,3.9000711,7.324909,39021.6,35852.938,2.0,2.0,13.0,10.4166975,29.88,40.663044,13.84,1.8912429,130.65416,116.49017,465993.56,270980.12,114.6,114.6,266.0,93.18001,13.996114,12
2025-01-13 16:00:00+00:00,995.0,16.9375,5.2375,11.554166,16.91044,3.1670313,10.845158,39063.6,35853.86,1.4000001,1.4000001,8.0,8.557102,25.56,52.023926,15.79,2.3677983,142.20833,127.33533,505057.16,306834.0,116.0,116.0,274.0,108.97001,16.363913,13
2025-01-14 16:00:00+00:00,995.0,13.2875,8.8375,11.864582,13.162809,6.9187975,11.109002,39107.168,0.0,22.5,22.5,24.0,12.124306,31.319998,36.244785,1.95,0.4175693,154.0729,138.44434,544164.3,306834.0,138.5,138.5,298.0,110.920006,16.781483,14
2025-01-15 16:00:00+00:00,995.0,11.2375,7.8374996,9.179167,9.313383,6.2468824,7.3306766,39152.227,15134.991,8.6,8.6,23.0,10.495713,26.28,48.945316,7.0,1.0180172,163.25208,145.77501,583316.56,321969.0,147.1,147.1,321.0,117.920006,17.7995,15
2025-01-16 16:00:00+00:00,995.0,11.7875,5.9375,8.897916,9.778138,3.7283196,6.9822197,39198.72,27184.48,5.2999997,5.2999997,24.0,10.897063,30.599998,41.91653,8.34,1.202402,172.15,152.75723,622515.25,349153.47,152.40001,152.40001,345.0,126.26001,19.001902,16
2025-01-17 16:00:00+00:00,995.0,12.9375,6.6875,10.145833,12.030119,4.485385,9.034697,39246.555,25070.914,6.1,6.1,15.0,7.5685663,23.039999,36.33747,8.04,1.2337872,182.29582,161.79193,661761.8,374224.38,158.50002,158.50002,360.0,134.3,20.23569,17
2025-01-18 16:00:00+00:00,995.0,15.4375,10.9375,12.725001,15.752275,10.261061,12.474368,39295.684,32445.96,21.200003,21.200003,24.0,8.085988,29.88,57.09477,8.58,1.3491133,195.02083,174.2663,701057.5,406670.34,179.70001,179.70001,384.0,142.88,21.584803,18
2025-01-19 16:00:00+00:00,995.0,15.5375,8.8375,11.564584,15.042994,7.571912,10.587337,39346.023,32163.06,6.5,6.5,19.0,10.51576,29.16,46.10072,12.7,1.88277,206.58542,184.85364,740403.5,438833.4,186.20001,186.20001,403.0,155.58,23.467573,19
2025-01-20 16:00:00+00:00,995.0,14.1875,8.9875,11.247917,13.319317,7.622181,10.139796,39397.508,34612.12,3.0999994,3.0999994,14.0,9.47012,30.599998,40.82253,11.31,1.6706952,217.83334,194.99344,779801.0,473445.53,189.30002,189.30002,417.0,166.89,25.138268,20
2025-01-21 16:00:00+00:00,995.0,14.4875,9.8375,12.070832,14.506577,8.357179,11.533089,39450.074,20327.182,7.2,7.2,17.0,6.424764,18.72,21.703066,6.17,1.0734869,229.90417,206.52652,819251.06,493772.72,196.50002,196.50002,434.0,173.06,26.211754,21
2025-01-22 16:00:00+00:00,995.0,18.6375,10.5375,13.922915,18.329372,10.038171,13.8982725,39503.645,35592.53,24.8,24.8,24.0,8.9873905,26.28,149.42088,12.4,2.0087245,243.82709,220.42479,858754.7,529365.25,221.30002,221.30002,458.0,185.45999,28.220478,22
2025-01-23 16:00:00+00:00,995.0,17.2875,11.8375,13.862502,17.211449,11.204488,13.740941,39558.168,33696.715,8.300001,8.300001,16.0,9.9408245,31.68,42.952507,11.51,1.7913955,257.68958,234.16573,898312.9,563061.94,229.60002,229.60002,474.0,196.96999,30.011873,23
2025-01-24 16:00:00+00:00,995.0,16.7375,10.9375,13.185417,17.115238,10.307125,12.806735,39613.566,33043.066,13.299999,13.299999,24.0,10.261579,34.2,40.176857,10.88,1.6476744,270.875,246.97246,937926.44,596105.0,242.90002,242.90002,498.0,207.84999,31.659548,24
2025-01-25 16:00:00+00:00,995.0,13.9875,10.4875,12.070834,13.331991,9.553375,11.363019,39669.773,24274.828,20.100002,20.100002,24.0,9.194106,27.0,44.32178,6.96,1.0944048,282.94583,258.33548,977596.2,620379.8,263.00003,263.00003,522.0,214.81,32.753952,25
2025-01-26 16:00:00+00:00,995.0,10.7375,6.6875,9.210416,9.857286,4.5362415,7.568327,39726.75,1595.2803,33.4,33.4,24.0,10.83893,28.44,53.044617,3.05,0.5022742,292.15625,265.9038,1017322.94,621975.06,296.40002,296.40002,546.0,217.86,33.256226,26
2025-01-27 16:00:00+00:00,995.0,10.2875,6.5875,8.008333,8.462518,4.193409,5.8458405,39784.992,17594.314,5.9,5.9,21.0,10.24578,28.44,51.30161,7.06,1.0064557,300.16458,271.74963,1057107.9,639569.4,302.30002,302.30002,567.0,224.92,34.26268,27
2025-01-28 16:00:00+00:00,995.0,10.1375,6.8375,8.129168,8.430166,4.8968515,6.206629,39844.72,12305.367,6.4999995,6.4999995,24.0,10.132897,26.64,51.80782,6.96,0.9776441,308.29376,277.95627,1096952.6,651874.75,308.80002,308.80002,591.0,231.88,35.240326,28
2025-01-29 16:00:00+00:00,995.0,13.8875,6.5375,9.831251,12.722366,4.58556,8.466518,39905.85,36054.297,4.1000004,4.1000004,17.0,8.967541,26.28,39.482376,12.02,1.726088,318.125,286.4228,1136858.5,687929.06,312.90002,312.90002,608.0,243.90001,36.966415,29
2025-01-30 16:00:00+00:00,995.0,16.1875,9.2375,12.09375,16.679457,7.769552,11.912984,39968.3,12639.075,17.599998,17.599998,23.0,6.320538,20.519999,333.54065,4.39,0.83109283,330.21875,298.3358,1176826.8,700568.1,330.50003,330.50003,631.0,248.29001,37.79751,30
2025-01-31 16:00:00+00:00,995.0,17.5375,12.3875,14.593749,18.498037,12.632406,15.338618,40031.984,23186.521,21.799997,21.799997,24.0,5.896202,24.84,104.50018,7.05,1.244167,344.8125,313.6744,1216858.8,723754.6,352.30002,352.30002,655.0,255.34001,39.041676,31
2025-02-01 16:00:00+00:00,995.0,16.6875,12.5875,14.127084,17.016663,12.473513,14.177826,40096.812,32015.777,16.999998,16.999998,24.0,10.7714615,41.399998,56.29151,9.55,1.4698074,358.93958,327.85223,1256955.5,755770.4,369.30002,369.30002,679.0,264.89,40.511482,32
2025-02-02 16:00:00+00:00,995.0,14.7375,9.2375,12.087501,14.324648,7.4645205,11.310016,40162.703,23995.34,21.7,21.7,24.0,11.792404,32.760002,52.115726,7.69,1.1265289,371.02707,339.16226,1297118.2,779765.7,391.00003,391.00003,703.0,272.58002,41.638012,33
2025-02-03 16:00:00+00:00,995.0,10.2875,7.2875004,8.566667,8.655175,5.1972256,6.6308265,40229.582,3357.0571,12.500001,12.500001,23.0,10.583326,27.359999,50.076805,4.97,0.7359405,379.59375,345.7931,1337347.9,783122.75,403.50003,403.50003,726.0,277.55002,42.37395,34
2025-02-04 16:00:00+00:00,995.0,11.0875,6.3875,8.783334,9.410235,4.549802,7.349446,40297.36,25013.775,9.4,9.4,21.0,9.555271,23.4,64.93129,8.72,1.2075995,388.37708,353.14255,1377645.2,808136.5,412.90002,412.90002,747.0,286.27002,43.58155,35
2025-02-05 16:00:00+00:00,995.0,14.3375,9.0375,11.577083,14.109907,8.247172,11.122767,40365.97,27841.09,20.299997,20.299997,24.0,7.596341,21.96,59.174232,8.01,1.2738124,399.95416,364.26532,1418011.2,835977.56,433.2,433.2,771.0,294.28003,44.855362,36
2025-02-06 16:00:00+00:00,995.0,14.7375,8.2375,11.462499,13.414078,6.118601,10.140053,40435.316,33033.492,12.6,12.6,24.0,14.973577,39.239998,39.74933,10.63,1.4971101,411.41666,374.40536,1458446.6,869011.06,445.80002,445.80002,795.0,304.91003,46.35247,37
2025-02-07 16:00:00+00:00,995.0,9.1875,5.8875,7.597917,6.600155,3.4518247,5.105997,40505.344,18854.02,9.1,9.1,24.0,13.229693,34.2,49.077957,7.32,0.94927377,419.0146,379.51135,1498952.0,887865.06,454.90002,454.90002,819.0,312.23004,47.301743,38
2025-02-08 16:00:00+00:00,995.0,10.0875,6.2375,7.8145843,7.966672,4.109309,5.750281,40575.965,15426.291,10.400001,10.400001,24.0,11.534054,30.239998,48.536774,7.11,0.95528346,426.82916,385.26163,1539528.0,903291.4,465.30002,465.30002,843.0,319.34003,48.257027,39
2025-02-09 16:00:00+00:00,995.0,13.8875,5.8875,9.770833,13.027382,3.6923246,8.288178,40647.1,36078.082,3.1999998,3.1999998,18.0,9.3669195,28.08,47.299828,13.78,1.9313518,436.6,393.5498,1580175.1,939369.44,468.50003,468.50003,861.0,333.12003,50.188377,40
2025-02-10 16:00:00+00:00,995.0,16.2375,8.8375,12.525001,16.454311,7.421747,12.173252,40718.69,34895.05,2.6000001,2.6000001,14.0,7.689603,25.919998,60.30941,11.97,1.8844835,449.125,405.72305,1620893.9,974264.5,471.10004,471.10004,875.0,345.09003,52.07286,41
2025-02-11 16:00:00+00:00,995.0,15.9375,12.8375,14.585416,16.96347,12.949738,15.393924,40790.65,0.0,36.300003,36.300003,24.0,6.2145634,19.8,189.80304,1.79,0.4615777,463.71042,421.11697,1661684.5,974264.5,507.40002,507.40002,899.0,346.88004,52.53444,42
2025-02-12 16:00:00+00:00,995.0,14.7875,11.6375,13.156251,15.510822,10.718389,12.694247,40862.918,0.0,49.300003,49.300003,24.0,12.284918,31.68,39.041405,3.04,0.5572471,476.86667,433.81122,1702547.4,974264.5,556.7,556.7,923.0,349.92004,53.091686,43
2025-02-13 16:00:00+00:00,995.0,15.1875,11.3875,13.133334,15.610525,10.7078705,13.000885,40935.42,10533.901,3.8000004,3.8000004,18.0,7.458606,20.880001,36.181755,6.03,1.0151529,490.0,446.8121,1743482.8,984798.4,560.5,560.5,941.0,355.95004,54.10684,44
2025-02-14 16:00:00+00:00,995.0,19.7875,12.2875,15.768749,21.31282,11.557448,16.521267,41008.09,34484.027,1.2,1.2,7.0,8.865799,26.64,32.794254,15.58,2.5554726,505.76874,463.33337,1784490.9,1019282.4,561.7,561.7,948.0,371.53003,56.66231,45
2025-02-15 16:00:00+00:00,995.0,19.2375,13.1375,15.525002,19.226187,12.622814,15.436893,41080.87,36373.11,5.7,5.7,19.0,10.874741,28.8,39.336277,13.2,2.1919427,521.29376,478.77026,1825571.8,1055655.5,567.4,567.4,967.0,384.73004,58.854256,46
2025-02-16 16:00:00+00:00,995.0,13.0275,8.6775,10.587916,12.62487,7.4004517,9.52831,41133.812,34871.703,0.2,0.0,2.0,11.212135,33.48,83.673294,15.0,1.9780033,531.88165,488.29858,1866705.5,1090527.2,567.60004,567.4,969.0,399.73004,60.83226,47
2025-02-17 16:00:00+00:00,995.0,11.9275,8.5775,10.212917,11.120316,7.501589,9.259913,41208.79,8095.941,0.2,0.0,2.0,9.449572,30.960001,91.541176,4.15,0.63683254,542.09454,497.5585,1907914.2,1098623.2,567.80005,567.4,971.0,403.88004,61.469093,48
2025-02-18 16:00:00+00:00,995.0,11.6275,9.5275,10.404583,11.0400915,8.464425,9.803996,41284.617,11782.27,0.2,0.0,2.0,8.78872,28.44,103.7645,5.03,0.76341224,552.49915,507.3625,1949198.9,1110405.5,568.00006,567.4,973.0,408.91003,62.232506,49
2025-02-19 16:00:00+00:00,995.0,13.4775,10.6775,11.900416,12.808344,10.30422,11.70584,41361.215,13669.346,0.6,0.0,5.0,9.387651,28.44,161.3924,5.95,0.93348986,564.39954,519.0683,1990560.1,1124074.9,568.60004,567.4,978.0,414.86005,63.165997,50
2025-02-20 16:00:00+00:00,995.0,12.7775,9.6775,11.527499,12.503662,8.762747,10.97945,41438.51,323.5462,0.0,0.0,0.0,8.759178,27.359999,97.0137,2.24,0.4351539,575.92706,530.0477,2031998.6,1124398.4,568.60004,567.4,978.0,417.10004,63.60115,51
2025-02-21 16:00:00+00:00,995.0,13.7275,9.2775,11.1900015,13.203672,8.366439,10.823709,41516.445,19664.693,0.0,0.0,0.0,8.0899935,26.28,119.10463,7.86,1.2236419,587.11707,540.87146,2073515.1,1144063.1,568.60004,567.4,978.0,424.96002,64.82479,52
2025-02-22 16:00:00+00:00,995.0,12.3775,9.3275,10.869166,12.006378,8.124226,10.28431,41594.94,4939.5605,0.0,0.0,0.0,8.759178,27.72,93.56566,4.34,0.6843644,597.9862,551.15576,2115110.0,1149002.6,568.60004,567.4,978.0,429.30002,65.509155,53
2025-02-23 16:00:00+00:00,995.0,9.1775,7.0775,7.9462504,7.918661,5.256672,6.302717,41673.934,0.0,0.0,0.0,0.0,9.726665,29.16,86.937744,2.36,0.39654958,605.93243,557.4585,2156784.0,1149002.6,568.60004,567.4,978.0,431.66,65.90571,54
2025-02-24 16:00:00+00:00,995.0,12.4775,6.8775,9.652499,12.357807,5.073186,8.839099,41753.35,31793.016,0.0,0.0,0.0,10.739832,26.64,126.68983,15.61,2.01114,615.58496,566.2976,2198537.2,1180795.6,568.60004,567.4,978.0,447.27,67.91685,55
2025-02-25 16:00:00+00:00,995.0,14.6275,9.6275,11.835834,14.3177395,8.993691,11.541919,41833.133,26917.04,0.3,0.0,3.0,10.144082,25.919998,134.34528,11.91,1.7030662,627.4208,577.83954,2240370.5,1207712.6,568.9,567.4,981.0,459.18,69.61991,56
2025-02-26 16:00:00+00:00,995.0,15.3775,11.5775,13.321252,15.000675,11.310713,13.400143,41913.21,22037.617,0.0,0.0,0.0,9.178235,28.44,146.49652,8.52,1.3484924,640.742,591.2397,2282283.8,1229750.2,568.9,567.4,981.0,467.69998,70.96841,57
2025-02-27 16:00:00+00:00,995.0,17.7275,13.0775,14.9191675,18.249352,12.7388935,15.284984,41993.523,31857.012,0.6,0.0,6.0,10.703569,29.519999,151.40974,14.69,2.2612224,655.6612,606.52466,2324277.2,1261607.2,569.5,567.4,987.0,482.38998,73.22963,58
2025-02-28 16:00:00+00:00,995.0,17.2775,14.0275,15.465,17.537712,14.122982,16.205963,42074.004,26240.152,0.9000001,0.0,6.0,10.195057,28.8,161.89146,11.36,1.7927608,671.1262,622.7306,2366351.2,1287847.4,570.4,567.4,993.0,493.74997,75.02239,59
2025-03-01 16:00:00+00:00,995.0,23.4285,14.9275,18.121874,25.16594,15.514814,19.15533,42154.59,34615.84,0.0,0.0,0.0,11.200571,14.04,151.30182,21.91,3.8306806,689.2481,641.8859,2408505.8,1322463.2,570.4,567.4,993.0,515.66,78.85307,60
2025-03-02 16:00:00+00:00,995.0,22.0285,15.2785,17.851418,22.64297,16.271944,18.917795,42235.22,39448.668,0.0,0.0,0.0,11.480557,8.28,156.721,17.32,2.959507,707.09955,660.8037,2450741.0,1361911.9,570.4,567.4,993.0,532.98,81.81258,61
2025-03-03 16:00:00+00:00,995.0,22.7785,13.7785,17.713919,24.615894,12.9203,18.032219,42315.824,39692.527,0.0,0.0,0.0,13.755579,10.799999,171.802,22.81,3.8158817,724.8135,678.83594,2493056.8,1401604.4,570.4,567.4,993.0,555.79,85.628456,62
2025-03-04 16:00:00+00:00,995.0,22.4285,14.0285,17.818087,24.442276,13.979017,18.220848,42396.35,37204.83,0.9,0.0,6.0,14.20062,15.4800005,93.000595,20.91,3.5626967,742.6316,697.05676,2535453.0,1438809.2,571.30005,567.4,999.0,576.69995,89.191154,63
2025-03-05 16:00:00+00:00,995.0,13.5785,6.6785,9.918083,13.538084,4.3535385,8.558513,42476.73,151.45706,0.6,0.6,6.0,10.636766,20.16,53.065666,2.74,0.51083,752.5497,705.6153,2577929.8,1438960.8,571.9,568.0,1005.0,579.43994,89.70199,64
2025-03-06 16:00:00+00:00,995.0,11.728499,6.4785,8.682668,9.830227,4.550272,6.9130406,42556.906,38177.84,0.0,0.0,0.0,9.531505,13.679999,75.90272,12.13,1.6467432,761.23236,712.5283,2620486.8,1477138.6,571.9,568.0,1005.0,591.56995,91.34873,65
2025-03-07 16:00:00+00:00,995.0,14.228499,7.4284997,10.130584,12.91927,6.129611,8.795601,42636.83,31464.947,0.90000004,0.90000004,3.0,8.669949,11.5199995,76.87082,12.03,1.8491819,771.3629,721.3239,2663123.5,1508603.6,572.80005,568.9,1008.0,603.6,93.197914,66
2025-03-08 16:00:00+00:00,995.0,12.428499,8.2785,10.14725,10.928156,7.1345863,9.032982,42717.0,27630.572,1.2,1.2,6.0,11.525623,12.599999,87.87899,11.25,1.4870393,781.5102,730.3569,2705840.5,1536234.2,574.00006,570.10004,1014.0,614.85,94.68495,67
2025-03-09 16:00:00+00:00,995.0,19.328499,7.9284997,,19.897354,5.2458754,,42797.68,,,,0.0,10.739832,6.8399997,,,,,,2748638.2,,,,1014.0,,,68
