date,elevation,temperature_2m_max,temperature_2m_min,temperature_2m_mean,apparent_temperature_max,apparent_temperature_min,apparent_temperature_mean,daylight_duration,sunshine_duration,precipitation_sum,rain_sum,precipitation_hours,wind_speed_10m_max,wind_gusts_10m_max,wind_direction_10m_dominant,shortwave_radiation_sum,et0_fao_evapotranspiration,cumulative_temperature_2m_mean,cumulative_apparent_temperature_mean,cumulative_daylight_duration,cumulative_sunshine_duration,cumulative_precipitation_sum,cumulative_rain_sum,cumulative_precipitation_hours,cumulative_shortwave_radiation_sum,cumulative_et0_fao_evapotranspiration,day
2025-01-01 16:00:00+00:00,361.0,17.803,15.053,16.461332,18.267853,15.834528,16.95706,38724.707,1274.8195,8.400001,8.400001,24.0,14.133152,30.239998,30.38029,2.75,0.5517585,16.461332,16.95706,38724.707,1274.8195,8.400001,8.400001,24.0,2.75,0.5517585,1
2025-01-02 16:00:00+00:00,361.0,16.303,13.553,15.413418,16.105751,11.538992,14.469775,38747.137,151.79947,12.200001,12.200001,24.0,20.473368,46.079998,30.470474,2.51,0.51952577,31.87475,31.426834,77471.84,1426.6189,20.600002,20.600002,48.0,5.26,1.0712843,2
2025-01-03 16:00:00+00:00,361.0,17.303,13.253,14.838416,15.835711,11.326931,13.397571,38771.21,35891.016,3.4999998,3.4999998,16.0,18.204042,42.839996,31.487408,11.78,1.8594362,46.713165,44.824406,116243.055,37317.633,24.100002,24.100002,64.0,17.04,2.9307203,3
2025-01-04 16:00:00+00:00,361.0,19.103,13.353001,16.107168,19.51326,12.997795,16.667086,38796.918,35919.312,2.7999995,2.7999995,18.0,6.66,19.44,32.324337,10.27,1.7513217,62.820335,61.491493,155039.97,73236.945,26.900002,26.900002,82.0,27.310001,4.682042,4
2025-01-05 16:00:00+00:00,361.0,17.303,12.603001,14.707165,16.652002,11.611811,13.851092,38824.22,31194.078,4.6,4.6,19.0,16.276815,38.16,38.63221,10.45,1.6245582,77.5275,75.34258,193864.19,104431.02,31.500002,31.500002,101.0,37.760002,6.3066006,5
2025-01-06 16:00:00+00:00,361.0,15.8029995,12.053,13.653,14.789028,10.423516,12.423064,38853.1,26395.059,5.2,5.2,23.0,14.77755,30.599998,44.570526,8.83,1.4284891,91.1805,87.76565,232717.28,130826.08,36.7,36.7,124.0,46.590004,7.73509,6
2025-01-07 16:00:00+00:00,361.0,17.953001,10.103001,13.923835,18.18674,9.042662,13.637435,38883.867,35894.062,8.0,8.0,24.0,8.827343,24.84,34.84783,12.7,1.9600769,105.10433,101.40308,271601.16,166720.14,44.7,44.7,148.0,59.290005,9.695167,7
2025-01-08 16:00:00+00:00,361.0,16.303,11.503,13.594668,14.711353,10.228347,12.072034,38916.605,25997.611,8.1,8.1,23.0,19.119015,43.92,31.21834,9.37,1.3887216,118.699,113.47512,310517.75,192717.75,52.800003,52.800003,171.0,68.66,11.083888,8
2025-01-09 16:00:00+00:00,361.0,13.053,11.003,11.861333,10.719587,8.392337,9.471977,38951.266,2958.2686,11.199999,11.199999,24.0,19.373219,43.199997,34.80576,3.93,0.6837428,130.56033,122.9471,349469.0,195676.02,64.0,64.0,195.0,72.590004,11.767631,9
2025-01-10 16:00:00+00:00,361.0,14.003,10.553,11.928,13.000713,8.202225,10.329772,38987.758,6796.6904,12.0,12.0,23.0,16.434305,35.64,37.57472,4.9,0.77646583,142.48833,133.27687,388456.75,202472.7,76.0,76.0,218.0,77.490005,12.544096,10
2025-01-11 16:00:00+00:00,361.0,14.403,10.553,12.298832,12.552769,8.506918,10.499494,39026.023,31231.127,6.799999,6.799999,24.0,16.940096,39.96,37.32297,9.98,1.4480436,154.78716,143.77637,427482.78,233703.83,82.8,82.8,242.0,87.47,13.99214,11
2025-01-12 16:00:00+00:00,361.0,15.553,10.103001,12.538417,13.7354355,7.987816,10.72097,39065.98,33279.51,1.9000002,1.9000002,12.0,13.479583,32.760002,41.73993,13.37,2.015589,167.32558,154.49734,466548.75,266983.34,84.700005,84.700005,254.0,100.840004,16.007729,12
2025-01-13 16:00:00+00:00,361.0,18.903,9.453,14.67175,19.676285,8.102076,14.660721,39107.56,35878.5,0.7,0.7,6.0,7.040739,21.24,29.024277,15.21,2.4057992,181.99733,169.15807,505656.3,302861.84,85.4,85.4,260.0,116.05,18.413528,13
2025-01-14 16:00:00+00:00,361.0,15.953001,12.203,14.632165,16.714283,10.006145,14.1210375,39150.69,0.0,20.3,20.3,24.0,20.129442,45.719997,31.886974,1.86,0.37948716,196.6295,183.2791,544807.0,302861.84,105.7,105.7,284.0,117.91,18.793016,14
2025-01-15 16:00:00+00:00,361.0,13.853001,11.253,12.261333,12.07654,9.261648,10.388672,39195.305,15872.674,7.5,7.5,24.0,16.87398,37.44,42.242905,7.14,1.1114267,208.89084,193.66777,584002.3,318734.53,113.2,113.2,308.0,125.05,19.904444,15
2025-01-16 16:00:00+00:00,361.0,14.453,9.653,12.136334,12.553696,7.724365,10.352111,39241.33,31048.262,4.2000003,4.2000003,20.0,14.387619,35.28,39.321114,9.89,1.4805968,221.02718,204.01988,623243.6,349782.78,117.399994,117.399994,328.0,134.94,21.38504,16
2025-01-17 16:00:00+00:00,361.0,15.303,10.803,13.294667,15.022202,8.829506,12.415372,39288.695,24366.633,3.9000003,3.9000003,15.0,12.503199,28.8,36.2423,7.75,1.3144897,234.32184,216.43526,662532.3,374149.4,121.299995,121.299995,343.0,142.69,22.69953,17
2025-01-18 16:00:00+00:00,361.0,18.553,14.153,16.065498,19.427208,13.923658,16.697807,39337.332,35808.855,14.499999,14.499999,18.0,11.032987,23.039999,53.736774,11.05,1.7211808,250.38733,233.13306,701869.6,409958.25,135.79999,135.79999,361.0,153.74,24.42071,18
2025-01-19 16:00:00+00:00,361.0,18.103,12.653,14.68425,18.424183,11.573764,14.036721,39387.168,35565.953,7.1000004,7.1000004,18.0,12.96125,28.8,40.920635,14.52,2.247897,265.0716,247.16978,741256.8,445524.2,142.9,142.9,379.0,168.26001,26.668606,19
2025-01-20 16:00:00+00:00,361.0,16.903,11.603001,14.213417,16.137165,10.515999,13.382215,39438.145,35920.77,3.699999,3.699999,18.0,12.992459,36.36,36.737663,12.45,1.9001151,279.285,260.552,780694.94,481444.97,146.59999,146.59999,397.0,180.71,28.568722,20
2025-01-21 16:00:00+00:00,361.0,17.803,11.703,14.992581,18.755838,10.694803,15.265874,39490.184,17131.982,2.0000002,2.0000002,13.0,8.383054,21.96,23.670557,5.94,1.0937555,294.2776,275.81787,820185.1,498576.94,148.59999,148.59999,410.0,186.65001,29.662477,21
2025-01-22 16:00:00+00:00,361.0,20.903,13.303,16.95925,21.650288,13.561026,17.730425,39543.227,35945.03,18.1,18.1,13.0,12.710091,29.16,170.89749,13.8,2.213322,311.23685,293.5483,859728.4,534522.0,166.7,166.7,423.0,200.45001,31.8758,22
2025-01-23 16:00:00+00:00,361.0,19.903,14.253,16.653002,20.941912,14.267096,17.143652,39597.207,32130.996,7.2999997,7.2999997,18.0,10.564941,27.0,40.67244,11.62,1.8985314,327.88986,310.69196,899325.56,566653.0,174.0,174.0,441.0,212.07,33.77433,23
2025-01-24 16:00:00+00:00,361.0,19.153,13.353001,15.994666,19.641878,13.015457,16.010965,39652.06,34311.094,10.1,10.1,22.0,13.437455,34.92,33.612633,13.27,2.0155208,343.88452,326.7029,938977.6,600964.1,184.1,184.1,463.0,225.34001,35.789852,24
2025-01-25 16:00:00+00:00,361.0,17.403,13.103001,15.150916,17.178408,12.4278755,14.761926,39707.715,30714.975,15.800001,15.800001,24.0,15.013554,28.44,34.28135,9.69,1.5013028,359.03543,341.46484,978685.3,631679.1,199.90001,199.90001,487.0,235.03001,37.291157,25
2025-01-26 16:00:00+00:00,361.0,13.803,10.453,12.273833,12.886297,7.8282127,10.463698,39764.12,3600.0,24.600002,24.600002,24.0,18.183563,39.6,39.687145,3.62,0.53864336,371.30927,351.92853,1018449.44,635279.1,224.50002,224.50002,511.0,238.65001,37.8298,26
2025-01-27 16:00:00+00:00,361.0,13.253,10.403,11.538417,11.338539,7.570092,9.129429,39821.79,19629.578,4.1,4.1,22.0,17.077248,37.079998,42.952385,7.47,1.2720063,382.8477,361.05795,1058271.2,654908.7,228.60002,228.60002,533.0,246.12001,39.101807,27
2025-01-28 16:00:00+00:00,361.0,13.053,10.003,11.403,11.49083,8.057683,9.441867,39880.926,8034.1504,6.7000003,6.7000003,24.0,14.681866,34.2,45.118004,6.89,1.1043808,394.25067,370.49982,1098152.1,662942.8,235.30002,235.30002,557.0,253.01001,40.20619,28
2025-01-29 16:00:00+00:00,361.0,16.503,8.453,12.757167,15.780369,6.7623997,11.661373,39941.457,36051.45,3.7,3.7,19.0,10.441551,26.28,39.227406,13.59,2.0581357,407.00784,382.1612,1138093.6,698994.25,239.00002,239.00002,576.0,266.6,42.264324,29
2025-01-30 16:00:00+00:00,361.0,18.403,11.503,14.625918,19.941183,10.621434,14.980222,40003.29,13310.377,15.799999,15.799999,24.0,8.885877,21.599998,11.784143,4.79,0.901054,421.63376,397.14142,1178096.9,712304.6,254.80002,254.80002,600.0,271.39,43.16538,30
2025-01-31 16:00:00+00:00,361.0,19.853,15.553,17.661337,21.835949,16.204784,19.146902,40066.344,21622.465,18.400002,18.400002,23.0,8.0599,20.519999,55.79113,8.0,1.4150623,439.2951,416.28833,1218163.2,733927.06,273.2,273.2,623.0,279.39,44.58044,31
2025-02-01 16:00:00+00:00,361.0,19.203001,15.303,16.711334,20.10437,15.379278,17.289122,40130.53,32167.574,17.0,17.0,24.0,12.320471,32.760002,48.106594,11.72,1.7793907,456.00644,433.57745,1258293.8,766094.6,290.2,290.2,647.0,291.11002,46.359833,32
2025-02-02 16:00:00+00:00,361.0,17.003,12.603001,14.955083,16.871763,10.542197,14.486812,40195.773,27030.936,19.399998,19.399998,24.0,18.000898,40.32,42.230885,9.22,1.2915254,470.96152,448.06427,1298489.5,793125.56,309.6,309.6,671.0,300.33002,47.65136,33
2025-02-03 16:00:00+00:00,361.0,12.853001,10.653,11.719666,10.814581,8.163638,9.4987955,40261.992,8204.889,8.6,8.6,24.0,18.472595,41.399998,38.858658,5.28,0.89849484,482.68118,457.56308,1338751.5,801330.44,318.2,318.2,695.0,305.61002,48.549854,34
2025-02-04 16:00:00+00:00,361.0,13.753,9.903,11.6884165,12.526901,7.8493843,10.346923,40329.11,22331.195,9.599999,9.599999,24.0,13.33094,29.519999,54.264435,8.8,1.3074131,494.3696,467.91,1379080.6,823661.6,327.80002,327.80002,719.0,314.41,49.85727,35
2025-02-05 16:00:00+00:00,361.0,17.353,11.303,14.284248,17.763699,10.979649,14.531213,40397.04,29906.979,9.800001,9.800001,24.0,8.131936,19.08,71.56497,9.62,1.5541753,508.65384,482.44122,1419477.6,853568.6,337.6,337.6,743.0,324.03,51.411446,36
2025-02-06 16:00:00+00:00,361.0,17.303,11.653,14.32175,16.31379,9.058031,13.113982,40465.707,32228.414,6.3999996,6.3999996,21.0,20.81239,46.8,33.868137,13.14,1.8692023,522.9756,495.5552,1459943.4,885797.06,344.0,344.0,764.0,337.17,53.280647,37
2025-02-07 16:00:00+00:00,361.0,11.503,9.003,10.561333,8.792044,6.2822094,7.691391,40535.047,6687.6157,8.0,8.0,24.0,19.986485,45.719997,39.670013,6.73,0.9500832,533.5369,503.24658,1500478.4,892484.7,352.0,352.0,788.0,343.90002,54.230732,38
2025-02-08 16:00:00+00:00,361.0,12.503,9.153,10.892583,10.326047,6.764286,8.701278,40604.973,10553.666,8.6,8.6,24.0,15.914484,36.0,42.12275,7.63,1.0694624,544.4295,511.94785,1541083.4,903038.4,360.6,360.6,812.0,351.53003,55.300194,39
2025-02-09 16:00:00+00:00,361.0,16.203001,8.003,12.644666,15.621094,6.0522795,11.4150505,40675.418,36000.0,3.4999998,3.4999998,21.0,13.151091,28.44,43.77829,14.2,2.0820675,557.07416,523.3629,1581758.8,939038.4,364.1,364.1,833.0,365.73004,57.382263,40
2025-02-10 16:00:00+00:00,361.0,18.353,10.453,14.917584,19.601217,9.33924,15.182221,40746.305,33958.05,4.5,4.5,23.0,7.7588143,21.24,32.929424,11.08,1.829972,571.99176,538.54517,1622505.0,972996.44,368.6,368.6,856.0,376.81003,59.212234,41
2025-02-11 16:00:00+00:00,361.0,19.603,15.403,17.675917,21.974148,16.570448,19.540377,40817.56,0.0,29.999996,29.999996,24.0,4.846648,13.679999,158.03409,2.21,0.5491977,589.66766,558.0856,1663322.5,972996.44,398.6,398.6,880.0,379.02002,59.761433,42
2025-02-12 16:00:00+00:00,361.0,18.403,13.903,15.415502,20.013472,12.703724,14.846436,40889.125,0.0,50.899998,50.899998,24.0,20.436144,46.44,34.566143,3.02,0.516972,605.0832,572.932,1704211.6,972996.44,449.5,449.5,904.0,382.04,60.278404,43
2025-02-13 16:00:00+00:00,361.0,17.353,13.703,15.55925,18.148474,12.910257,15.554383,40960.918,8892.123,5.6999993,5.6999993,22.0,13.049689,30.239998,32.132534,6.12,1.0678695,620.64246,588.4864,1745172.5,981888.56,455.2,455.2,926.0,388.16,61.346275,44
2025-02-14 16:00:00+00:00,361.0,21.753,13.553,17.725918,24.062067,13.066044,18.938969,41032.88,34261.35,0.70000005,0.70000005,7.0,9.485504,22.68,29.339478,15.25,2.5538993,638.36835,607.42535,1786205.4,1016149.94,455.90002,455.90002,933.0,403.41,63.900173,45
2025-02-15 16:00:00+00:00,361.0,21.603,15.553,18.042583,22.864712,16.052206,18.661673,41104.945,36599.19,4.2999997,4.2999997,12.0,13.529966,29.519999,36.16965,15.38,2.525179,656.41095,626.08704,1827310.4,1052749.1,460.2,460.2,945.0,418.79,66.425354,46
2025-02-16 16:00:00+00:00,361.0,17.453001,13.753,15.411332,16.785269,12.664484,14.5274,41177.66,35838.676,3.6,3.6,18.0,16.641972,37.079998,40.92219,14.67,2.141738,671.82227,640.61444,1868488.0,1088587.8,463.80002,463.80002,963.0,433.46002,68.56709,47
2025-02-17 16:00:00+00:00,361.0,18.453,14.0529995,16.011332,17.616573,12.844769,15.14983,41237.137,22862.06,0.0,0.0,0.0,13.854155,29.88,18.77189,8.64,1.7557871,687.8336,655.7643,1909725.1,1111449.8,463.80002,463.80002,963.0,442.10004,70.32288,48
2025-02-18 16:00:00+00:00,361.0,17.503,15.003,16.02175,17.005032,14.43269,15.760318,41312.047,15004.133,0.0,0.0,0.0,11.609651,26.28,23.904068,6.42,1.3179104,703.85535,671.5246,1951037.1,1126453.9,463.80002,463.80002,963.0,448.52005,71.64079,49
2025-02-19 16:00:00+00:00,361.0,18.853,15.853,17.096748,20.174284,16.639542,18.322163,41387.715,14819.908,0.0,0.0,0.0,6.4096174,15.4800005,73.30072,6.06,1.1760365,720.9521,689.84674,1992424.9,1141273.8,463.80002,463.80002,963.0,454.58005,72.816826,50
2025-02-20 16:00:00+00:00,361.0,17.603,15.853,16.713419,18.448376,14.596783,16.763266,41464.086,2423.8408,0.3,0.0,1.0,15.277749,31.68,25.036827,2.12,0.7581568,737.6655,706.61,2033889.0,1143697.6,464.1,463.80002,964.0,456.70004,73.57498,51
2025-02-21 16:00:00+00:00,361.0,19.253,15.103,16.780085,18.833942,14.030451,16.439796,41541.074,18828.906,0.0,0.0,0.0,12.475961,27.0,10.9602995,8.31,1.7333034,754.4456,723.0498,2075430.1,1162526.5,464.1,463.80002,964.0,465.01004,75.30829,52
2025-02-22 16:00:00+00:00,361.0,18.853,15.503,16.617582,18.860003,13.773115,16.097183,41618.62,13499.934,0.0,0.0,0.0,16.75064,36.36,26.698816,5.51,1.3311745,771.0632,739.147,2117048.8,1176026.4,464.1,463.80002,964.0,470.52005,76.639465,53
2025-02-23 16:00:00+00:00,361.0,15.403,12.853,14.07175,13.528896,11.025455,12.038613,41696.66,741.91223,0.0,0.0,0.0,19.164717,42.12,21.244474,2.43,1.1267489,785.13495,751.1856,2158745.5,1176768.2,464.1,463.80002,964.0,472.95004,77.76621,54
2025-02-24 16:00:00+00:00,361.0,17.053,11.903,14.452999,16.434841,10.374323,13.758351,41775.125,25447.041,0.0,0.0,0.0,10.661107,22.68,17.126211,12.03,2.0425148,799.58795,764.944,2200520.5,1202215.2,464.1,463.80002,964.0,484.98004,79.80873,55
2025-02-25 16:00:00+00:00,361.0,19.053,13.103,16.002998,19.890333,12.788876,16.544346,41853.945,17984.652,0.70000005,0.0,5.0,7.208994,16.199999,359.99997,9.3,1.681906,815.59094,781.48834,2242374.5,1220199.9,464.80002,463.80002,969.0,494.28003,81.49064,56
2025-02-26 16:00:00+00:00,361.0,18.753,15.753,17.288416,20.682365,16.789457,18.705467,41933.055,317.59415,1.3000001,0.0,7.0,5.771239,12.959999,248.33397,4.04,0.8750512,832.87933,800.1938,2284307.5,1220517.5,466.1,463.80002,976.0,498.32004,82.36569,57
2025-02-27 16:00:00+00:00,361.0,22.553,16.503,19.169668,24.889652,17.569715,20.94256,42012.402,36006.004,0.0,0.0,0.0,7.7043357,18.72,46.218815,15.92,2.8229969,852.049,821.13635,2326320.0,1256523.5,466.1,463.80002,976.0,514.24005,85.18869,58
2025-02-28 16:00:00+00:00,361.0,22.703,15.353,19.152998,24.623545,15.549238,20.766462,42091.914,37121.668,0.0,0.0,0.0,8.669949,19.8,185.31444,15.08,2.6776516,871.202,841.90283,2368412.0,1293645.1,466.1,463.80002,976.0,529.32007,87.86634,59
2025-03-01 16:00:00+00:00,361.0,23.753,17.503,20.294668,26.083935,18.803988,22.480268,42171.527,37107.035,0.0,0.0,0.0,9.885262,24.48,190.74376,15.72,2.8151968,891.4967,864.3831,2410583.5,1330752.1,466.1,463.80002,976.0,545.04004,90.68153,60
2025-03-02 16:00:00+00:00,361.0,26.408,18.903,21.874878,30.227493,21.095531,24.912603,42251.188,36575.105,0.6,0.0,6.0,11.384198,15.84,168.36636,18.03,3.3380787,913.3716,889.2957,2452834.8,1367327.2,466.7,463.80002,982.0,563.07007,94.019615,61
2025-03-03 16:00:00+00:00,361.0,24.108,15.108,19.903835,26.514105,14.876299,21.69063,42330.824,39711.227,0.6,0.0,6.0,10.883676,28.08,58.812153,16.94,2.982297,933.2754,910.9863,2495165.5,1407038.5,467.30002,463.80002,988.0,580.0101,97.001915,62
2025-03-04 16:00:00+00:00,361.0,21.158,12.358,15.595501,21.23219,9.840818,14.380772,42410.387,39792.316,0.0,0.0,0.0,18.359999,41.399998,34.2219,22.1,3.5641768,948.8709,925.3671,2537576.0,1446830.9,467.30002,463.80002,988.0,602.11005,100.56609,63
2025-03-05 16:00:00+00:00,361.0,19.508001,10.608,14.830917,19.061928,9.020005,13.633061,42489.8,36683.895,0.0,0.0,0.0,14.05845,37.44,20.596807,16.66,2.9063017,963.70184,939.0002,2580065.8,1483514.8,467.30002,463.80002,988.0,618.77,103.4724,64
2025-03-06 16:00:00+00:00,361.0,22.108,13.707999,16.999668,23.602737,13.04932,17.105366,42569.01,37765.81,0.0,0.0,0.0,8.435069,21.599998,39.46309,18.46,3.195263,980.70154,956.1055,2622634.8,1521280.5,467.30002,463.80002,988.0,637.23004,106.66766,65
2025-03-07 16:00:00+00:00,361.0,23.108,13.757999,17.718416,23.952703,13.32316,17.55847,42647.973,37608.465,0.0,0.0,0.0,11.384199,25.56,22.275915,18.82,3.4636106,998.42,973.664,2665282.8,1558889.0,467.30002,463.80002,988.0,656.05005,110.13127,66
2025-03-08 16:00:00+00:00,361.0,23.758001,14.658,18.757998,25.279085,14.306156,19.542847,42727.188,39268.434,0.3,0.0,3.0,7.968939,18.359999,35.649765,17.58,3.2041728,1017.178,993.20685,2708010.0,1598157.4,467.6,463.80002,991.0,673.63007,113.33544,67
2025-03-09 16:00:00+00:00,361.0,23.808,17.408,19.185087,24.314135,18.764532,20.397305,42806.9,23734.465,0.0,0.0,0.0,8.0899935,10.08,99.210945,10.47,2.0359838,1036.363,1013.6041,2750817.0,1621891.9,467.6,463.80002,991.0,684.10004,115.37142,68
2025-03-10 16:00:00+00:00,361.0,24.908,18.458,,27.468647,19.295765,,42887.055,,,,0.0,7.729527,9.0,,,,,,2793704.0,,,,991.0,,,69
